geo_id,dl_speed,has_0,has_1,has_2,has_3more,has_access,total_pop,urban_pop,rural_pop,total_access_pop_percent,urban_access_pop_percent,rural_access_pop_percent
0500000US01001,25.0,0,0,10857,45012,55869,55869,31897,23972,1.0,1.0,1.0
0500000US01001,100.0,12669,9094,23389,10717,43200,55869,31897,23972,0.7732373946195564,0.9942314324231118,0.4791840480560654
0500000US01001,250.0,12850,10638,25206,7175,43019,55869,31897,23972,0.7699976731282107,0.9942314324231118,0.4716335725012515
0500000US01001,1000.0,46564,9305,0,0,9305,55869,31897,23972,0.16655032307719844,0.21362510580932376,0.10391289838144502
0500000US01003,25.0,0,33,36538,186659,223230,223230,122445,100785,1.0,1.0,1.0
0500000US01003,100.0,47188,91064,84854,124,176042,223230,122445,100785,0.7886126416700264,0.8692637510719098,0.6906285657587935
0500000US01003,250.0,62025,127834,33363,8,161205,223230,122445,100785,0.7221475608117188,0.8416513536689942,0.5769608572704271
0500000US01003,1000.0,189361,33869,0,0,33869,223230,122445,100785,0.1517224387403127,0.18622238556086407,0.10980800714392022
0500000US01005,100.0,7975,14569,2142,0,16711,24686,8363,16323,0.6769423965000405,1.0,0.5114255957850885
0500000US01005,250.0,23771,915,0,0,915,24686,8363,16323,0.03706554322287937,0.03371995695324644,0.038779636096305824
0500000US01005,1000.0,23771,915,0,0,915,24686,8363,16323,0.03706554322287937,0.03371995695324644,0.038779636096305824
0500000US01007,25.0,0,0,14851,7543,22394,22394,7001,15393,1.0,1.0,1.0
0500000US01007,100.0,17970,4379,45,0,4424,22394,7001,15393,0.19755291595963204,0.1699757177546065,0.2100954979536153
0500000US01007,250.0,19955,2439,0,0,2439,22394,7001,15393,0.10891310172367598,0.10584202256820455,0.11030988111479244
0500000US01007,1000.0,20086,2308,0,0,2308,22394,7001,15393,0.10306332053228544,0.09941436937580346,0.1047229260053271
0500000US01009,25.0,0,0,13992,43834,57826,57826,5755,52071,1.0,1.0,1.0
0500000US01009,100.0,30236,20670,6920,0,27590,57826,5755,52071,0.4771210182270951,0.5099913119026933,0.47348812198728657
0500000US01009,250.0,33534,22520,1772,0,24292,57826,5755,52071,0.42008784975616503,0.486359687228497,0.4127633423594707
0500000US01009,1000.0,56799,1027,0,0,1027,57826,5755,52071,0.017760177082973057,0.0,0.019723070423076184
0500000US01011,25.0,0,0,643,9458,10101,10101,4544,5557,1.0,1.0,1.0
0500000US01011,100.0,8022,2079,0,0,2079,10101,4544,5557,0.20582120582120583,0.316681338028169,0.11517005578549577
0500000US01011,250.0,8281,1820,0,0,1820,10101,4544,5557,0.18018018018018017,0.316681338028169,0.06856217383480295
0500000US01011,1000.0,8281,1820,0,0,1820,10101,4544,5557,0.18018018018018017,0.316681338028169,0.06856217383480295
0500000US01013,100.0,7093,11226,1129,0,12355,19448,5559,13889,0.6352838338132456,1.0,0.48930808553531574
0500000US01013,250.0,16648,2700,100,0,2800,19448,5559,13889,0.1439736733854381,0.06080230257240511,0.1772625818993448
0500000US01013,1000.0,19316,132,0,0,132,19448,5559,13889,0.006787330316742082,0.005756431012772081,0.0071999424004607964
0500000US01015,25.0,0,0,7976,105629,113605,113605,75785,37820,1.0,1.0,1.0
0500000US01015,100.0,9545,67712,35865,483,104060,113605,75785,37820,0.9159808107037543,0.9795605990631392,0.7885774722369117
0500000US01015,250.0,10080,87560,15690,275,103525,113605,75785,37820,0.9112715109370186,0.9795605990631392,0.7744315177154945
0500000US01015,1000.0,97929,15676,0,0,15676,113605,75785,37820,0.1379868843800889,0.17379428646829848,0.06623479640401904
0500000US01017,25.0,0,0,5146,28108,33254,33254,17038,16216,1.0,1.0,1.0
0500000US01017,100.0,5959,6487,20607,201,27295,33254,17038,16216,0.8208035123594154,0.999295691982627,0.6332634435125801
0500000US01017,250.0,5959,6487,20607,201,27295,33254,17038,16216,0.8208035123594154,0.999295691982627,0.6332634435125801
0500000US01017,1000.0,33053,201,0,0,201,33254,17038,16216,0.006044385637818007,0.011797159290996596,0.0
0500000US01019,25.0,0,0,284,25912,26196,26196,3665,22531,1.0,1.0,1.0
0500000US01019,100.0,14775,10318,1103,0,11421,26196,3665,22531,0.43598259276225376,0.8384720327421555,0.3705117393812969
0500000US01019,250.0,20598,5598,0,0,5598,26196,3665,22531,0.21369674759505267,0.6537517053206002,0.14211530779814477
0500000US01019,1000.0,26003,193,0,0,193,26196,3665,22531,0.007367537028553977,0.0,0.008565975766721407
0500000US01021,25.0,0,1,16237,28186,44424,44424,5838,38586,1.0,1.0,1.0
0500000US01021,100.0,27279,15685,1460,0,17145,44424,5838,38586,0.38594003241491087,0.42548818088386436,0.3799564608925517
0500000US01021,250.0,40878,3546,0,0,3546,44424,5838,38586,0.07982171799027553,0.08701610140459061,0.07873321930233763
0500000US01021,1000.0,43916,508,0,0,508,44424,5838,38586,0.011435260219701062,0.08701610140459061,0.0
0500000US01025,25.0,0,0,10430,13192,23622,23622,5789,17833,1.0,1.0,1.0
0500000US01025,100.0,11463,12159,0,0,12159,23622,5789,17833,0.5147320294640589,0.9602694765935395,0.3701003757079572
0500000US01025,250.0,13473,10149,0,0,10149,23622,5789,17833,0.42964185928371856,0.9602694765935395,0.25738798856053385
0500000US01025,1000.0,22941,681,0,0,681,23622,5789,17833,0.028829057658115317,0.0,0.038187629675321036
0500000US01031,100.0,5482,18324,25493,3041,46858,52340,26998,25342,0.8952617500955292,1.0,0.7836792676189724
0500000US01031,250.0,15429,36842,69,0,36911,52340,26998,25342,0.7052158960641957,0.7430550411141567,0.664904111751243
0500000US01031,1000.0,16121,36219,0,0,36219,52340,26998,25342,0.6919946503630111,0.7430550411141567,0.6375976639570673
0500000US01033,25.0,0,3,8807,46431,55241,55241,30863,24378,1.0,1.0,1.0
0500000US01033,100.0,12903,27563,14775,0,42338,55241,30863,24378,0.7664234897992434,0.980138029355539,0.4958569201739273
0500000US01033,250.0,48071,7119,51,0,7170,55241,30863,24378,0.12979489871653302,0.1719858730518744,0.07638034293215194
0500000US01033,1000.0,49791,5450,0,0,5450,55241,30863,24378,0.09865860502163248,0.15630366458218578,0.025678890803183196
0500000US01035,25.0,0,0,6731,5336,12067,12067,1627,10440,1.0,1.0,1.0
0500000US01035,100.0,8447,3620,0,0,3620,12067,1627,10440,0.2999917129361067,0.9852489244007375,0.1931992337164751
0500000US01035,250.0,8473,3594,0,0,3594,12067,1627,10440,0.2978370763238585,0.9852489244007375,0.1907088122605364
0500000US01035,1000.0,12067,0,0,0,0,12067,1627,10440,0.0,0.0,0.0
0500000US01039,25.0,0,2,6162,30885,37049,37049,11197,25852,1.0,1.0,1.0
0500000US01039,100.0,8895,27958,196,0,28154,37049,11197,25852,0.7599125482469162,0.9647226935786372,0.6712053226056011
0500000US01039,250.0,11446,25416,187,0,25603,37049,11197,25852,0.691057788334368,0.9647226935786372,0.5725282376605292
0500000US01039,1000.0,36862,187,0,0,187,37049,11197,25852,0.005047369699587034,0.009824060016075735,0.002978492959925731
0500000US01043,25.0,0,0,18133,65635,83768,83768,22293,61475,1.0,1.0,1.0
0500000US01043,100.0,21818,47946,14004,0,61950,83768,22293,61475,0.7395425460796485,0.997488000717714,0.6460024400162667
0500000US01043,250.0,24604,58573,591,0,59164,83768,22293,61475,0.7062840225384395,0.997488000717714,0.600683204554697
0500000US01043,1000.0,83083,685,0,0,685,83768,22293,61475,0.008177346958265686,0.020275422778450635,0.0037901586010573403
0500000US01045,25.0,0,0,2563,46609,49172,49172,23731,25441,1.0,1.0,1.0
0500000US01045,100.0,2772,29346,16578,476,46400,49172,23731,25441,0.9436264540795575,0.9999157220513253,0.891120632050627
0500000US01045,250.0,11170,38002,0,0,38002,49172,23731,25441,0.7728382006019686,0.8814630651889933,0.671514484493534
0500000US01045,1000.0,11170,38002,0,0,38002,49172,23731,25441,0.7728382006019686,0.8814630651889933,0.671514484493534
0500000US01047,25.0,0,0,8790,28406,37196,37196,20157,17039,1.0,1.0,1.0
0500000US01047,100.0,9067,28129,0,0,28129,37196,20157,17039,0.7562372298096569,0.9976683038150519,0.47062621045836023
0500000US01047,250.0,9137,28059,0,0,28059,37196,20157,17039,0.7543553070222605,0.9976683038150519,0.4665179881448442
0500000US01047,1000.0,37196,0,0,0,0,37196,20157,17039,0.0,0.0,0.0
0500000US01049,250.0,7258,42968,21287,0,64255,71513,6975,64538,0.8985079635870401,1.0,0.8875391242368837
0500000US01049,1000.0,17365,54148,0,0,54148,71513,6975,64538,0.7571770167661823,0.8151971326164874,0.7509064427159193
0500000US01051,25.0,0,0,5946,75263,81209,81209,36639,44570,1.0,1.0,1.0
0500000US01051,100.0,6802,54677,18592,1138,74407,81209,36639,44570,0.9162408107475772,0.9983624007205437,0.8487323311644605
0500000US01051,250.0,8293,60408,12003,505,72916,81209,36639,44570,0.8978807767611964,0.9983624007205437,0.8152793358761499
0500000US01051,1000.0,69744,11465,0,0,11465,81209,36639,44570,0.1411789333694541,0.20691066895930565,0.08714381871213821
0500000US01053,25.0,0,0,9255,27378,36633,36633,13602,23031,1.0,1.0,1.0
0500000US01053,100.0,12459,24098,76,0,24174,36633,13602,23031,0.6598968143477193,0.9921335097779739,0.46367938865008035
0500000US01053,250.0,14673,21960,0,0,21960,36633,13602,23031,0.5994595037261485,0.9524334656668137,0.39099474621162783
0500000US01053,1000.0,36633,0,0,0,0,36633,13602,23031,0.0,0.0,0.0
0500000US01055,25.0,0,0,4975,97293,102268,102268,63681,38587,1.0,1.0,1.0
0500000US01055,100.0,7512,67966,25297,1493,94756,102268,63681,38587,0.9265459381233622,0.99114335516088,0.8199393578148081
0500000US01055,250.0,7941,75310,17685,1332,94327,102268,63681,38587,0.9223510775609184,0.99114335516088,0.8088216238629591
0500000US01055,1000.0,86100,16168,0,0,16168,102268,63681,38587,0.15809441858645912,0.21847960930261773,0.058439370772539974
0500000US01057,25.0,0,0,13060,3242,16302,16302,2812,13490,1.0,1.0,1.0
0500000US01057,100.0,15136,1166,0,0,1166,16302,2812,13490,0.07152496626180836,0.0,0.08643439584877687
0500000US01057,250.0,15136,1166,0,0,1166,16302,2812,13490,0.07152496626180836,0.0,0.08643439584877687
0500000US01057,1000.0,15146,1156,0,0,1156,16302,2812,13490,0.07091154459575512,0.0,0.08569310600444774
0500000US01059,25.0,0,0,10650,20712,31362,31362,9303,22059,1.0,1.0,1.0
0500000US01059,100.0,13781,17390,191,0,17581,31362,9303,22059,0.5605828709903705,0.999462538965925,0.37549299605603154
0500000US01059,250.0,13781,17500,81,0,17581,31362,9303,22059,0.5605828709903705,0.999462538965925,0.37549299605603154
0500000US01059,1000.0,31341,21,0,0,21,31362,9303,22059,0.0006696001530514636,0.0,0.0009519923840609275
0500000US01061,25.0,0,0,10625,15646,26271,26271,2744,23527,1.0,1.0,1.0
0500000US01061,100.0,11302,14592,377,0,14969,26271,2744,23527,0.5697917856191238,0.9996355685131195,0.5196582649721596
0500000US01061,250.0,24399,1872,0,0,1872,26271,2744,23527,0.07125727989037342,0.0,0.07956815573596293
0500000US01061,1000.0,24399,1872,0,0,1872,26271,2744,23527,0.07125727989037342,0.0,0.07956815573596293
0500000US01065,250.0,7578,6957,116,0,7073,14651,1476,13175,0.4827656815234455,1.0,0.42481973434535103
0500000US01065,1000.0,14651,0,0,0,0,14651,1476,13175,0.0,0.0,0.0
0500000US01067,25.0,0,0,6185,11020,17205,17205,2098,15107,1.0,1.0,1.0
0500000US01067,100.0,8291,8762,79,73,8914,17205,2098,15107,0.5181052019761697,0.9432793136320305,0.45905871450321045
0500000US01067,250.0,17132,73,0,0,73,17205,2098,15107,0.0042429526300494045,0.03479504289799809,0.0
0500000US01067,1000.0,17132,73,0,0,73,17205,2098,15107,0.0042429526300494045,0.03479504289799809,0.0
0500000US01069,25.0,0,1,13406,92475,105882,105882,69361,36521,1.0,1.0,1.0
0500000US01069,100.0,23435,33897,35491,13059,82447,105882,69361,36521,0.7786687066734667,0.9740343997347213,0.4076284877193943
0500000US01069,250.0,87044,18838,0,0,18838,105882,69361,36521,0.17791503749456944,0.21473162151641412,0.10799266175624983
0500000US01069,1000.0,87044,18838,0,0,18838,105882,69361,36521,0.17791503749456944,0.21473162151641412,0.10799266175624983
0500000US01071,250.0,3545,23535,23391,1155,48081,51626,11411,40215,0.9313330492387557,1.0,0.9118488126321025
0500000US01071,1000.0,4190,46294,988,154,47436,51626,11411,40215,0.918839344516329,0.9720445184471125,0.9037423846823325
0500000US01073,25.0,0,0,6221,652352,658573,658573,593306,65267,1.0,1.0,1.0
0500000US01073,100.0,10031,251725,391721,5096,648542,658573,593306,65267,0.9847685829816892,0.9977482108726357,0.86677800419814
0500000US01073,250.0,12560,409577,232102,4334,646013,658573,593306,65267,0.9809284619928239,0.9971953764162169,0.8330549895046502
0500000US01073,1000.0,424224,234349,0,0,234349,658573,593306,65267,0.3558436194620794,0.37359305316312325,0.1944933886956655
0500000US01077,25.0,0,0,16946,75783,92729,92729,46502,46227,1.0,1.0,1.0
0500000US01077,100.0,22314,43534,26797,84,70415,92729,46502,46227,0.7593633059776338,0.9659154444970108,0.5515824085491163
0500000US01077,250.0,76099,15236,1394,0,16630,92729,46502,46227,0.17933979661163174,0.16947658165240204,0.18926168689294134
0500000US01077,1000.0,79563,13166,0,0,13166,92729,46502,46227,0.14198362971670137,0.16947658165240204,0.1143271248404612
0500000US01079,250.0,15985,16939,0,0,16939,32924,2501,30423,0.5144879115538816,1.0,0.4745751569536206
0500000US01079,1000.0,32924,0,0,0,0,32924,2501,30423,0.0,0.0,0.0
0500000US01081,25.0,0,3,6065,158474,164542,164542,114655,49887,1.0,1.0,1.0
0500000US01081,100.0,32917,55329,50390,25906,131625,164542,114655,49887,0.7999477337093265,0.833395839692992,0.7230741475735162
0500000US01081,250.0,38707,50957,53075,21803,125835,164542,114655,49887,0.7647591496396057,0.7909903623915224,0.7044721069617336
0500000US01081,1000.0,109178,48880,6484,0,55364,164542,114655,49887,0.33647336242418346,0.40618376869739653,0.17625834385711708
0500000US01083,25.0,0,19,9097,89786,98902,98902,39730,59172,1.0,1.0,1.0
0500000US01083,100.0,10155,33800,34105,20842,88747,98902,39730,59172,0.8973226021718469,0.9915932544676567,0.8340262286216453
0500000US01083,250.0,11079,41430,37178,9215,87823,98902,39730,59172,0.8879800206264787,0.9913667253964259,0.8185628337727303
0500000US01083,1000.0,78586,19985,331,0,20316,98902,39730,59172,0.2054154617702372,0.18930279385854518,0.21623402960859867
0500000US01087,25.0,0,0,6060,11266,17326,17326,6524,10802,1.0,1.0,1.0
0500000US01087,100.0,7066,10260,0,0,10260,17326,6524,10802,0.5921736119127323,0.9901900674432863,0.3517867061655249
0500000US01087,250.0,7066,10260,0,0,10260,17326,6524,10802,0.5921736119127323,0.9901900674432863,0.3517867061655249
0500000US01087,1000.0,17296,30,0,0,30,17326,6524,10802,0.0017315017892185155,0.0,0.002777263469727828
0500000US01089,25.0,0,12,13263,359615,372890,372890,302728,70162,1.0,1.0,1.0
0500000US01089,100.0,15896,64814,85213,206967,356994,372890,302728,70162,0.9573708064040334,0.9671189979123174,0.9153102819189874
0500000US01089,250.0,16145,75452,79592,201701,356745,372890,302728,70162,0.9567030491565878,0.9667820617848365,0.9132151306975286
0500000US01089,1000.0,92503,155404,124305,678,280387,372890,302728,70162,0.7519295234519563,0.7982413255463651,0.5521079786779168
0500000US01091,25.0,0,0,15663,3200,18863,18863,5392,13471,1.0,1.0,1.0
0500000US01091,100.0,16055,2800,8,0,2808,18863,5392,13471,0.14886285320468642,0.0,0.20844777670551556
0500000US01091,250.0,16055,2808,0,0,2808,18863,5392,13471,0.14886285320468642,0.0,0.20844777670551556
0500000US01091,1000.0,18133,730,0,0,730,18863,5392,13471,0.038700100726289564,0.0,0.05419048326033702
0500000US01093,25.0,0,0,5225,24484,29709,29709,3181,26528,1.0,1.0,1.0
0500000US01093,100.0,6575,20032,3102,0,23134,29709,3181,26528,0.7786865932882292,0.9641622131405219,0.7564460193003619
0500000US01093,250.0,6575,20201,2933,0,23134,29709,3181,26528,0.7786865932882292,0.9641622131405219,0.7564460193003619
0500000US01093,1000.0,6616,23093,0,0,23093,29709,3181,26528,0.7773065401056919,0.9641622131405219,0.7549004825090471
0500000US01095,25.0,0,1,3889,92882,96772,96772,44946,51826,1.0,1.0,1.0
0500000US01095,100.0,4231,50243,33558,8740,92541,96772,44946,51826,0.9562786756499814,0.9959951942330797,0.9218346003936249
0500000US01095,250.0,4231,53274,32374,6893,92541,96772,44946,51826,0.9562786756499814,0.9959951942330797,0.9218346003936249
0500000US01095,1000.0,62533,27975,6264,0,34239,96772,44946,51826,0.3538110197164469,0.4596404574378143,0.26203064099100837
0500000US01097,25.0,0,0,26874,386336,413210,413210,329932,83278,1.0,1.0,1.0
0500000US01097,100.0,35412,122351,202889,52558,377798,413210,329932,83278,0.914300234747465,0.9648533637234339,0.7140181080237278
0500000US01097,250.0,39990,179903,159222,34095,373220,413210,329932,83278,0.9032211224316933,0.9595583332323024,0.6800235356276567
0500000US01097,1000.0,245580,167630,0,0,167630,413210,329932,83278,0.4056775005445173,0.4780530533564492,0.11893897547971853
0500000US01099,25.0,0,0,2147,18586,20733,20733,4035,16698,1.0,1.0,1.0
0500000US01099,100.0,10153,10580,0,0,10580,20733,4035,16698,0.510297593208894,0.9796778190830235,0.3968738771110313
0500000US01099,250.0,10260,10473,0,0,10473,20733,4035,16698,0.5051367385327739,0.9796778190830235,0.390465924062762
0500000US01099,1000.0,20733,0,0,0,0,20733,4035,16698,0.0,0.0,0.0
0500000US01101,25.0,0,0,5684,220801,226485,226485,201973,24512,1.0,1.0,1.0
0500000US01101,100.0,5698,25945,88456,106386,220787,226485,201973,24512,0.974841600989028,0.9956677377669293,0.803239229765013
0500000US01101,250.0,7727,25202,114137,79419,218758,226485,201973,24512,0.9658829503057598,0.9956677377669293,0.7204634464751958
0500000US01101,1000.0,142826,73987,9672,0,83659,226485,201973,24512,0.36937987063160915,0.3921860842785917,0.1814621409921671
0500000US01103,25.0,0,1,9966,109709,119676,119676,73160,46516,1.0,1.0,1.0
0500000US01103,100.0,11736,45842,45446,16652,107940,119676,73160,46516,0.901935225107791,0.9972115910333516,0.7520853039814257
0500000US01103,250.0,12172,68043,29574,9887,107504,119676,73160,46516,0.8982920552157492,0.9972115910333516,0.7427121850546049
0500000US01103,1000.0,96807,22869,0,0,22869,119676,73160,46516,0.19109094555299308,0.2735101148168398,0.06146272250408462
0500000US01109,25.0,0,0,2471,30643,33114,33114,15319,17795,1.0,1.0,1.0
0500000US01109,100.0,2577,29693,844,0,30537,33114,15319,17795,0.9221779307845624,0.9972583066779815,0.8575442540039336
0500000US01109,250.0,2903,30211,0,0,30211,33114,15319,17795,0.9123331521410883,0.9972583066779815,0.8392245012644001
0500000US01109,1000.0,2903,30211,0,0,30211,33114,15319,17795,0.9123331521410883,0.9972583066779815,0.8392245012644001
0500000US01111,250.0,12552,7263,2907,0,10170,22722,4120,18602,0.4475838394507526,1.0,0.3252338458230298
0500000US01111,1000.0,22722,0,0,0,0,22722,4120,18602,0.0,0.0,0.0
0500000US01113,25.0,0,0,6207,51754,57961,57961,35282,22679,1.0,1.0,1.0
0500000US01113,100.0,40618,17343,0,0,17343,57961,35282,22679,0.2992184399855075,0.3697919619069214,0.18942634154945104
0500000US01113,250.0,46183,11778,0,0,11778,57961,35282,22679,0.20320560376805094,0.24411881412618333,0.13955641783147404
0500000US01113,1000.0,46738,11223,0,0,11223,57961,35282,22679,0.19363019961698383,0.23150615044498613,0.13470611578993782
0500000US01115,25.0,0,2,9832,79677,89511,89511,23810,65701,1.0,1.0,1.0
0500000US01115,100.0,22024,35990,29276,2221,67487,89511,23810,65701,0.753952028242339,0.7921041579168416,0.7401257210696945
0500000US01115,250.0,45348,29784,14379,0,44163,89511,23810,65701,0.493380701813185,0.5414111717765645,0.47597449049481744
0500000US01115,1000.0,73286,16225,0,0,16225,89511,23810,65701,0.18126263811151702,0.21965560688786223,0.16734905100378988
0500000US01117,25.0,0,4,9892,207802,217698,217698,162024,55674,1.0,1.0,1.0
0500000US01117,100.0,17848,80677,117682,1491,199850,217698,162024,55674,0.9180148646289814,0.9905692983755493,0.7068649638969716
0500000US01117,250.0,22412,136793,58493,0,195286,217698,162024,55674,0.8970500418010271,0.9868414555868267,0.6357366095484427
0500000US01117,1000.0,156246,61452,0,0,61452,217698,162024,55674,0.28228095802441916,0.31236730360934184,0.19472285088191973
0500000US01121,25.0,0,1,15023,64954,79978,79978,34686,45292,1.0,1.0,1.0
0500000US01121,100.0,19432,50755,9479,312,60546,79978,34686,45292,0.7570331841256346,0.9985296661477253,0.5720877859224587
0500000US01121,250.0,21684,50886,7366,42,58294,79978,34686,45292,0.7288754407462052,0.9985296661477253,0.5223659807471518
0500000US01121,1000.0,72389,7547,42,0,7589,79978,34686,45292,0.09488859436344994,0.15441388456437755,0.04930230504283317
0500000US01123,25.0,0,0,3356,37011,40367,40367,10411,29956,1.0,1.0,1.0
0500000US01123,100.0,3561,35474,1332,0,36806,40367,10411,29956,0.911784378328833,0.9996157909902987,0.8812591801308586
0500000US01123,250.0,3619,35854,894,0,36748,40367,10411,29956,0.9103475611266628,0.9996157909902987,0.8793230070770464
0500000US01123,1000.0,39471,896,0,0,896,40367,10411,29956,0.02219634850248966,0.0694457785035059,0.005775136867405528
0500000US01125,25.0,0,0,16160,193195,209355,209355,152866,56489,1.0,1.0,1.0
0500000US01125,100.0,18426,90832,87957,12140,190929,209355,152866,56489,0.9119868166511428,0.9551371789672001,0.7952167678663102
0500000US01125,250.0,19228,134960,50003,5164,190127,209355,152866,56489,0.9081560029614769,0.9531288841207332,0.7864539998937846
0500000US01125,1000.0,162395,46091,869,0,46960,209355,152866,56489,0.2243079935993886,0.2697918438370861,0.10122324700384146
0500000US01127,25.0,0,0,14454,49067,63521,63521,16256,47265,1.0,1.0,1.0
0500000US01127,100.0,16293,33268,13960,0,47228,63521,16256,47265,0.7435021488956408,0.9982775590551181,0.6558764413413731
0500000US01127,250.0,16532,45820,1169,0,46989,63521,16256,47265,0.7397396136710694,0.9981545275590551,0.6508621601607956
0500000US01127,1000.0,62239,1282,0,0,1282,63521,16256,47265,0.020182301915901826,0.017101377952755906,0.02124193377763673
0500000US01133,25.0,0,0,8808,14821,23629,23629,3460,20169,1.0,1.0,1.0
0500000US01133,100.0,14494,8562,573,0,9135,23629,3460,20169,0.386601210377079,0.996242774566474,0.2820169567157519
0500000US01133,250.0,15404,8225,0,0,8225,23629,3460,20169,0.3480892124084811,0.996242774566474,0.23689821012444842
0500000US01133,1000.0,17098,6531,0,0,6531,23629,3460,20169,0.276397646959245,0.996242774566474,0.1529079280083296
0500000US02020,25.0,0,0,891,287109,288000,288000,275119,12881,1.0,1.0,1.0
0500000US02020,100.0,4268,276165,7475,92,283732,288000,275119,12881,0.9851805555555555,0.9942897437109033,0.7906218461299589
0500000US02020,250.0,4268,276780,6952,0,283732,288000,275119,12881,0.9851805555555555,0.9942897437109033,0.7906218461299589
0500000US02020,1000.0,282595,5405,0,0,5405,288000,275119,12881,0.01876736111111111,0.016491045692954686,0.0673860725098983
0500000US02050,10.0,493,16749,1144,0,17893,18386,4597,13789,0.973186119873817,1.0,0.9642468634418739
0500000US02050,25.0,18381,5,0,0,5,18386,4597,13789,0.00027194604590449257,0.0,0.0003626078758430633
0500000US02050,100.0,18386,0,0,0,0,18386,4597,13789,0.0,0.0,0.0
0500000US02050,250.0,18386,0,0,0,0,18386,4597,13789,0.0,0.0,0.0
0500000US02050,1000.0,18386,0,0,0,0,18386,4597,13789,0.0,0.0,0.0
0500000US02090,0.2,0,620,5041,91188,96849,96849,66924,29925,1.0,1.0,1.0
0500000US02090,4.0,744,7827,43581,44697,96105,96849,66924,29925,0.9923179382337454,0.9993873647719802,0.9765079365079365
0500000US02090,10.0,7290,35893,53666,0,89559,96849,66924,29925,0.9247281851129078,0.9899438168668938,0.7788805346700084
0500000US02090,25.0,10072,63237,23540,0,86777,96849,66924,29925,0.8960030563041436,0.9837875799414261,0.6996825396825397
0500000US02090,100.0,13234,83598,17,0,83615,96849,66924,29925,0.8633542937975611,0.9818450779989242,0.5983625730994152
0500000US02090,250.0,13234,83598,17,0,83615,96849,66924,29925,0.8633542937975611,0.9818450779989242,0.5983625730994152
0500000US02090,1000.0,96849,0,0,0,0,96849,66924,29925,0.0,0.0,0.0
0500000US02110,25.0,0,0,232,31742,31974,31974,25063,6911,1.0,1.0,1.0
0500000US02110,100.0,241,31728,5,0,31733,31974,25063,6911,0.9924626258835304,0.9996808043729801,0.9662856316017943
0500000US02110,250.0,241,31728,5,0,31733,31974,25063,6911,0.9924626258835304,0.9996808043729801,0.9662856316017943
0500000US02110,1000.0,31974,0,0,0,0,31974,25063,6911,0.0,0.0,0.0
0500000US02122,100.0,2699,17521,32560,5928,56009,58708,11751,46957,0.9540267084554064,1.0,0.942521881721575
0500000US02122,250.0,12310,40470,5928,0,46398,58708,11751,46957,0.7903181849151734,0.9880861203301846,0.7408267138019891
0500000US02122,1000.0,58708,0,0,0,0,58708,11751,46957,0.0,0.0,0.0
0500000US02130,25.0,0,146,342,13413,13901,13901,10603,3298,1.0,1.0,1.0
0500000US02130,100.0,148,340,13413,0,13753,13901,10603,3298,0.9893532839364074,0.9997170612090918,0.9560339599757429
0500000US02130,250.0,148,340,13413,0,13753,13901,10603,3298,0.9893532839364074,0.9997170612090918,0.9560339599757429
0500000US02130,1000.0,13901,0,0,0,0,13901,10603,3298,0.0,0.0,0.0
0500000US02150,250.0,2010,10988,0,0,10988,12998,8719,4279,0.845360824742268,1.0,0.5302640803926151
0500000US02150,1000.0,12998,0,0,0,0,12998,8719,4279,0.0,0.0,0.0
0500000US02170,25.0,136,2251,18498,87432,108181,108317,49391,58926,0.9987444260827018,1.0,0.9976920205002885
0500000US02170,100.0,25660,55263,27394,0,82657,108317,49391,58926,0.7631027447215118,0.9857058978356381,0.5765197026779351
0500000US02170,250.0,26796,55507,26014,0,81521,108317,49391,58926,0.7526150096476084,0.9857058978356381,0.5572412856803448
0500000US02170,1000.0,72534,35783,0,0,35783,108317,49391,58926,0.3303544226668021,0.27065659735579356,0.38039235651495096
0500000US02180,0.2,0,135,3275,6594,10004,10004,3267,6737,1.0,1.0,1.0
0500000US02180,4.0,4060,2694,3211,39,5944,10004,3267,6737,0.5941623350659736,0.9996939087848179,0.3975063084458958
0500000US02180,10.0,4060,2694,3211,39,5944,10004,3267,6737,0.5941623350659736,0.9996939087848179,0.3975063084458958
0500000US02180,25.0,5145,4859,0,0,4859,10004,3267,6737,0.4857057177129148,0.977961432506887,0.24699421107317798
0500000US02180,100.0,10004,0,0,0,0,10004,3267,6737,0.0,0.0,0.0
0500000US02180,250.0,10004,0,0,0,0,10004,3267,6737,0.0,0.0,0.0
0500000US02180,1000.0,10004,0,0,0,0,10004,3267,6737,0.0,0.0,0.0
0500000US02185,10.0,2451,6681,700,0,7381,9832,3845,5987,0.7507119609438568,1.0,0.5906129948221146
0500000US02185,25.0,9772,60,0,0,60,9832,3845,5987,0.006102522375915379,0.015604681404421327,0.0
0500000US02185,100.0,9832,0,0,0,0,9832,3845,5987,0.0,0.0,0.0
0500000US02185,250.0,9832,0,0,0,0,9832,3845,5987,0.0,0.0,0.0
0500000US02185,1000.0,9832,0,0,0,0,9832,3845,5987,0.0,0.0,0.0
0500000US02188,25.0,2369,5190,62,0,5252,7621,3215,4406,0.689148405721034,1.0,0.4623241034952338
0500000US02188,100.0,7559,62,0,0,62,7621,3215,4406,0.008135415299829418,0.019284603421461897,0.0
0500000US02188,250.0,7559,62,0,0,62,7621,3215,4406,0.008135415299829418,0.019284603421461897,0.0
0500000US02188,1000.0,7621,0,0,0,0,7621,3215,4406,0.0,0.0,0.0
0500000US02220,250.0,195,8298,0,0,8298,8493,6694,1799,0.9770399152243023,1.0,0.8916064480266815
0500000US02220,1000.0,8493,0,0,0,0,8493,6694,1799,0.0,0.0,0.0
0500000US04001,25.0,0,0,55322,16564,71886,71886,17235,54651,1.0,1.0,1.0
0500000US04001,100.0,71709,177,0,0,177,71886,17235,54651,0.0024622318671229447,0.002668987525384392,0.00239702841668039
0500000US04001,250.0,71886,0,0,0,0,71886,17235,54651,0.0,0.0,0.0
0500000US04001,1000.0,71886,0,0,0,0,71886,17235,54651,0.0,0.0,0.0
0500000US04003,25.0,0,0,29763,96159,125922,125922,78891,47031,1.0,1.0,1.0
0500000US04003,100.0,41509,81412,3001,0,84413,125922,78891,47031,0.6703594288527819,0.925390728980492,0.24256341561948502
0500000US04003,250.0,58600,67187,135,0,67322,125922,78891,47031,0.5346325503089214,0.7203736801409539,0.2230656375582063
0500000US04003,1000.0,125922,0,0,0,0,125922,78891,47031,0.0,0.0,0.0
0500000US04005,25.0,0,0,43402,100074,143476,143476,93014,50462,1.0,1.0,1.0
0500000US04005,100.0,70178,56033,17265,0,73298,143476,93014,50462,0.5108728986032507,0.6654589631668351,0.22593238476477348
0500000US04005,250.0,80655,61112,1709,0,62821,143476,93014,50462,0.437850232791547,0.5800632162900209,0.17571638064285997
0500000US04005,1000.0,142629,847,0,0,847,143476,93014,50462,0.005903426357021384,4.300427892575311e-05,0.016705639887440053
0500000US04007,25.0,0,0,14095,39923,54018,54018,31562,22456,1.0,1.0,1.0
0500000US04007,100.0,17803,35948,267,0,36215,54018,31562,22456,0.6704246732570625,0.8386033838159812,0.43404880655504097
0500000US04007,250.0,37091,16927,0,0,16927,54018,31562,22456,0.3133585101262542,0.4301375071288258,0.1492251514071963
0500000US04007,1000.0,54018,0,0,0,0,54018,31562,22456,0.0,0.0,0.0
0500000US04009,25.0,0,0,9299,29538,38837,38837,20028,18809,1.0,1.0,1.0
0500000US04009,100.0,11214,18016,9607,0,27623,38837,20028,18809,0.7112547313129233,0.9482224885160775,0.4589292360040406
0500000US04009,250.0,11214,18016,9607,0,27623,38837,20028,18809,0.7112547313129233,0.9482224885160775,0.4589292360040406
0500000US04009,1000.0,38837,0,0,0,0,38837,20028,18809,0.0,0.0,0.0
0500000US04011,25.0,0,0,4482,5016,9498,9498,4556,4942,1.0,1.0,1.0
0500000US04011,100.0,4482,1773,3243,0,5016,9498,4556,4942,0.5281111813013266,0.9798068481123793,0.11169566976932416
0500000US04011,250.0,4482,1773,3243,0,5016,9498,4556,4942,0.5281111813013266,0.9798068481123793,0.11169566976932416
0500000US04011,1000.0,9498,0,0,0,0,9498,4556,4942,0.0,0.0,0.0
0500000US04012,25.0,0,0,11641,9467,21108,21108,8929,12179,1.0,1.0,1.0
0500000US04012,100.0,14839,6269,0,0,6269,21108,8929,12179,0.2969963994693955,0.39444506663680146,0.2255521799819361
0500000US04012,250.0,21081,27,0,0,27,21108,8929,12179,0.0012791358726549175,0.0027998656064508903,0.00016421709499958947
0500000US04012,1000.0,21108,0,0,0,0,21108,8929,12179,0.0,0.0,0.0
0500000US04013,25.0,0,18,30243,4455093,4485354,4485354,4260956,224398,1.0,1.0,1.0
0500000US04013,100.0,46873,364508,1578032,2495941,4438481,4485354,4260956,224398,0.9895497657487012,0.9992750453184684,0.8048823964562964
0500000US04013,250.0,56145,489692,3491308,448209,4429209,4485354,4260956,224398,0.9874825933471472,0.998130466496251,0.7852966603980428
0500000US04013,1000.0,3994701,488722,1931,0,490653,4485354,4260956,224398,0.10939002807805137,0.10649957427394229,0.1642750826656209
0500000US04015,25.0,0,2,50710,161466,212178,212178,156820,55358,1.0,1.0,1.0
0500000US04015,100.0,59260,146047,6779,92,152918,212178,156820,55358,0.7207061995117308,0.891391404157633,0.23718342425665667
0500000US04015,250.0,62041,150045,92,0,150137,212178,156820,55358,0.7075992798499373,0.8787272031628619,0.22282235629899924
0500000US04015,1000.0,208329,3849,0,0,3849,212178,156820,55358,0.01814042926222323,0.0024996811631169493,0.06244806532027891
0500000US04017,25.0,0,0,45099,65825,110924,110924,48455,62469,1.0,1.0,1.0
0500000US04017,100.0,59938,50233,753,0,50986,110924,48455,62469,0.45964804731167286,0.7564338045609328,0.22944180313435464
0500000US04017,250.0,59938,50986,0,0,50986,110924,48455,62469,0.45964804731167286,0.7564338045609328,0.22944180313435464
0500000US04017,1000.0,110924,0,0,0,0,110924,48455,62469,0.0,0.0,0.0
0500000US04019,25.0,0,0,15006,1032267,1047273,1047273,949216,98057,1.0,1.0,1.0
0500000US04019,100.0,44264,170593,493210,339206,1003009,1047273,949216,98057,0.9577340387845386,0.9881396858038634,0.6633998592655292
0500000US04019,250.0,54362,246424,655373,91114,992911,1047273,949216,98057,0.9480918537955242,0.9859157452044635,0.5819472347716125
0500000US04019,1000.0,1038388,8885,0,0,8885,1047273,949216,98057,0.00848393876286317,0.00645901459730978,0.028085705253067094
0500000US04021,25.0,0,12,26921,435803,462736,462736,320342,142394,1.0,1.0,1.0
0500000US04021,100.0,87662,104917,108087,162070,375074,462736,320342,142394,0.8105572075654369,0.8958519332463429,0.6186707305083079
0500000US04021,250.0,117081,127698,151569,66388,345655,462736,320342,142394,0.746980999965423,0.8081706426256938,0.6093234265488714
0500000US04021,1000.0,458201,4535,0,0,4535,462736,320342,142394,0.009800404550326752,0.0104513301409119,0.008336025394328412
0500000US04023,25.0,0,0,1333,45165,46498,46498,33349,13149,1.0,1.0,1.0
0500000US04023,100.0,6109,14399,25795,195,40389,46498,33349,13149,0.8686180050754871,0.9834477795436145,0.5773823104418587
0500000US04023,250.0,14286,32212,0,0,32212,46498,33349,13149,0.6927609789668373,0.7471888212540106,0.5547189900372652
0500000US04023,1000.0,46498,0,0,0,0,46498,33349,13149,0.0,0.0,0.0
0500000US04025,25.0,0,0,16982,218117,235099,235099,147836,87263,1.0,1.0,1.0
0500000US04025,100.0,49260,161626,23600,613,185839,235099,147836,87263,0.7904712482826384,0.9458521605021781,0.527233764596679
0500000US04025,250.0,81684,150349,3066,0,153415,235099,147836,87263,0.6525548811351813,0.79191807137639,0.41645370890297145
0500000US04025,1000.0,235099,0,0,0,0,235099,147836,87263,0.0,0.0,0.0
0500000US04027,25.0,0,15,22067,191705,213787,213787,185321,28466,1.0,1.0,1.0
0500000US04027,100.0,23251,182648,7888,0,190536,213787,185321,28466,0.8912422177213769,0.9790201865951511,0.3197850066746294
0500000US04027,250.0,23983,189179,625,0,189804,213787,185321,28466,0.8878182490048506,0.9790201865951511,0.29407011873814376
0500000US04027,1000.0,213787,0,0,0,0,213787,185321,28466,0.0,0.0,0.0
0500000US05001,25.0,0,0,12977,4509,17486,17486,11108,6378,1.0,1.0,1.0
0500000US05001,100.0,17425,61,0,0,61,17486,11108,6378,0.0034885050897861146,0.005221462009362621,0.00047036688617121356
0500000US05001,250.0,17486,0,0,0,0,17486,11108,6378,0.0,0.0,0.0
0500000US05001,1000.0,17486,0,0,0,0,17486,11108,6378,0.0,0.0,0.0
0500000US05003,25.0,0,0,9378,10279,19657,19657,9285,10372,1.0,1.0,1.0
0500000US05003,100.0,13906,5751,0,0,5751,19657,9285,10372,0.2925675331942819,0.4637587506731287,0.13931739298110296
0500000US05003,250.0,18442,1215,0,0,1215,19657,9285,10372,0.061810042224144074,0.13053311793214864,0.00028924026224450445
0500000US05003,1000.0,18727,930,0,0,930,19657,9285,10372,0.047311390344406574,0.10016155088852989,0.0
0500000US05005,25.0,0,0,9512,32420,41932,41932,13985,27947,1.0,1.0,1.0
0500000US05005,100.0,10945,19241,8375,3371,30987,41932,13985,27947,0.7389821615949633,0.9836253128351805,0.616559916985723
0500000US05005,250.0,11949,19726,8419,1838,29983,41932,13985,27947,0.7150386339788228,0.9685377189846264,0.5881847783304112
0500000US05005,1000.0,28455,12055,1422,0,13477,41932,13985,27947,0.32140131641705616,0.4302466928852342,0.26693383905249224
0500000US05007,25.0,0,15,9395,269716,279126,279126,196628,82498,1.0,1.0,1.0
0500000US05007,100.0,37266,115662,115406,10792,241860,279126,196628,82498,0.8664904021839599,0.9704111316801269,0.6188028800698199
0500000US05007,250.0,43569,184600,46644,4313,235557,279126,196628,82498,0.8439092022957374,0.964567609902964,0.5563286382700187
0500000US05007,1000.0,221235,53608,3666,617,57891,279126,196628,82498,0.20740095870682057,0.24536179994710824,0.11692404664355499
0500000US05009,25.0,0,0,3503,33929,37432,37432,14058,23374,1.0,1.0,1.0
0500000US05009,100.0,10824,12094,14083,431,26608,37432,14058,23374,0.7108356486428724,0.9903969270166453,0.5426970137759904
0500000US05009,250.0,11727,17098,8528,79,25705,37432,14058,23374,0.6867119042530455,0.9903969270166453,0.5040643449987166
0500000US05009,1000.0,29460,7970,2,0,7972,37432,14058,23374,0.21297285744817268,0.5175700668658415,0.02977667493796526
0500000US05011,25.0,0,0,3825,6938,10763,10763,5435,5328,1.0,1.0,1.0
0500000US05011,100.0,10663,100,0,0,100,10763,5435,5328,0.0092910898448388,0.0,0.01876876876876877
0500000US05011,250.0,10763,0,0,0,0,10763,5435,5328,0.0,0.0,0.0
0500000US05011,1000.0,10763,0,0,0,0,10763,5435,5328,0.0,0.0,0.0
0500000US05015,25.0,0,0,690,27687,28377,28377,7514,20863,1.0,1.0,1.0
0500000US05015,100.0,10847,12025,5505,0,17530,28377,7514,20863,0.6177538147090954,0.972318339100346,0.49005416287207015
0500000US05015,250.0,12455,14171,1751,0,15922,28377,7514,20863,0.5610882052366353,0.972318339100346,0.4129799165987634
0500000US05015,1000.0,27079,1298,0,0,1298,28377,7514,20863,0.04574126933784403,0.16901783337769496,0.0013420888654555913
0500000US05017,25.0,0,0,2557,7561,10118,10118,4111,6007,1.0,1.0,1.0
0500000US05017,100.0,4769,5349,0,0,5349,10118,4111,6007,0.5286617908677604,0.9657017757236682,0.22956550690860664
0500000US05017,250.0,10118,0,0,0,0,10118,4111,6007,0.0,0.0,0.0
0500000US05017,1000.0,10118,0,0,0,0,10118,4111,6007,0.0,0.0,0.0
0500000US05019,25.0,0,0,3993,18326,22319,22319,9597,12722,1.0,1.0,1.0
0500000US05019,100.0,4736,13088,4495,0,17583,22319,9597,12722,0.7878041130875039,0.8527664895279775,0.738798930985694
0500000US05019,250.0,9702,12350,267,0,12617,22319,9597,12722,0.5653031049778215,0.8328644368031677,0.363464864015092
0500000US05019,1000.0,21772,547,0,0,547,22319,9597,12722,0.024508266499395134,0.029696780243826194,0.020594246187706337
0500000US05021,25.0,0,0,5897,8654,14551,14551,5570,8981,1.0,1.0,1.0
0500000US05021,100.0,8331,6152,68,0,6220,14551,5570,8981,0.42746203010102396,0.4867145421903052,0.39071372898340945
0500000US05021,250.0,8353,6198,0,0,6198,14551,5570,8981,0.4259501065218885,0.4858168761220826,0.38882084400400846
0500000US05021,1000.0,14551,0,0,0,0,14551,5570,8981,0.0,0.0,0.0
0500000US05023,25.0,0,0,10892,14027,24919,24919,5997,18922,1.0,1.0,1.0
0500000US05023,100.0,13021,11682,216,0,11898,24919,5997,18922,0.47746699305750634,0.9713189928297482,0.3209491597082761
0500000US05023,250.0,15604,9315,0,0,9315,24919,5997,18922,0.3738111481199085,0.9398032349508088,0.19442976429552902
0500000US05023,1000.0,24919,0,0,0,0,24919,5997,18922,0.0,0.0,0.0
0500000US05027,25.0,0,0,9073,14384,23457,23457,9438,14019,1.0,1.0,1.0
0500000US05027,100.0,9435,13989,33,0,14022,23457,9438,14019,0.5977746514899603,0.8693579148124603,0.41493687138882945
0500000US05027,250.0,10198,13259,0,0,13259,23457,9438,14019,0.5652470477895724,0.8287772833227379,0.3878308010557101
0500000US05027,1000.0,21159,2298,0,0,2298,23457,9438,14019,0.09796649187875688,0.0,0.16392039375133746
0500000US05029,25.0,0,0,10990,9856,20846,20846,6160,14686,1.0,1.0,1.0
0500000US05029,100.0,12565,8281,0,0,8281,20846,6160,14686,0.3972464741437206,0.9491883116883116,0.16573607517363476
0500000US05029,250.0,13042,7804,0,0,7804,20846,6160,14686,0.37436438645303655,0.8909090909090909,0.1577012120386763
0500000US05029,1000.0,20846,0,0,0,0,20846,6160,14686,0.0,0.0,0.0
0500000US05031,25.0,0,20,18483,91808,110311,110311,71586,38725,1.0,1.0,1.0
0500000US05031,100.0,20193,65397,24377,344,90118,110311,71586,38725,0.8169448196462729,0.8813315452742156,0.6979212395093609
0500000US05031,250.0,33711,66790,9601,209,76600,110311,71586,38725,0.6944003771156095,0.8432095661162797,0.4193156875403486
0500000US05031,1000.0,99212,11099,0,0,11099,110311,71586,38725,0.10061553244916645,0.07657921940044143,0.1450484183344093
0500000US05033,25.0,0,0,8051,55206,63257,63257,29923,33334,1.0,1.0,1.0
0500000US05033,100.0,8962,31589,17854,4852,54295,63257,29923,33334,0.8583239799547876,0.9893393042141496,0.740715185696286
0500000US05033,250.0,10866,36038,16353,0,52391,63257,29923,33334,0.8282245443192058,0.9893393042141496,0.6835963280734385
0500000US05033,1000.0,45935,17322,0,0,17322,63257,29923,33334,0.27383530676446877,0.36914747852822244,0.1882762344753105
0500000US05035,25.0,0,0,9653,38302,47955,47955,37165,10790,1.0,1.0,1.0
0500000US05035,100.0,9937,37812,206,0,38018,47955,37165,10790,0.7927849025127723,0.9719359612538679,0.1757182576459685
0500000US05035,250.0,10507,37448,0,0,37448,47955,37165,10790,0.7808987592534667,0.9719359612538679,0.12289156626506025
0500000US05035,1000.0,47955,0,0,0,0,47955,37165,10790,0.0,0.0,0.0
0500000US05037,25.0,0,0,6717,9702,16419,16419,7391,9028,1.0,1.0,1.0
0500000US05037,100.0,6719,8730,877,93,9700,16419,7391,9028,0.5907789755770754,0.8513056419970234,0.37749224634470535
0500000US05037,250.0,16234,185,0,0,185,16419,7391,9028,0.011267434070284427,0.02503044242998241,0.0
0500000US05037,1000.0,16419,0,0,0,0,16419,7391,9028,0.0,0.0,0.0
0500000US05039,25.0,0,0,2986,4023,7009,7009,3138,3871,1.0,1.0,1.0
0500000US05039,100.0,5211,1798,0,0,1798,7009,3138,3871,0.2565273220145527,0.32536647546207775,0.2007233273056058
0500000US05039,250.0,6534,475,0,0,475,7009,3138,3871,0.06777000998715936,0.13479923518164436,0.013433221389821752
0500000US05039,1000.0,6587,422,0,0,422,7009,3138,3871,0.06020830360964474,0.12460165710643722,0.008008266597778351
0500000US05041,25.0,0,0,3363,7998,11361,11361,7328,4033,1.0,1.0,1.0
0500000US05041,100.0,3537,7824,0,0,7824,11361,7328,4033,0.6886717718510694,0.9630185589519651,0.19018100669476817
0500000US05041,250.0,11361,0,0,0,0,11361,7328,4033,0.0,0.0,0.0
0500000US05041,1000.0,11361,0,0,0,0,11361,7328,4033,0.0,0.0,0.0
0500000US05043,25.0,0,0,5440,12779,18219,18219,9214,9005,1.0,1.0,1.0
0500000US05043,100.0,18108,111,0,0,111,18219,9214,9005,0.006092540754157747,0.007271543303668331,0.0048861743475846755
0500000US05043,250.0,18219,0,0,0,0,18219,9214,9005,0.0,0.0,0.0
0500000US05043,1000.0,18219,0,0,0,0,18219,9214,9005,0.0,0.0,0.0
0500000US05045,25.0,0,2,6209,119795,126006,126006,75049,50957,1.0,1.0,1.0
0500000US05045,100.0,11116,57434,48235,9221,114890,126006,75049,50957,0.911781978635938,0.9960026116270703,0.7877426065113723
0500000US05045,250.0,47720,63412,14096,778,78286,126006,75049,50957,0.621287875180547,0.85389545496942,0.2787055752889691
0500000US05045,1000.0,107574,18183,249,0,18432,126006,75049,50957,0.14627874863101756,0.16745059894202455,0.11509704260454894
0500000US05047,25.0,0,0,13312,4403,17715,17715,2595,15120,1.0,1.0,1.0
0500000US05047,100.0,16376,1339,0,0,1339,17715,2595,15120,0.07558566186847304,0.30057803468208094,0.036970899470899474
0500000US05047,250.0,16628,1087,0,0,1087,17715,2595,15120,0.06136042901495908,0.30057803468208094,0.020304232804232804
0500000US05047,1000.0,16690,1025,0,0,1025,17715,2595,15120,0.05786057013830088,0.30057803468208094,0.016203703703703703
0500000US05049,25.0,0,0,6888,5587,12475,12475,871,11604,1.0,1.0,1.0
0500000US05049,100.0,7389,5002,84,0,5086,12475,871,11604,0.40769539078156314,0.7818599311136625,0.37961047914512236
0500000US05049,250.0,8609,3866,0,0,3866,12475,871,11604,0.3098997995991984,0.08840413318025259,0.3265253360910031
0500000US05049,1000.0,8831,3644,0,0,3644,12475,871,11604,0.29210420841683366,0.0,0.31402964495001723
0500000US05051,25.0,0,1,3008,96377,99386,99386,62111,37275,1.0,1.0,1.0
0500000US05051,100.0,15375,73603,9845,563,84011,99386,62111,37275,0.8453001428772664,0.9626314179452915,0.6497920858484239
0500000US05051,250.0,91675,7711,0,0,7711,99386,62111,37275,0.07758638037550561,0.08439728872502456,0.06623742454728371
0500000US05051,1000.0,99386,0,0,0,0,99386,62111,37275,0.0,0.0,0.0
0500000US05053,25.0,0,0,5793,12472,18265,18265,4483,13782,1.0,1.0,1.0
0500000US05053,100.0,8712,9484,69,0,9553,18265,4483,13782,0.5230221735559814,0.8077180459513719,0.43041648527064286
0500000US05053,250.0,13481,4784,0,0,4784,18265,4483,13782,0.2619217081850534,0.5498550078072719,0.16826295167609925
0500000US05053,1000.0,14628,3637,0,0,3637,18265,4483,13782,0.19912400766493293,0.4166852554093241,0.12835582644028443
0500000US05055,25.0,0,2,10576,34747,45325,45325,25512,19813,1.0,1.0,1.0
0500000US05055,100.0,10941,31076,3308,0,34384,45325,25512,19813,0.7586100386100386,0.9998432110379429,0.4479886942916267
0500000US05055,250.0,21068,23670,587,0,24257,45325,25512,19813,0.5351792608935466,0.6776810912511759,0.35168828546913644
0500000US05055,1000.0,24036,21148,141,0,21289,45325,25512,19813,0.4696966354109211,0.6721542803386642,0.2090041891687276
0500000US05057,25.0,0,0,7223,14309,21532,21532,9125,12407,1.0,1.0,1.0
0500000US05057,100.0,7567,12587,1378,0,13965,21532,9125,12407,0.6485695708712613,0.8482191780821918,0.5017328927218506
0500000US05057,250.0,17428,3763,341,0,4104,21532,9125,12407,0.19060003715400334,0.056438356164383564,0.2892721850568228
0500000US05057,1000.0,17428,3763,341,0,4104,21532,9125,12407,0.19060003715400334,0.056438356164383564,0.2892721850568228
0500000US05059,25.0,0,0,13704,20067,33771,33771,11323,22448,1.0,1.0,1.0
0500000US05059,100.0,16470,16446,855,0,17301,33771,11323,22448,0.5123034556276095,0.7928110924666608,0.3708125445473984
0500000US05059,250.0,17598,15946,227,0,16173,33771,11323,22448,0.4789020165230523,0.7533339221054491,0.34047576621525305
0500000US05059,1000.0,33526,245,0,0,245,33771,11323,22448,0.007254745195582008,0.0,0.010914112615823236
0500000US05061,25.0,0,0,10214,2988,13202,13202,4010,9192,1.0,1.0,1.0
0500000US05061,100.0,12217,985,0,0,985,13202,4010,9192,0.07460990758975913,0.0,0.10715839860748477
0500000US05061,250.0,12923,279,0,0,279,13202,4010,9192,0.02113316164217543,0.0,0.030352480417754568
0500000US05061,1000.0,12923,279,0,0,279,13202,4010,9192,0.02113316164217543,0.0,0.030352480417754568
0500000US05063,25.0,0,0,10205,27619,37824,37824,11706,26118,1.0,1.0,1.0
0500000US05063,100.0,12528,16965,6317,2014,25296,37824,11706,26118,0.6687817258883249,0.9808645139244832,0.5289072670189141
0500000US05063,250.0,13207,17371,6714,532,24617,37824,11706,26118,0.6508301607445008,0.9577994191013156,0.5132475687265488
0500000US05063,1000.0,25937,11887,0,0,11887,37824,11706,26118,0.3142713620981388,0.37630275072612335,0.286469101768895
0500000US05067,25.0,0,0,5284,11435,16719,16719,5708,11011,1.0,1.0,1.0
0500000US05067,100.0,6609,9111,999,0,10110,16719,5708,11011,0.6047012381123273,0.8193763139453398,0.49341567523385704
0500000US05067,250.0,16703,16,0,0,16,16719,5708,11011,0.0009569950355882529,0.002803083391730904,0.0
0500000US05067,1000.0,16719,0,0,0,0,16719,5708,11011,0.0,0.0,0.0
0500000US05069,25.0,0,0,22692,44132,66824,66824,46749,20075,1.0,1.0,1.0
0500000US05069,100.0,27886,38115,823,0,38938,66824,46749,20075,0.5826948401771819,0.764037733427453,0.16039850560398505
0500000US05069,250.0,66806,18,0,0,18,66824,46749,20075,0.00026936430025140666,0.0,0.0008966376089663761
0500000US05069,1000.0,66824,0,0,0,0,66824,46749,20075,0.0,0.0,0.0
0500000US05071,25.0,0,0,10066,16512,26578,26578,6865,19713,1.0,1.0,1.0
0500000US05071,100.0,15611,10567,400,0,10967,26578,6865,19713,0.4126345097449018,0.9297887836853606,0.23253690458073353
0500000US05071,250.0,16015,10370,193,0,10563,26578,6865,19713,0.39743396794341185,0.9112891478514202,0.2184852635316796
0500000US05071,1000.0,26577,1,0,0,1,26578,6865,19713,3.762510346903454e-05,0.0001456664238892935,0.0
0500000US05075,25.0,0,0,6900,9506,16406,16406,5990,10416,1.0,1.0,1.0
0500000US05075,100.0,7799,8268,339,0,8607,16406,5990,10416,0.524625137144947,0.9163606010016695,0.29934715821812596
0500000US05075,250.0,10138,6222,46,0,6268,16406,5990,10416,0.3820553456052664,0.8347245409015025,0.1217357910906298
0500000US05075,1000.0,16217,189,0,0,189,16406,5990,10416,0.011520175545532122,0.0,0.018145161290322582
0500000US05077,25.0,0,0,6015,2842,8857,8857,3237,5620,1.0,1.0,1.0
0500000US05077,100.0,6015,2842,0,0,2842,8857,3237,5620,0.3208761431635994,0.6694470188446092,0.1201067615658363
0500000US05077,250.0,8857,0,0,0,0,8857,3237,5620,0.0,0.0,0.0
0500000US05077,1000.0,8857,0,0,0,0,8857,3237,5620,0.0,0.0,0.0
0500000US05081,25.0,0,0,6037,6222,12259,12259,3641,8618,1.0,1.0,1.0
0500000US05081,100.0,7937,4322,0,0,4322,12259,3641,8618,0.35255730483726244,0.8700906344410876,0.1339057786029241
0500000US05081,250.0,7937,4322,0,0,4322,12259,3641,8618,0.35255730483726244,0.8700906344410876,0.1339057786029241
0500000US05081,1000.0,12216,43,0,0,43,12259,3641,8618,0.003507627049514642,0.0,0.004989556741703411
0500000US05083,25.0,0,0,13820,7646,21466,21466,6321,15145,1.0,1.0,1.0
0500000US05083,100.0,20881,486,99,0,585,21466,6321,15145,0.027252399142830522,0.06549596582819174,0.011290855067679103
0500000US05083,250.0,20988,478,0,0,478,21466,6321,15145,0.02226777229106494,0.06549596582819174,0.004225817101353582
0500000US05083,1000.0,20988,478,0,0,478,21466,6321,15145,0.02226777229106494,0.06549596582819174,0.004225817101353582
0500000US05085,25.0,0,1,10154,63154,73309,73309,39149,34160,1.0,1.0,1.0
0500000US05085,100.0,20960,40329,10978,1042,52349,73309,39149,34160,0.7140869470324244,0.806150859536642,0.6085772833723654
0500000US05085,250.0,64709,7980,620,0,8600,73309,39149,34160,0.11731165341226861,0.14618508774170477,0.08422131147540983
0500000US05085,1000.0,73309,0,0,0,0,73309,39149,34160,0.0,0.0,0.0
0500000US05091,25.0,0,1,2833,40423,43257,43257,25469,17788,1.0,1.0,1.0
0500000US05091,100.0,2942,14514,21746,4055,40315,43257,25469,17788,0.9319878863536537,0.9905767796144332,0.8480998425905104
0500000US05091,250.0,2976,20626,17679,1976,40281,43257,25469,17788,0.931201886399889,0.9905767796144332,0.8461884416460536
0500000US05091,1000.0,19929,21384,1944,0,23328,43257,25469,17788,0.5392884388653859,0.5734029604617378,0.4904429952777153
0500000US05093,25.0,0,0,2989,37662,40651,40651,25013,15638,1.0,1.0,1.0
0500000US05093,100.0,11031,29417,203,0,29620,40651,25013,15638,0.7286413618361172,0.8656298724663175,0.5095280726435606
0500000US05093,250.0,40381,270,0,0,270,40651,25013,15638,0.006641903028215788,0.005197297405349219,0.008952551477170993
0500000US05093,1000.0,40651,0,0,0,0,40651,25013,15638,0.0,0.0,0.0
0500000US05095,25.0,0,0,6328,373,6701,6701,2145,4556,1.0,1.0,1.0
0500000US05095,100.0,6651,50,0,0,50,6701,2145,4556,0.0074615728995672285,0.007925407925407926,0.007243195785776997
0500000US05095,250.0,6701,0,0,0,0,6701,2145,4556,0.0,0.0,0.0
0500000US05095,1000.0,6701,0,0,0,0,6701,2145,4556,0.0,0.0,0.0
0500000US05099,25.0,0,0,4711,3541,8252,8252,2315,5937,1.0,1.0,1.0
0500000US05099,100.0,5898,2354,0,0,2354,8252,2315,5937,0.28526417838099855,0.8734341252699784,0.05592049856830049
0500000US05099,250.0,8252,0,0,0,0,8252,2315,5937,0.0,0.0,0.0
0500000US05099,1000.0,8252,0,0,0,0,8252,2315,5937,0.0,0.0,0.0
0500000US05103,25.0,0,0,8621,14761,23382,23382,9717,13665,1.0,1.0,1.0
0500000US05103,100.0,9171,13628,583,0,14211,23382,9717,13665,0.6077752117013087,0.8256663579294021,0.45283571167215514
0500000US05103,250.0,19924,3458,0,0,3458,23382,9717,13665,0.14789154050124026,0.030667901615725017,0.23124771313574827
0500000US05103,1000.0,19953,3429,0,0,3429,23382,9717,13665,0.14665127020785218,0.030667901615725017,0.22912550311013538
0500000US05107,25.0,0,0,4521,13261,17782,17782,9143,8639,1.0,1.0,1.0
0500000US05107,100.0,6618,11125,39,0,11164,17782,9143,8639,0.6278258913508041,0.7419884064311495,0.5070031253617316
0500000US05107,250.0,17639,143,0,0,143,17782,9143,8639,0.00804184006298504,0.004593678223777754,0.011691167959254543
0500000US05107,1000.0,17782,0,0,0,0,17782,9143,8639,0.0,0.0,0.0
0500000US05111,25.0,0,0,4915,18613,23528,23528,6645,16883,1.0,1.0,1.0
0500000US05111,100.0,8155,15373,0,0,15373,23528,6645,16883,0.6533917035022101,0.96418359668924,0.531066753539063
0500000US05111,250.0,23363,165,0,0,165,23528,6645,16883,0.007012920775246515,0.023927765237020317,0.0003553870757566783
0500000US05111,1000.0,23528,0,0,0,0,23528,6645,16883,0.0,0.0,0.0
0500000US05113,25.0,0,0,7397,12567,19964,19964,5213,14751,1.0,1.0,1.0
0500000US05113,100.0,8769,11150,45,0,11195,19964,5213,14751,0.5607593668603487,0.9942451563399194,0.40756558877364246
0500000US05113,250.0,19946,18,0,0,18,19964,5213,14751,0.0009016229212582649,0.0,0.0012202562538133007
0500000US05113,1000.0,19964,0,0,0,0,19964,5213,14751,0.0,0.0,0.0
0500000US05115,25.0,0,0,13114,50958,64072,64072,28588,35484,1.0,1.0,1.0
0500000US05115,100.0,22483,39158,2431,0,41589,64072,28588,35484,0.6490978898738918,0.9416188610605849,0.4134257693608387
0500000US05115,250.0,23905,38924,1243,0,40167,64072,28588,35484,0.6269041078786365,0.9052399608227228,0.4026603539623492
0500000US05115,1000.0,64072,0,0,0,0,64072,28588,35484,0.0,0.0,0.0
0500000US05119,25.0,0,0,6556,385355,391911,391911,342541,49370,1.0,1.0,1.0
0500000US05119,100.0,14295,130871,234609,12136,377616,391911,342541,49370,0.9635248819247227,0.9767881801010682,0.8715009114847073
0500000US05119,250.0,52174,213641,124537,1559,339737,391911,342541,49370,0.8668728359244828,0.9223012719645239,0.4822969414624266
0500000US05119,1000.0,259002,132909,0,0,132909,391911,342541,49370,0.3391305679095509,0.36705679028203925,0.14537168320842617
0500000US05121,25.0,0,0,7695,10263,17958,17958,5711,12247,1.0,1.0,1.0
0500000US05121,100.0,8883,8382,693,0,9075,17958,5711,12247,0.5053458068827263,0.9600770443004728,0.2932963174655018
0500000US05121,250.0,9579,8245,134,0,8379,17958,5711,12247,0.46658870698296023,0.9199789879180529,0.25516453008900136
0500000US05121,1000.0,17958,0,0,0,0,17958,5711,12247,0.0,0.0,0.0
0500000US05123,25.0,0,0,15527,9467,24994,24994,10926,14068,1.0,1.0,1.0
0500000US05123,100.0,15989,8715,290,0,9005,24994,10926,14068,0.3602864687525006,0.6353651839648545,0.14664486778504407
0500000US05123,250.0,24911,83,0,0,83,24994,10926,14068,0.0033207969912779065,0.0,0.005899914700028434
0500000US05123,1000.0,24994,0,0,0,0,24994,10926,14068,0.0,0.0,0.0
0500000US05125,25.0,0,1,10285,112139,122425,122425,75332,47093,1.0,1.0,1.0
0500000US05125,100.0,13599,63291,41891,3644,108826,122425,75332,47093,0.8889197467837452,0.9725083629798758,0.7552077803495212
0500000US05125,250.0,85239,33934,3252,0,37186,122425,75332,47093,0.303745150091893,0.37553762013486963,0.18890280933472067
0500000US05125,1000.0,107190,13973,1262,0,15235,122425,75332,47093,0.12444353685930161,0.15301598258376253,0.0787378166606502
0500000US05127,25.0,0,0,6447,3834,10281,10281,2713,7568,1.0,1.0,1.0
0500000US05127,100.0,9565,716,0,0,716,10281,2713,7568,0.0696430308335765,0.0,0.09460887949260043
0500000US05127,250.0,9565,716,0,0,716,10281,2713,7568,0.0696430308335765,0.0,0.09460887949260043
0500000US05127,1000.0,10079,202,0,0,202,10281,2713,7568,0.01964789417371851,0.0,0.026691331923890064
0500000US05131,25.0,0,3,5248,122575,127826,127826,100417,27409,1.0,1.0,1.0
0500000US05131,100.0,7493,61651,54991,3691,120333,127826,100417,27409,0.9413812526403079,0.9884780465459035,0.7688350541792842
0500000US05131,250.0,7656,90981,28325,864,120170,127826,100417,27409,0.9401060817048175,0.9868548154196999,0.7688350541792842
0500000US05131,1000.0,97447,29515,503,361,30379,127826,100417,27409,0.23765900521020764,0.24618341515878786,0.20642854536830968
0500000US05133,25.0,0,0,3440,13567,17007,17007,5755,11252,1.0,1.0,1.0
0500000US05133,100.0,5141,5209,6657,0,11866,17007,5755,11252,0.6977127065326042,0.988010425716768,0.5492356914326342
0500000US05133,250.0,16514,493,0,0,493,17007,5755,11252,0.028988063738460634,0.054039965247610774,0.01617490223960185
0500000US05133,1000.0,17007,0,0,0,0,17007,5755,11252,0.0,0.0,0.0
0500000US05135,100.0,9921,7500,21,0,7521,17442,3416,14026,0.43120055039559685,1.0,0.29267075431341794
0500000US05135,250.0,15760,1682,0,0,1682,17442,3416,14026,0.0964338951955051,0.0,0.11992014829602167
0500000US05135,1000.0,15760,1682,0,0,1682,17442,3416,14026,0.0964338951955051,0.0,0.11992014829602167
0500000US05139,25.0,0,0,12378,26304,38682,38682,17202,21480,1.0,1.0,1.0
0500000US05139,100.0,13028,25654,0,0,25654,38682,17202,21480,0.6632025231373766,0.9467503778630392,0.4361266294227188
0500000US05139,250.0,14472,24210,0,0,24210,38682,17202,21480,0.6258724988366682,0.8897221253342634,0.41457169459962756
0500000US05139,1000.0,38682,0,0,0,0,38682,17202,21480,0.0,0.0,0.0
0500000US05143,25.0,0,8,8689,230485,239182,239182,167613,71569,1.0,1.0,1.0
0500000US05143,100.0,14442,56833,100265,67642,224740,239182,167613,71569,0.9396192021138714,0.9858781836731041,0.8312817001774512
0500000US05143,250.0,15391,84741,99955,39095,223791,239182,167613,71569,0.935651512237543,0.9813737597919016,0.8285710293562856
0500000US05143,1000.0,81464,115084,40714,1920,157718,239182,167613,71569,0.6594058081293743,0.6338529827638668,0.7192499545892774
0500000US05145,25.0,0,0,22306,56447,78753,78753,35570,43183,1.0,1.0,1.0
0500000US05145,100.0,31897,37532,8770,554,46856,78753,35570,43183,0.5949741597145506,0.8750070283947147,0.3643100294097214
0500000US05145,250.0,76659,2094,0,0,2094,78753,35570,43183,0.026589463258542532,0.050604441945459655,0.006808234721997083
0500000US05145,1000.0,78245,508,0,0,508,78753,35570,43183,0.00645054791563496,0.010008434073657577,0.0035199036657944096
0500000US05149,25.0,0,0,2900,18441,21341,21341,4547,16794,1.0,1.0,1.0
0500000US05149,100.0,6368,14973,0,0,14973,21341,4547,16794,0.7016072348999578,0.9502968990543216,0.6342741455281649
0500000US05149,250.0,6476,14865,0,0,14865,21341,4547,16794,0.6965465535823063,0.9344622828238399,0.632130522805764
0500000US05149,1000.0,10933,10408,0,0,10408,21341,4547,16794,0.487699732908486,0.0,0.6197451470763368
0500000US06001,25.0,0,8,1106,1670215,1671329,1671329,1657705,13624,1.0,1.0,1.0
0500000US06001,100.0,16847,107030,414559,1132893,1654482,1671329,1657705,13624,0.9899199977981594,0.9928455304170525,0.633954785672343
0500000US06001,250.0,69107,692197,741295,168730,1602222,1671329,1657705,13624,0.9586514683823473,0.9626393115783568,0.473429242513212
0500000US06001,1000.0,778330,807092,84097,1810,892999,1671329,1657705,13624,0.5343047359317047,0.5371148666379121,0.19238109219025248
0500000US06005,25.0,0,1,957,38793,39751,39751,14768,24983,1.0,1.0,1.0
0500000US06005,100.0,26814,12277,660,0,12937,39751,14768,24983,0.32545093205202386,0.5607394366197183,0.18636672937597568
0500000US06005,250.0,39416,335,0,0,335,39751,14768,24983,0.008427460944378757,0.01780877573131094,0.0028819597326181804
0500000US06005,1000.0,39751,0,0,0,0,39751,14768,24983,0.0,0.0,0.0
0500000US06007,25.0,0,0,2958,216228,219186,219186,172495,46691,1.0,1.0,1.0
0500000US06007,100.0,26703,147737,44690,56,192483,219186,172495,46691,0.8781719635378172,0.990909881445839,0.46167355593154996
0500000US06007,250.0,27769,151561,39856,0,191417,219186,172495,46691,0.8733085142299234,0.990909881445839,0.4388426034996038
0500000US06007,1000.0,178392,40794,0,0,40794,219186,172495,46691,0.18611590156305605,0.21718890402620367,0.07131995459510398
0500000US06009,25.0,0,0,1680,44225,45905,45905,11045,34860,1.0,1.0,1.0
0500000US06009,100.0,8601,15636,20868,800,37304,45905,11045,34860,0.8126347892386451,0.999818922589407,0.7533275960986804
0500000US06009,250.0,44243,1662,0,0,1662,45905,11045,34860,0.0362052064045311,0.01684019918515165,0.0423407917383821
0500000US06009,1000.0,45905,0,0,0,0,45905,11045,34860,0.0,0.0,0.0
0500000US06011,25.0,0,0,3541,18006,21547,21547,14362,7185,1.0,1.0,1.0
0500000US06011,100.0,12963,7773,811,0,8584,21547,14362,7185,0.3983849259757739,0.5462331151650188,0.10285316631871956
0500000US06011,250.0,14426,7121,0,0,7121,21547,14362,7185,0.3304868427159233,0.4703383929814789,0.05093945720250522
0500000US06011,1000.0,21541,6,0,0,6,21547,14362,7185,0.0002784610386596742,0.0004177691129369169,0.0
0500000US06013,25.0,0,14,8780,1144728,1153522,1153522,1133536,19986,1.0,1.0,1.0
0500000US06013,100.0,26933,221982,580061,324546,1126589,1153522,1133536,19986,0.9766515072967833,0.9864133119724473,0.4229960972680877
0500000US06013,250.0,34335,685002,396821,37364,1119187,1153522,1133536,19986,0.9702346379176123,0.9810416254975581,0.3573001100770539
0500000US06013,1000.0,716959,399197,37366,0,436563,1153522,1133536,19986,0.3784609222884349,0.38372667475933714,0.0798058641048734
0500000US06015,25.0,0,0,1784,26028,27812,27812,18434,9378,1.0,1.0,1.0
0500000US06015,100.0,1786,25739,287,0,26026,27812,18434,9378,0.935783115202071,0.9990777910382987,0.8113670292173171
0500000US06015,250.0,1811,26001,0,0,26001,27812,18434,9378,0.9348842226377103,0.9990777910382987,0.8087012156110045
0500000US06015,1000.0,27803,9,0,0,9,27812,18434,9378,0.0003236013231698547,0.0,0.0009596928982725527
0500000US06017,25.0,0,0,3210,189631,192841,192841,122605,70236,1.0,1.0,1.0
0500000US06017,100.0,48722,109071,35048,0,144119,192841,122605,70236,0.7473462593535607,0.9791851882060275,0.3426447975397232
0500000US06017,250.0,50905,136933,5003,0,141936,192841,122605,70236,0.7360260525510653,0.9787773744953305,0.31227575602255253
0500000US06017,1000.0,188058,4783,0,0,4783,192841,122605,70236,0.02480281682837156,0.03424819542433016,0.008314824306623385
0500000US06019,25.0,0,1,3579,995514,999094,999094,867262,131832,1.0,1.0,1.0
0500000US06019,100.0,147376,431010,420095,613,851718,999094,867262,131832,0.852490356262774,0.9516374521194287,0.20024728442259845
0500000US06019,250.0,156629,660563,181304,598,842465,999094,867262,131832,0.8432289654426911,0.9502226547456247,0.1393667698282663
0500000US06019,1000.0,816100,182396,598,0,182994,999094,867262,131832,0.1831599429082749,0.20776074588763258,0.021322592390314945
0500000US06021,25.0,0,1,908,27484,28393,28393,16512,11881,1.0,1.0,1.0
0500000US06021,100.0,9856,18537,0,0,18537,28393,16512,11881,0.6528721868066073,0.9086119186046512,0.29744970962040235
0500000US06021,250.0,9856,18537,0,0,18537,28393,16512,11881,0.6528721868066073,0.9086119186046512,0.29744970962040235
0500000US06021,1000.0,28393,0,0,0,0,28393,16512,11881,0.0,0.0,0.0
0500000US06023,100.0,7156,23590,104586,226,128402,135558,93915,41643,0.9472107880021836,1.0,0.8281583939677737
0500000US06023,250.0,105578,29980,0,0,29980,135558,93915,41643,0.2211599462960504,0.2740243837512644,0.10193790072761329
0500000US06023,1000.0,135511,47,0,0,47,135558,93915,41643,0.0003467150592366367,0.0,0.001128641068126696
0500000US06025,25.0,0,0,25935,155280,181215,181215,144928,36287,1.0,1.0,1.0
0500000US06025,100.0,26929,153293,993,0,154286,181215,144928,36287,0.8513975112435505,0.9801970633693973,0.3369801857414501
0500000US06025,250.0,32835,148113,267,0,148380,181215,144928,36287,0.8188063901994868,0.9704266946345772,0.21324441259955357
0500000US06025,1000.0,181215,0,0,0,0,181215,144928,36287,0.0,0.0,0.0
0500000US06027,25.0,0,0,1832,16207,18039,18039,9603,8436,1.0,1.0,1.0
0500000US06027,100.0,2987,13334,1718,0,15052,18039,9603,8436,0.8344143245190975,0.9737582005623243,0.6757942152678995
0500000US06027,250.0,14669,3265,105,0,3370,18039,9603,8436,0.18681745107821943,0.12100385296261584,0.26173541963015645
0500000US06027,1000.0,17097,936,6,0,942,18039,9603,8436,0.05222018958922335,0.06935332708528585,0.032716927453769556
0500000US06029,25.0,0,2,34396,865799,900197,900197,771306,128891,1.0,1.0,1.0
0500000US06029,100.0,89998,451798,354694,3707,810199,900197,771306,128891,0.9000241058346118,0.9723974661159125,0.46692942098362183
0500000US06029,250.0,141041,615194,143680,282,759156,900197,771306,128891,0.8433220728351684,0.9281854413164166,0.3354850222280842
0500000US06029,1000.0,740940,158678,579,0,159257,900197,771306,128891,0.17691349782325425,0.1731517711517867,0.19942431977407266
0500000US06031,25.0,0,0,214,152715,152929,152929,134393,18536,1.0,1.0,1.0
0500000US06031,100.0,35404,88469,29056,0,117525,152929,134393,18536,0.768493876243224,0.8366135140967164,0.2746007768666379
0500000US06031,250.0,35625,113642,3662,0,117304,152929,134393,18536,0.7670487611898332,0.8351030187584175,0.2736296935692706
0500000US06031,1000.0,149634,3295,0,0,3295,152929,134393,18536,0.021545946158021044,0.024450678234729486,0.00048554164868364264
0500000US06033,25.0,0,0,4252,60134,64386,64386,42430,21956,1.0,1.0,1.0
0500000US06033,100.0,7669,56202,515,0,56717,64386,42430,21956,0.8808902556456373,0.9834551025218006,0.6826835489160138
0500000US06033,250.0,8270,56050,66,0,56116,64386,42430,21956,0.871555928307396,0.9834551025218006,0.655310621242485
0500000US06033,1000.0,64386,0,0,0,0,64386,42430,21956,0.0,0.0,0.0
0500000US06035,25.0,0,0,2643,27930,30573,30573,10124,20449,1.0,1.0,1.0
0500000US06035,100.0,14751,14977,845,0,15822,30573,10124,20449,0.5175154548130704,0.9300671671276175,0.3132671524279916
0500000US06035,250.0,30573,0,0,0,0,30573,10124,20449,0.0,0.0,0.0
0500000US06035,1000.0,30573,0,0,0,0,30573,10124,20449,0.0,0.0,0.0
0500000US06037,25.0,0,15,45241,9993851,10039107,10039107,9947996,91111,1.0,1.0,1.0
0500000US06037,100.0,55713,2658208,5761660,1563526,9983394,10039107,9947996,91111,0.994450402809732,0.9982261754025635,0.5821909538914072
0500000US06037,250.0,62344,8157029,1776642,43092,9976763,10039107,9947996,91111,0.9937898858932374,0.997846400420748,0.5508775010701232
0500000US06037,1000.0,8346526,1686260,6308,13,1692581,10039107,9947996,91111,0.1685987608260376,0.16974946511840175,0.04295858897388899
0500000US06039,25.0,0,0,474,156853,157327,157327,102362,54965,1.0,1.0,1.0
0500000US06039,100.0,38889,84752,33686,0,118438,157327,102362,54965,0.7528142022666167,0.978107110060374,0.3332484308196125
0500000US06039,250.0,55414,95232,6681,0,101913,157327,102362,54965,0.6477781944612178,0.9423418846837693,0.09920858728281634
0500000US06039,1000.0,150629,6698,0,0,6698,157327,102362,54965,0.04257374767204612,0.06513159180164514,0.0005639952697170927
0500000US06041,25.0,0,0,4387,254439,258826,258826,240977,17849,1.0,1.0,1.0
0500000US06041,100.0,14780,95326,144222,4498,244046,258826,240977,17849,0.9428959996290944,0.9729351763861281,0.5373410275085438
0500000US06041,250.0,15298,164683,78845,0,243528,258826,240977,17849,0.9408946550964741,0.9725948949484806,0.5129138887332624
0500000US06041,1000.0,179352,79474,0,0,79474,258826,240977,17849,0.30705570537735777,0.3239188802250837,0.07938820101966497
0500000US06045,25.0,0,0,8986,77763,86749,86749,46651,40098,1.0,1.0,1.0
0500000US06045,100.0,13889,30576,42284,0,72860,86749,46651,40098,0.8398944080047033,0.9974277078733574,0.6566162900892812
0500000US06045,250.0,86347,402,0,0,402,86749,46651,40098,0.004634059182238412,0.007866926753981695,0.0008728614893510899
0500000US06045,1000.0,86749,0,0,0,0,86749,46651,40098,0.0,0.0,0.0
0500000US06047,25.0,0,0,116,277561,277677,277677,229400,48277,1.0,1.0,1.0
0500000US06047,100.0,54669,133689,89319,0,223008,277677,229400,48277,0.803120171998401,0.9236617262423714,0.23033742776063135
0500000US06047,250.0,58341,194095,25241,0,219336,277677,229400,48277,0.7898961743320476,0.9232824760244115,0.15607846386478033
0500000US06047,1000.0,252572,25105,0,0,25105,277677,229400,48277,0.09041080103861682,0.10655187445510027,0.013712533918843342
0500000US06049,25.0,0,0,4837,4004,8841,8841,2536,6305,1.0,1.0,1.0
0500000US06049,100.0,7425,1416,0,0,1416,8841,2536,6305,0.16016287750254496,0.039826498422712936,0.20856463124504362
0500000US06049,250.0,8749,92,0,0,92,8841,2536,6305,0.01040606266259473,0.005914826498422713,0.012212529738302934
0500000US06049,1000.0,8841,0,0,0,0,8841,2536,6305,0.0,0.0,0.0
0500000US06051,25.0,0,0,2336,12108,14444,14444,7295,7149,1.0,1.0,1.0
0500000US06051,100.0,2486,11163,795,0,11958,14444,7295,7149,0.8278870119080587,0.9096641535298149,0.7444397817876626
0500000US06051,250.0,2570,11149,725,0,11874,14444,7295,7149,0.822071448352257,0.9032213845099383,0.7392642327598266
0500000US06051,1000.0,10082,4362,0,0,4362,14444,7295,7149,0.3019939075048463,0.023577793008910213,0.5860959574765702
0500000US06053,25.0,0,0,4608,429453,434061,434061,380525,53536,1.0,1.0,1.0
0500000US06053,100.0,45601,182857,197945,7658,388460,434061,380525,53536,0.8949433374571777,0.9520294330201695,0.48918484757919906
0500000US06053,250.0,48085,312303,73673,0,385976,434061,380525,53536,0.8892206394953704,0.9515905656658564,0.44590555887627015
0500000US06053,1000.0,367738,66323,0,0,66323,434061,380525,53536,0.15279649634498377,0.16731883581893436,0.04957411835026898
0500000US06055,25.0,0,0,1502,136242,137744,137744,118177,19567,1.0,1.0,1.0
0500000US06055,100.0,11602,47798,78344,0,126142,137744,118177,19567,0.9157712858636311,0.9628946410892136,0.6311647161036439
0500000US06055,250.0,12051,98772,26921,0,125693,137744,118177,19567,0.9125116157509583,0.9623530805486685,0.6114887310267286
0500000US06055,1000.0,109805,27939,0,0,27939,137744,118177,19567,0.2028327912649553,0.21835044044103336,0.10911228088107527
0500000US06057,25.0,0,0,3284,96471,99755,99755,56988,42767,1.0,1.0,1.0
0500000US06057,100.0,29182,68761,1812,0,70573,99755,56988,42767,0.7074632850483685,0.9284937179757142,0.4129352070521664
0500000US06057,250.0,41869,57746,140,0,57886,99755,56988,42767,0.5802816901408451,0.7503334035235488,0.3536839151682372
0500000US06057,1000.0,99601,154,0,0,154,99755,56988,42767,0.001543782266553055,0.0,0.0036009072415647578
0500000US06059,25.0,0,7,43980,3131705,3175692,3175692,3162614,13078,1.0,1.0,1.0
0500000US06059,100.0,46072,1148369,1923986,57265,3129620,3175692,3162614,13078,0.9854922958523685,0.9859597156023466,0.8724575623183973
0500000US06059,250.0,60576,2471251,622492,21373,3115116,3175692,3162614,13078,0.9809251023084102,0.9813793273538914,0.871081205077229
0500000US06059,1000.0,2555166,595613,20592,4321,620526,3175692,3162614,13078,0.19539867216342138,0.19382668893516566,0.5755467196819085
0500000US06061,25.0,0,1,5432,392891,398324,398324,328472,69852,1.0,1.0,1.0
0500000US06061,100.0,50950,109343,114801,123230,347374,398324,328472,69852,0.8720890531326257,0.9445249518984875,0.531466529233236
0500000US06061,250.0,130712,167861,88796,10955,267612,398324,328472,69852,0.6718450306785431,0.7545300664896856,0.28302697131077137
0500000US06061,1000.0,219497,144320,34202,305,178827,398324,328472,69852,0.44894859461142184,0.5148688472685647,0.13896524079482334
0500000US06063,25.0,0,0,718,18089,18807,18807,4871,13936,1.0,1.0,1.0
0500000US06063,100.0,16577,2183,47,0,2230,18807,4871,13936,0.11857287180305205,0.025046191747074523,0.15126291618828933
0500000US06063,250.0,18227,580,0,0,580,18807,4871,13936,0.030839581007071834,0.025046191747074523,0.03286452353616533
0500000US06063,1000.0,18613,194,0,0,194,18807,4871,13936,0.010315308129951614,0.008211866146581811,0.011050516647531573
0500000US06065,25.0,0,4,61640,2408894,2470538,2470538,2290606,179932,1.0,1.0,1.0
0500000US06065,100.0,78299,378876,821003,1192360,2392239,2470538,2290606,179932,0.9683069031927459,0.9938103715785255,0.6436375964253163
0500000US06065,250.0,153028,2056644,250697,10169,2317510,2470538,2290606,179932,0.9380588357677558,0.981468659385333,0.38543449747682457
0500000US06065,1000.0,2231966,228636,9910,26,238572,2470538,2290606,179932,0.09656682066821073,0.09870663047246013,0.06932618989395994
0500000US06067,25.0,0,7,27955,1524092,1552054,1552054,1513084,38970,1.0,1.0,1.0
0500000US06067,100.0,61552,455973,654351,380178,1490502,1552054,1513084,38970,0.9603415860530626,0.9771889729849764,0.30620990505517065
0500000US06067,250.0,73122,1108853,353602,16477,1478932,1552054,1513084,38970,0.952886948521121,0.9707055259324664,0.26104695919938414
0500000US06067,1000.0,1216448,335525,81,0,335606,1552054,1513084,38970,0.21623345579470818,0.22148406830023978,0.012368488580959713
0500000US06069,100.0,7062,9832,20414,25494,55740,62802,43803,18999,0.8875513518677749,1.0,0.6282962261171641
0500000US06069,250.0,12504,42382,7843,73,50298,62802,43803,18999,0.8008980605713194,0.9921009976485629,0.3600715827148797
0500000US06069,1000.0,54281,8521,0,0,8521,62802,43803,18999,0.13568039234419285,0.17759057598794603,0.03905468708879415
0500000US06071,25.0,0,3,68000,2112070,2180073,2180073,2014528,165545,1.0,1.0,1.0
0500000US06071,100.0,112546,313774,727633,1026120,2067527,2180073,2014528,165545,0.9483751232183509,0.9920988936366235,0.41629768340934487
0500000US06071,250.0,129306,1550616,469454,30697,2050767,2180073,2014528,165545,0.9406873072598945,0.9860582727070559,0.3885650427376242
0500000US06071,1000.0,1656477,493893,29290,413,523596,2180073,2014528,165545,0.2401736088653912,0.25063190980716077,0.11290585641366396
0500000US06073,25.0,0,7,64522,3273801,3338330,3338330,3187904,150426,1.0,1.0,1.0
0500000US06073,100.0,73185,714406,2037453,513286,3265145,3338330,3187904,150426,0.9780773620343106,0.9815480641826103,0.9045244837993432
0500000US06073,250.0,195276,2405996,698787,38271,3143054,3338330,3187904,150426,0.9415048841786162,0.9683923982654433,0.3716910640447795
0500000US06073,1000.0,2611862,691009,35121,338,726468,3338330,3187904,150426,0.21761419631971674,0.22574738762522334,0.04525148578038371
0500000US06075,25.0,0,2,43,881504,881549,881549,881547,2,1.0,1.0,1.0
0500000US06075,100.0,45,20235,224982,636287,881504,881549,881547,2,0.999948953489823,0.9999512221129446,0.0
0500000US06075,250.0,20658,311002,314361,235528,860891,881549,881547,2,0.9765662487280912,0.9765684643019601,0.0
0500000US06075,1000.0,336064,312586,222509,10390,545485,881549,881547,2,0.6187801245307974,0.6187815283813569,0.0
0500000US06077,25.0,0,0,613,761529,762142,762142,686664,75478,1.0,1.0,1.0
0500000US06077,100.0,65642,346356,350144,0,696500,762142,686664,75478,0.9138716932015294,0.9716731909638484,0.3880203503007499
0500000US06077,250.0,67392,609368,85382,0,694750,762142,686664,75478,0.9115755331683597,0.9703013409760815,0.3773152441771112
0500000US06077,1000.0,676882,85260,0,0,85260,762142,686664,75478,0.11186891681602641,0.12051600200389127,0.03320172765574075
0500000US06079,25.0,0,3,13623,269485,283111,283111,229985,53126,1.0,1.0,1.0
0500000US06079,100.0,31847,122504,116506,12254,251264,283111,229985,53126,0.887510552398176,0.9696501945779072,0.5319241049580243
0500000US06079,250.0,46934,221400,14722,55,236177,283111,229985,53126,0.8342205000865385,0.9404526382155358,0.3743364830779656
0500000US06079,1000.0,269784,13327,0,0,13327,283111,229985,53126,0.047073409369469923,0.05793856121051373,3.764635018634943e-05
0500000US06081,25.0,0,1,8,766564,766573,766573,748952,17621,1.0,1.0,1.0
0500000US06081,100.0,1859,40336,158792,565586,764714,766573,748952,17621,0.997574921109927,0.9989358463559748,0.9397310027807729
0500000US06081,250.0,37753,298089,315327,115404,728820,766573,748952,17621,0.9507509395713128,0.958170884115404,0.6353782418704954
0500000US06081,1000.0,288677,361843,102618,13435,477896,766573,748952,17621,0.6234187742067617,0.6326827353421848,0.22966914477044437
0500000US06083,25.0,0,4,25871,420624,446499,446499,415971,30528,1.0,1.0,1.0
0500000US06083,100.0,33003,372622,37956,2918,413496,446499,415971,30528,0.9260849408397331,0.9625671020335552,0.4289832285115304
0500000US06083,250.0,34399,409576,2524,0,412100,446499,415971,30528,0.9229583940837494,0.961653576811845,0.39570230607966456
0500000US06083,1000.0,441458,5041,0,0,5041,446499,415971,30528,0.011290058880311041,0.010875758165833676,0.01693527253668763
0500000US06085,25.0,0,0,0,1927852,1927852,1927852,1896634,31218,1.0,1.0,1.0
0500000US06085,100.0,11490,115771,551845,1248746,1916362,1927852,1896634,31218,0.994039998921079,0.995163537087282,0.925779998718688
0500000US06085,250.0,93927,1267205,555238,11482,1833925,1927852,1896634,31218,0.9512789363498858,0.9593891072289118,0.4585495547440579
0500000US06085,1000.0,1366561,556166,5125,0,561291,1927852,1896634,31218,0.29114838690936856,0.2938484705008979,0.12710615670446537
0500000US06087,25.0,0,0,0,273213,273213,273213,237399,35814,1.0,1.0,1.0
0500000US06087,100.0,2487,33507,57575,179644,270726,273213,237399,35814,0.9908972120653117,0.9981929157241606,0.9425364382643658
0500000US06087,250.0,111846,139261,20753,1353,161367,273213,237399,35814,0.590627093147105,0.6439117266711317,0.23742112023231138
0500000US06087,1000.0,185341,83948,3924,0,87872,273213,237399,35814,0.32162452006310094,0.35695179844902464,0.08745183447813704
0500000US06089,25.0,0,0,11507,168573,180080,180080,126180,53900,1.0,1.0,1.0
0500000US06089,100.0,42474,127927,9679,0,137606,180080,126180,53900,0.7641381608174145,0.9865271833888096,0.24352504638218925
0500000US06089,250.0,48031,123011,9038,0,132049,180080,126180,53900,0.7332796534873389,0.9618085275003962,0.19829313543599258
0500000US06089,1000.0,170271,9809,0,0,9809,180080,126180,53900,0.0544702354509107,0.05576161039784435,0.051447124304267164
0500000US06091,250.0,2954,51,0,0,51,3005,9,2996,0.01697171381031614,1.0,0.014018691588785047
0500000US06091,1000.0,3005,0,0,0,0,3005,9,2996,0.0,0.0,0.0
0500000US06093,25.0,0,0,6042,37497,43539,43539,13896,29643,1.0,1.0,1.0
0500000US06093,100.0,14018,29495,26,0,29521,43539,13896,29643,0.6780357840097384,0.9810017271157168,0.536011874641568
0500000US06093,250.0,43503,36,0,0,36,43539,13896,29643,0.0008268448976779439,0.00014392630972941855,0.0011469824241810882
0500000US06093,1000.0,43539,0,0,0,0,43539,13896,29643,0.0,0.0,0.0
0500000US06095,25.0,0,22,22910,424709,447641,447641,421128,26513,1.0,1.0,1.0
0500000US06095,100.0,37970,156314,252862,495,409671,447641,421128,26513,0.9151775641641404,0.9515278015235273,0.33779655263455666
0500000US06095,250.0,49644,342155,55842,0,397997,447641,421128,26513,0.8890986303756805,0.9260462377234475,0.3022290951608645
0500000US06095,1000.0,383734,62973,934,0,63907,447641,421128,26513,0.1427639559379056,0.14659913375505784,0.08184664127032022
0500000US06097,25.0,0,1,15870,478465,494336,494336,425953,68383,1.0,1.0,1.0
0500000US06097,100.0,24574,209122,243712,16928,469762,494336,425953,68383,0.9502888723459347,0.9833338419966522,0.7444540309726102
0500000US06097,250.0,24981,409195,57334,2826,469355,494336,425953,68383,0.9494655457017089,0.9826436250008804,0.7428015734904874
0500000US06097,1000.0,432495,59015,2826,0,61841,494336,425953,68383,0.12509912286380115,0.13260383187816496,0.07835280698419197
0500000US06099,25.0,0,0,0,550660,550660,550660,503865,46795,1.0,1.0,1.0
0500000US06099,100.0,37202,229026,280062,4370,513458,550660,503865,46795,0.9324410707151418,0.9894634475504351,0.31845282615664067
0500000US06099,250.0,39962,426595,82204,1899,510698,550660,503865,46795,0.9274289034976211,0.9887727863614262,0.2669088577839513
0500000US06099,1000.0,470543,80117,0,0,80117,550660,503865,46795,0.14549268150946137,0.15858414456253164,0.004530398546853296
0500000US06101,25.0,0,1,656,96314,96971,96971,81588,15383,1.0,1.0,1.0
0500000US06101,100.0,8896,33977,41624,12474,88075,96971,81588,15383,0.9082612327396851,0.9989826935333628,0.4270948449587207
0500000US06101,250.0,9427,82773,4771,0,87544,96971,81588,15383,0.9027853688216064,0.9929646516644605,0.42449457193005263
0500000US06101,1000.0,92186,4785,0,0,4785,96971,81588,15383,0.049344649431273264,0.05848899347943325,0.0008450887343171033
0500000US06103,25.0,0,0,1283,63801,65084,65084,30794,34290,1.0,1.0,1.0
0500000US06103,100.0,33268,31342,474,0,31816,65084,30794,34290,0.48884518468440785,0.8362668052217964,0.1768445610965296
0500000US06103,250.0,33270,31340,474,0,31814,65084,30794,34290,0.4888144551656321,0.8362668052217964,0.17678623505395158
0500000US06103,1000.0,64917,167,0,0,167,65084,30794,34290,0.0025659148177739535,0.0,0.004870224555263925
0500000US06107,25.0,0,0,2406,463787,466193,466193,386641,79552,1.0,1.0,1.0
0500000US06107,100.0,91001,258258,116403,531,375192,466193,386641,79552,0.8047997288676578,0.9167962011271438,0.26047113837489944
0500000US06107,250.0,92639,335666,37888,0,373554,466193,386641,79552,0.801286162597894,0.9129166332592767,0.25873642397425584
0500000US06107,1000.0,429809,36384,0,0,36384,466193,386641,79552,0.07804492988955218,0.09260528500598747,0.0072782582461786
0500000US06109,25.0,0,0,348,54130,54478,54478,27476,27002,1.0,1.0,1.0
0500000US06109,100.0,574,16885,37019,0,53904,54478,27476,27002,0.9894636366973825,0.9977434852234678,0.9810384415969188
0500000US06109,250.0,17030,37448,0,0,37448,54478,27476,27002,0.6873967473108411,0.9579633134371816,0.4120805866232131
0500000US06109,1000.0,54442,36,0,0,36,54478,27476,27002,0.0006608172106171298,0.0,0.0013332345752166506
0500000US06111,25.0,0,3,12060,833943,846006,846006,813027,32979,1.0,1.0,1.0
0500000US06111,100.0,13101,311926,489754,31225,832905,846006,813027,32979,0.9845142942248637,0.9968057641382143,0.6814942842414871
0500000US06111,250.0,13679,773362,54176,4789,832327,846006,813027,32979,0.983831083940303,0.9962571968704607,0.6774917371660754
0500000US06111,1000.0,795522,46763,3721,0,50484,846006,813027,32979,0.05967333565010177,0.0540953744463591,0.1971860881166803
0500000US06113,25.0,0,1,13093,207406,220500,220500,200108,20392,1.0,1.0,1.0
0500000US06113,100.0,29040,43801,92078,55581,191460,220500,200108,20392,0.8682993197278912,0.9405570991664501,0.1592291094546881
0500000US06113,250.0,73307,118380,27999,814,147193,220500,200108,20392,0.6675419501133787,0.7300557698842625,0.054089839152608864
0500000US06113,1000.0,134185,68699,17616,0,86315,220500,200108,20392,0.39145124716553287,0.4279589021928159,0.03319929384072185
0500000US06115,25.0,0,0,368,78300,78668,78668,55068,23600,1.0,1.0,1.0
0500000US06115,100.0,18980,32386,26730,572,59688,78668,55068,23600,0.7587329028321554,0.9938984528219655,0.21
0500000US06115,250.0,19373,56874,2421,0,59295,78668,55068,23600,0.7537372247928001,0.9901757826687005,0.20203389830508475
0500000US06115,1000.0,75987,2681,0,0,2681,78668,55068,23600,0.03407993084862968,0.036572964335003996,0.028262711864406778
0500000US08001,25.0,0,7,3541,513820,517368,517368,484578,32790,1.0,1.0,1.0
0500000US08001,100.0,10008,49377,139684,318299,507360,517368,484578,32790,0.9806559354270075,0.9979033303204025,0.7257700518450747
0500000US08001,250.0,47189,346832,123347,0,470179,517368,484578,32790,0.9087902614773237,0.9436788298271899,0.3931991460811223
0500000US08001,1000.0,517125,243,0,0,243,517368,484578,32790,0.00046968502110683304,0.0,0.007410795974382434
0500000US08003,100.0,137,4074,11354,668,16096,16233,9641,6592,0.9915604016509579,1.0,0.9792172330097088
0500000US08003,250.0,5298,8225,2652,58,10935,16233,9641,6592,0.673627795231935,0.9798776060574629,0.22572815533980584
0500000US08003,1000.0,13297,2878,58,0,2936,16233,9641,6592,0.1808661368816608,0.25837568716938075,0.06750606796116505
0500000US08005,25.0,0,2,1311,655220,656533,656533,639058,17475,1.0,1.0,1.0
0500000US08005,100.0,6531,23988,130071,495943,650002,656533,639058,17475,0.990052289831585,0.9992207280090383,0.6547639484978541
0500000US08005,250.0,29923,481487,145025,98,626610,656533,639058,17475,0.9544227022860998,0.9747080859640284,0.21258941344778254
0500000US08005,1000.0,651846,4687,0,0,4687,656533,639058,17475,0.007139016622165223,0.007334232573569222,0.0
0500000US08007,25.0,0,0,1711,12318,14029,14029,5261,8768,1.0,1.0,1.0
0500000US08007,100.0,7237,6756,36,0,6792,14029,5261,8768,0.4841399957231449,0.8475574985744155,0.26608120437956206
0500000US08007,250.0,12839,1190,0,0,1190,14029,5261,8768,0.08482429253688788,0.01539631248812013,0.12648266423357665
0500000US08007,1000.0,13948,81,0,0,81,14029,5261,8768,0.005773754365956234,0.01539631248812013,0.0
0500000US08011,25.0,0,2,3456,2119,5577,5577,3358,2219,1.0,1.0,1.0
0500000US08011,100.0,4433,1144,0,0,1144,5577,3358,2219,0.20512820512820512,0.31089934484812387,0.04506534474988734
0500000US08011,250.0,5577,0,0,0,0,5577,3358,2219,0.0,0.0,0.0
0500000US08011,1000.0,5577,0,0,0,0,5577,3358,2219,0.0,0.0,0.0
0500000US08013,25.0,0,4,8017,318175,326196,326196,292219,33977,1.0,1.0,1.0
0500000US08013,100.0,15638,44086,109513,156959,310558,326196,292219,33977,0.9520594979705453,0.9811408566862524,0.7019454336757218
0500000US08013,250.0,32715,145996,142821,4664,293481,326196,292219,33977,0.8997075377993599,0.9503112391733597,0.46449068487506256
0500000US08013,1000.0,235295,90901,0,0,90901,326196,292219,33977,0.2786698794589756,0.30803951830647563,0.026076463490007945
0500000US08014,25.0,0,1,1150,69303,70454,70454,68981,1473,1.0,1.0,1.0
0500000US08014,100.0,1479,6927,22619,39429,68975,70454,68981,1473,0.979007579413518,0.9828938403328453,0.7970128988458928
0500000US08014,250.0,4992,53826,11636,0,65462,70454,68981,1473,0.9291452578987708,0.9339673243356866,0.703326544467074
0500000US08014,1000.0,70454,0,0,0,0,70454,68981,1473,0.0,0.0,0.0
0500000US08015,25.0,0,0,2280,18076,20356,20356,12187,8169,1.0,1.0,1.0
0500000US08015,100.0,6952,11899,1505,0,13404,20356,12187,8169,0.6584790725093339,0.8665791417083778,0.34802301383278245
0500000US08015,250.0,6978,13263,115,0,13378,20356,12187,8169,0.65720180782079,0.8665791417083778,0.3448402497245685
0500000US08015,1000.0,20356,0,0,0,0,20356,12187,8169,0.0,0.0,0.0
0500000US08029,25.0,0,0,159,31003,31162,31162,11406,19756,1.0,1.0,1.0
0500000US08029,100.0,5457,14599,9741,1365,25705,31162,11406,19756,0.8248828701623773,0.9981588637559179,0.7248430856448674
0500000US08029,250.0,7625,20011,3511,15,23537,31162,11406,19756,0.7553109556511135,0.997282132211117,0.6156104474589998
0500000US08029,1000.0,15134,16021,7,0,16028,31162,11406,19756,0.5143443938129774,0.4068034367876556,0.576432476209759
0500000US08031,25.0,0,0,19,726997,727016,727016,721229,5787,1.0,1.0,1.0
0500000US08031,100.0,75,24196,66783,635962,726941,727016,721229,5787,0.9998968385840201,0.9999916808669645,0.9880767236910316
0500000US08031,250.0,27745,226222,448747,24302,699271,727016,721229,5787,0.9618371535151908,0.9616765271501839,0.9818558838776568
0500000US08031,1000.0,716232,10784,0,0,10784,727016,721229,5787,0.01483323613235472,0.014952255108987575,0.0
0500000US08035,100.0,0,4349,61740,285057,351146,351146,297488,53658,1.0,1.0,1.0
0500000US08035,250.0,32922,274594,43630,0,318224,351146,297488,53658,0.9062441263747842,0.9772326951003065,0.5126728540012673
0500000US08035,1000.0,350901,245,0,0,245,351146,297488,53658,0.0006977154801706413,0.000823562631097725,0.0
0500000US08037,25.0,0,0,3833,51294,55127,55127,42163,12964,1.0,1.0,1.0
0500000US08037,100.0,14495,39173,1459,0,40632,55127,42163,12964,0.737061693906797,0.7929227047411237,0.5553841406973157
0500000US08037,250.0,22268,32775,84,0,32859,55127,42163,12964,0.596060006893174,0.6540805919882361,0.40735883986423943
0500000US08037,1000.0,54978,149,0,0,149,55127,42163,12964,0.002702849783227819,0.0035101866565472096,7.71366862079605e-05
0500000US08041,25.0,0,0,13716,706672,720388,720388,630037,90351,1.0,1.0,1.0
0500000US08041,100.0,38251,127667,315723,238747,682137,720388,630037,90351,0.9469022249121307,0.9809773076819298,0.7092893271795553
0500000US08041,250.0,105938,489458,120828,4164,614450,720388,630037,90351,0.8529431361988262,0.9207379884038557,0.38019501721065624
0500000US08041,1000.0,712932,7184,272,0,7456,720388,630037,90351,0.010349978067374803,0.0049187587395660886,0.048223041250235195
0500000US08043,25.0,0,0,7041,40798,47839,47839,33925,13914,1.0,1.0,1.0
0500000US08043,100.0,9536,38142,161,0,38303,47839,33925,13914,0.8006647296139133,0.9255416359616802,0.49619088687652724
0500000US08043,250.0,9536,38244,59,0,38303,47839,33925,13914,0.8006647296139133,0.9255416359616802,0.49619088687652724
0500000US08043,1000.0,47839,0,0,0,0,47839,33925,13914,0.0,0.0,0.0
0500000US08045,25.0,0,0,177,59883,60060,60060,43596,16464,1.0,1.0,1.0
0500000US08045,100.0,824,16462,38751,4023,59236,60060,43596,16464,0.9862803862803863,0.9969951371685476,0.9579081632653061
0500000US08045,250.0,13663,46220,177,0,46397,60060,43596,16464,0.7725108225108225,0.9265758326451968,0.36455296404275994
0500000US08045,1000.0,59883,177,0,0,177,60060,43596,16464,0.0029470529470529473,0.0040600055050922105,0.0
0500000US08049,25.0,0,0,2401,13333,15734,15734,2458,13276,1.0,1.0,1.0
0500000US08049,100.0,5231,8564,1939,0,10503,15734,2458,13276,0.6675352739290707,0.9890154597233524,0.6080144621874058
0500000US08049,250.0,5995,9739,0,0,9739,15734,2458,13276,0.618978009406381,0.9890154597233524,0.5504670081349804
0500000US08049,1000.0,15734,0,0,0,0,15734,2458,13276,0.0,0.0,0.0
0500000US08051,100.0,2267,1997,11308,1890,15195,17462,6582,10880,0.8701752376589165,1.0,0.7916360294117647
0500000US08051,250.0,4465,12902,95,0,12997,17462,6582,10880,0.7443019127247738,0.9924035247645092,0.5942095588235294
0500000US08051,1000.0,17462,0,0,0,0,17462,6582,10880,0.0,0.0,0.0
0500000US08055,25.0,0,0,1966,4931,6897,6897,2892,4005,1.0,1.0,1.0
0500000US08055,100.0,2397,4420,80,0,4500,6897,2892,4005,0.6524575902566333,0.9968879668049793,0.4037453183520599
0500000US08055,250.0,3239,3655,3,0,3658,6897,2892,4005,0.5303755255908366,0.9968879668049793,0.19350811485642946
0500000US08055,1000.0,6419,478,0,0,478,6897,2892,4005,0.06930549514281571,0.001037344398340249,0.11860174781523096
0500000US08059,25.0,0,3,2596,580273,582872,582872,533141,49731,1.0,1.0,1.0
0500000US08059,100.0,15178,51941,174975,340778,567694,582872,533141,49731,0.9739599774907698,0.9989533725599794,0.7060183788783656
0500000US08059,250.0,50335,384829,147113,595,532537,582872,533141,49731,0.9136431326260311,0.9604851249481844,0.41147372866019183
0500000US08059,1000.0,582872,0,0,0,0,582872,533141,49731,0.0,0.0,0.0
0500000US08063,100.0,2561,1523,2826,187,4536,7097,2854,4243,0.6391432999859096,1.0,0.39641762903605937
0500000US08063,250.0,5986,1105,6,0,1111,7097,2854,4243,0.15654501902212203,0.053258584442887176,0.22601932594862126
0500000US08063,1000.0,6107,990,0,0,990,7097,2854,4243,0.1394955615048612,0.053258584442887176,0.19750176761725194
0500000US08065,25.0,0,0,647,7480,8127,8127,5258,2869,1.0,1.0,1.0
0500000US08065,100.0,1129,6981,17,0,6998,8127,5258,2869,0.8610803494524425,0.9847850893875999,0.6343673753921227
0500000US08065,250.0,1129,6998,0,0,6998,8127,5258,2869,0.8610803494524425,0.9847850893875999,0.6343673753921227
0500000US08065,1000.0,8127,0,0,0,0,8127,5258,2869,0.0,0.0,0.0
0500000US08067,25.0,0,0,1136,55085,56221,56221,21468,34753,1.0,1.0,1.0
0500000US08067,100.0,22832,31195,2194,0,33389,56221,21468,34753,0.5938884046886395,0.9630613005403391,0.3658389203809743
0500000US08067,250.0,26420,29547,254,0,29801,56221,21468,34753,0.5300688354885186,0.8717160424818334,0.3190228181739706
0500000US08067,1000.0,56221,0,0,0,0,56221,21468,34753,0.0,0.0,0.0
0500000US08069,25.0,0,78,21815,334996,356889,356889,294907,61982,1.0,1.0,1.0
0500000US08069,100.0,41218,131436,169013,15222,315671,356889,294907,61982,0.8845075079366413,0.951008283967488,0.568100416249879
0500000US08069,250.0,88042,242072,26164,611,268847,356889,294907,61982,0.7533070506516032,0.8528688705252843,0.27959730244264464
0500000US08069,1000.0,352292,4597,0,0,4597,356889,294907,61982,0.0128807556411097,0.014401150193111726,0.005646800684069569
0500000US08071,25.0,0,0,4122,10384,14506,14506,8573,5933,1.0,1.0,1.0
0500000US08071,100.0,4888,9304,314,0,9618,14506,8573,5933,0.6630359851096098,0.967805902251254,0.22265295803135007
0500000US08071,250.0,14462,44,0,0,44,14506,8573,5933,0.003033227629946229,0.0,0.007416146974549132
0500000US08071,1000.0,14493,13,0,0,13,14506,8573,5933,0.0008961808906659313,0.0,0.0021911343333895165
0500000US08075,100.0,2061,2930,7701,9710,20341,22402,14790,7612,0.9079992857780556,1.0,0.7292433000525486
0500000US08075,250.0,4944,7865,9593,0,17458,22402,14790,7612,0.7793054191590036,0.9973630831643002,0.3556227009984235
0500000US08075,1000.0,11717,10685,0,0,10685,22402,14790,7612,0.4769663422908669,0.6299526707234618,0.17971623751970572
0500000US08077,25.0,0,0,5217,148993,154210,154210,132990,21220,1.0,1.0,1.0
0500000US08077,100.0,15946,130790,7474,0,138264,154210,132990,21220,0.8965955515206536,0.9941273779983457,0.2853440150801131
0500000US08077,250.0,17079,134193,2938,0,137131,154210,132990,21220,0.8892484274690358,0.9941273779983457,0.23195098963242225
0500000US08077,1000.0,154210,0,0,0,0,154210,132990,21220,0.0,0.0,0.0
0500000US08081,100.0,1229,2312,8378,1364,12054,13283,9360,3923,0.9074757208461944,1.0,0.6867193474381851
0500000US08081,250.0,3520,8401,1362,0,9763,13283,9360,3923,0.7349996235790107,0.9982905982905983,0.10680601580423145
0500000US08081,1000.0,11870,1413,0,0,1413,13283,9360,3923,0.10637657155763006,0.14188034188034188,0.021667091511598267
0500000US08083,25.0,0,0,4100,22083,26183,26183,8196,17987,1.0,1.0,1.0
0500000US08083,100.0,13951,12232,0,0,12232,26183,8196,17987,0.4671733567582019,0.9896290873596877,0.22910991271473843
0500000US08083,250.0,23428,2755,0,0,2755,26183,8196,17987,0.10522094488790437,0.0,0.1531661755712459
0500000US08083,1000.0,26183,0,0,0,0,26183,8196,17987,0.0,0.0,0.0
0500000US08085,25.0,0,0,2327,40431,42758,42758,22676,20082,1.0,1.0,1.0
0500000US08085,100.0,13629,12165,16626,338,29129,42758,22676,20082,0.6812526310865803,0.9687334626918328,0.3566377850811672
0500000US08085,250.0,13875,11922,16947,14,28883,42758,22676,20082,0.6754993217643482,0.9677191744575763,0.3455333134149985
0500000US08085,1000.0,22867,19877,14,0,19891,42758,22676,20082,0.46519949483137657,0.6462780031751632,0.26073100288815854
0500000US08087,25.0,0,3,3063,25995,29061,29061,19039,10022,1.0,1.0,1.0
0500000US08087,100.0,4456,12373,11468,764,24605,29061,19039,10022,0.8466673548742301,0.9901780555701455,0.5740371183396528
0500000US08087,250.0,8306,9101,11654,0,20755,29061,19039,10022,0.7141873989195141,0.9901780555701455,0.1898822590301337
0500000US08087,1000.0,17190,11871,0,0,11871,29061,19039,10022,0.40848559925673583,0.5957770891328326,0.05268409499101975
0500000US08089,25.0,0,0,2678,15600,18278,18278,11826,6452,1.0,1.0,1.0
0500000US08089,100.0,3058,14574,646,0,15220,18278,11826,6452,0.832695043221359,0.9943345171655674,0.5364228146311222
0500000US08089,250.0,3093,15090,95,0,15185,18278,11826,6452,0.830780172885436,0.9943345171655674,0.5309981401115933
0500000US08089,1000.0,18222,56,0,0,56,18278,11826,6452,0.003063792537476748,0.004735328936242178,0.0
0500000US08097,25.0,0,0,373,17394,17767,17767,9465,8302,1.0,1.0,1.0
0500000US08097,100.0,2209,15014,544,0,15558,17767,9465,8302,0.8756683739517083,0.9582673005810882,0.781498434112262
0500000US08097,250.0,2439,14844,484,0,15328,17767,9465,8302,0.8627230258344121,0.9582673005810882,0.7537942664418212
0500000US08097,1000.0,17188,579,0,0,579,17767,9465,8302,0.03258850678223673,0.04532488114104596,0.018067935437244036
0500000US08099,25.0,0,0,3629,8543,12172,12172,7245,4927,1.0,1.0,1.0
0500000US08099,100.0,4362,7506,304,0,7810,12172,7245,4927,0.6416365428853106,0.9997239475500345,0.11508017048914146
0500000US08099,250.0,4497,7672,3,0,7675,12172,7245,4927,0.6305455142951035,0.9997239475500345,0.08768012989648874
0500000US08099,1000.0,12172,0,0,0,0,12172,7245,4927,0.0,0.0,0.0
0500000US08101,25.0,0,1,6257,162166,168424,168424,141052,27372,1.0,1.0,1.0
0500000US08101,100.0,15936,105326,41968,5194,152488,168424,141052,27372,0.9053816558210231,0.9607591526529223,0.6200131521262604
0500000US08101,250.0,25197,140348,2879,0,143227,168424,141052,27372,0.8503954305799648,0.9330814167824633,0.424302206634517
0500000US08101,1000.0,161237,7187,0,0,7187,168424,141052,27372,0.04267206573884957,1.417916796642373e-05,0.2624945199473915
0500000US08105,100.0,134,2115,7748,1270,11133,11267,4268,6999,0.988106860743765,1.0,0.980854407772539
0500000US08105,250.0,2665,7427,1175,0,8602,11267,4268,6999,0.7634685364338333,0.992970946579194,0.6235176453779111
0500000US08105,1000.0,6238,4993,36,0,5029,11267,4268,6999,0.446347741191089,0.22399250234301782,0.5819402771824547
0500000US08107,100.0,1172,8410,14153,1903,24466,25638,12818,12820,0.9542866058194867,1.0,0.9085803432137286
0500000US08107,250.0,9856,14342,1154,286,15782,25638,12818,12820,0.6155706373352056,0.9570135746606335,0.27418096723868957
0500000US08107,1000.0,24128,1223,287,0,1510,25638,12818,12820,0.05889694984008113,0.09595880792635357,0.0218408736349454
0500000US08117,25.0,0,0,3233,27778,31011,31011,22368,8643,1.0,1.0,1.0
0500000US08117,100.0,3792,26602,617,0,27219,31011,22368,8643,0.8777208087452839,0.9748301144492132,0.62640286937406
0500000US08117,250.0,3792,26664,555,0,27219,31011,22368,8643,0.8777208087452839,0.9748301144492132,0.62640286937406
0500000US08117,1000.0,30456,555,0,0,555,31011,22368,8643,0.01789687530231208,0.02481223175965665,0.0
0500000US08119,25.0,0,0,3328,22060,25388,25388,8956,16432,1.0,1.0,1.0
0500000US08119,100.0,7047,6569,7323,4449,18341,25388,8956,16432,0.7224279187017488,0.9893925859758821,0.5769230769230769
0500000US08119,250.0,19212,6064,112,0,6176,25388,8956,16432,0.24326453442571294,0.6097588209021885,0.043512658227848104
0500000US08119,1000.0,19418,5970,0,0,5970,25388,8956,16432,0.2351504647865133,0.6049575703439035,0.03359298928919182
0500000US08123,25.0,0,7,15183,309244,324434,324434,232932,91502,1.0,1.0,1.0
0500000US08123,100.0,62777,139983,103262,18412,261657,324434,232932,91502,0.8065030175628941,0.944597564954579,0.45496273305501517
0500000US08123,250.0,115213,195952,13193,76,209221,324434,232932,91502,0.6448800064111653,0.8335093503683478,0.16469585364254333
0500000US08123,1000.0,320153,4281,0,0,4281,324434,232932,91502,0.013195287793511161,0.0009358954544673982,0.04440340101855697
0500000US08125,100.0,142,4582,3120,2175,9877,10019,3413,6606,0.9858269288352131,1.0,0.9785043899485316
0500000US08125,250.0,5863,4156,0,0,4156,10019,3413,6606,0.41481185747080546,0.0,0.6291250378443839
0500000US08125,1000.0,5863,4156,0,0,4156,10019,3413,6606,0.41481185747080546,0.0,0.6291250378443839
0500000US09001,25.0,0,1,6416,936915,943332,943332,898093,45239,1.0,1.0,1.0
0500000US09001,100.0,12427,745425,178255,7225,930905,943332,898093,45239,0.9868264831469726,0.9867029361101801,0.9892791617851854
0500000US09001,250.0,24060,850381,68373,518,919272,943332,898093,45239,0.9744946635966977,0.9744180168423537,0.9760162691483012
0500000US09001,1000.0,918487,24845,0,0,24845,943332,898093,45239,0.02633749305652729,0.027512740885409417,0.003006255664360397
0500000US09003,25.0,0,0,8580,883140,891720,891720,842705,49015,1.0,1.0,1.0
0500000US09003,100.0,10911,746138,121940,12731,880809,891720,842705,49015,0.9877640963531154,0.9874534979619203,0.9931041517902682
0500000US09003,250.0,11281,818856,61168,415,880439,891720,842705,49015,0.9873491679002377,0.987015622311485,0.993083749872488
0500000US09003,1000.0,836999,54721,0,0,54721,891720,842705,49015,0.06136567532409277,0.06493494164624632,0.0
0500000US09005,25.0,0,0,1559,178774,180333,180333,102859,77474,1.0,1.0,1.0
0500000US09005,100.0,2036,167216,11081,0,178297,180333,102859,77474,0.9887097758036522,0.9888390904053121,0.9885380901980019
0500000US09005,250.0,18868,158184,3281,0,161465,180333,102859,77474,0.8953713407973027,0.9646311941589943,0.803417920850866
0500000US09005,1000.0,180333,0,0,0,0,180333,102859,77474,0.0,0.0,0.0
0500000US09007,25.0,0,1,973,161462,162436,162436,121700,40736,1.0,1.0,1.0
0500000US09007,100.0,1346,149835,11255,0,161090,162436,121700,40736,0.9917136595336009,0.9906820049301561,0.9947957580518461
0500000US09007,250.0,66797,95639,0,0,95639,162436,121700,40736,0.5887795808810855,0.6413147082990961,0.4318293401413983
0500000US09007,1000.0,162226,210,0,0,210,162436,121700,40736,0.0012928168632569135,0.001725554642563681,0.0
0500000US09009,25.0,0,0,1949,852808,854757,854757,822978,31779,1.0,1.0,1.0
0500000US09009,100.0,6823,735995,108698,3241,847934,854757,822978,31779,0.9920176143629125,0.991809015550841,0.9974196796626703
0500000US09009,250.0,9868,788105,56784,0,844889,854757,822978,31779,0.9884551983780185,0.9881576421240909,0.9961609868151924
0500000US09009,1000.0,804588,50169,0,0,50169,854757,822978,31779,0.0586938743993907,0.06096031728673185,0.0
0500000US09011,25.0,0,0,3144,262062,265206,265206,194339,70867,1.0,1.0,1.0
0500000US09011,100.0,4089,129034,114895,17188,261117,265206,194339,70867,0.9845817967919278,0.9826231482100865,0.9899530105690942
0500000US09011,250.0,80329,115891,68986,0,184877,265206,194339,70867,0.6971071544384365,0.6904635713881413,0.715325892164195
0500000US09011,1000.0,265206,0,0,0,0,265206,194339,70867,0.0,0.0,0.0
0500000US09013,25.0,0,0,3991,146730,150721,150721,92283,58438,1.0,1.0,1.0
0500000US09013,100.0,4496,140564,5661,0,146225,150721,92283,58438,0.9701700492963821,0.9538268153397701,0.9959786440329922
0500000US09013,250.0,4498,142781,3442,0,146223,150721,92283,58438,0.9701567797453573,0.9538051428757193,0.9959786440329922
0500000US09013,1000.0,150721,0,0,0,0,150721,92283,58438,0.0,0.0,0.0
0500000US09015,25.0,0,0,443,116339,116782,116782,57480,59302,1.0,1.0,1.0
0500000US09015,100.0,450,110678,5654,0,116332,116782,57480,59302,0.996146666438321,0.9964683368128044,0.9958348790934538
0500000US09015,250.0,455,115379,948,0,116327,116782,57480,59302,0.996103851620969,0.9963813500347947,0.9958348790934538
0500000US09015,1000.0,116782,0,0,0,0,116782,57480,59302,0.0,0.0,0.0
0500000US10001,25.0,0,3,6752,174029,180784,180784,130478,50306,1.0,1.0,1.0
0500000US10001,100.0,9493,103077,67398,816,171291,180784,130478,50306,0.9474898221081511,0.976839007342234,0.8713672325368743
0500000US10001,250.0,9493,103191,67284,816,171291,180784,130478,50306,0.9474898221081511,0.976839007342234,0.8713672325368743
0500000US10001,1000.0,180784,0,0,0,0,180784,130478,50306,0.0,0.0,0.0
0500000US10003,25.0,0,0,11384,547369,558753,558753,531461,27292,1.0,1.0,1.0
0500000US10003,100.0,11384,116182,427643,3544,547369,558753,531461,27292,0.9796260601732787,0.9811707726437123,0.949545654404221
0500000US10003,250.0,11384,116182,427643,3544,547369,558753,531461,27292,0.9796260601732787,0.9811707726437123,0.949545654404221
0500000US10003,1000.0,558726,27,0,0,27,558753,531461,27292,4.832188820462709e-05,0.0,0.000989300894034882
0500000US10005,25.0,0,8,3256,230956,234220,234220,136192,98028,1.0,1.0,1.0
0500000US10005,100.0,16592,179487,34674,3467,217628,234220,136192,98028,0.9291606182221843,0.9804907777255639,0.8578467376667891
0500000US10005,250.0,16813,180558,33382,3467,217407,234220,136192,98028,0.9282170608829305,0.9803072133458647,0.8558473089321419
0500000US10005,1000.0,234220,0,0,0,0,234220,136192,98028,0.0,0.0,0.0
0500000US12001,25.0,0,2,36624,232417,269043,269043,205431,63612,1.0,1.0,1.0
0500000US12001,100.0,41029,172149,55771,94,228014,269043,205431,63612,0.8475002137204833,0.9112889486007467,0.6414984594101741
0500000US12001,250.0,51403,168443,49120,77,217640,269043,205431,63612,0.808941321647469,0.9064406053614109,0.4940734452619003
0500000US12001,1000.0,212936,53520,2587,0,56107,269043,205431,63612,0.20854287232895857,0.20840574207398105,0.20898572596365467
0500000US12003,25.0,0,0,4534,24674,29208,29208,11491,17717,1.0,1.0,1.0
0500000US12003,100.0,7498,19420,2290,0,21710,29208,11491,17717,0.7432895097233635,0.9646680010442955,0.5997064965852007
0500000US12003,250.0,7498,21657,53,0,21710,29208,11491,17717,0.7432895097233635,0.9646680010442955,0.5997064965852007
0500000US12003,1000.0,29155,53,0,0,53,29208,11491,17717,0.0018145713503149822,0.004612305282394918,0.0
0500000US12005,25.0,0,1,10603,164101,174705,174705,148940,25765,1.0,1.0,1.0
0500000US12005,100.0,10877,27599,91351,44878,163828,174705,148940,25765,0.9377407630004866,0.9857727944138579,0.6600815059188821
0500000US12005,250.0,11656,38962,87583,36504,163049,174705,148940,25765,0.9332818179216393,0.9822008862629247,0.650494857364642
0500000US12005,1000.0,138145,36183,377,0,36560,174705,148940,25765,0.20926705017028704,0.22785685510944004,0.10180477391810595
0500000US12007,25.0,0,0,13177,15023,28200,28200,7129,21071,1.0,1.0,1.0
0500000US12007,100.0,15463,11996,741,0,12737,28200,7129,21071,0.45166666666666666,0.8720718193294992,0.3094300223055384
0500000US12007,250.0,17143,11049,8,0,11057,28200,7129,21071,0.3920921985815603,0.8720718193294992,0.22969958711024632
0500000US12007,1000.0,28192,8,0,0,8,28200,7129,21071,0.00028368794326241134,0.0011221770234254454,0.0
0500000US12009,25.0,0,5,2968,598964,601937,601937,566055,35882,1.0,1.0,1.0
0500000US12009,100.0,3233,225748,363022,9934,598704,601937,566055,35882,0.9946290060255475,0.9995247811608413,0.9173959088122178
0500000US12009,250.0,3580,473963,121399,2995,598357,601937,566055,35882,0.9940525337369193,0.9995194813224864,0.9078089292681567
0500000US12009,1000.0,486280,115355,302,0,115657,601937,566055,35882,0.19214137027629138,0.18947805425267863,0.23415640153837577
0500000US12011,25.0,0,14,36188,1916576,1952778,1952778,1951848,930,1.0,1.0,1.0
0500000US12011,100.0,42538,459281,1350687,100272,1910240,1952778,1951848,930,0.9782166738871495,0.978602329689607,0.16881720430107527
0500000US12011,250.0,47907,1086865,756719,61287,1904871,1952778,1951848,930,0.9754672574148213,0.9758516031986098,0.16881720430107527
0500000US12011,1000.0,1040447,809995,101181,1155,912331,1952778,1951848,930,0.46719647599471115,0.46736067562638073,0.12258064516129032
0500000US12013,25.0,0,0,836,13269,14105,14105,4347,9758,1.0,1.0,1.0
0500000US12013,100.0,9462,4643,0,0,4643,14105,4347,9758,0.32917405175469694,0.6940418679549114,0.16663250666120105
0500000US12013,250.0,12772,1333,0,0,1333,14105,4347,9758,0.0945054945054945,0.16908212560386474,0.06128304980528797
0500000US12013,1000.0,14063,42,0,0,42,14105,4347,9758,0.002977667493796526,0.0,0.00430416068866571
0500000US12015,25.0,0,7,5141,183756,188904,188904,168386,20518,1.0,1.0,1.0
0500000US12015,100.0,20462,124414,44028,0,168442,188904,168386,20518,0.8916804302714606,0.9224638627914434,0.6390486402183448
0500000US12015,250.0,24150,161263,3491,0,164754,188904,168386,20518,0.8721572862406302,0.9079495920088368,0.5784189492153231
0500000US12015,1000.0,188904,0,0,0,0,188904,168386,20518,0.0,0.0,0.0
0500000US12017,25.0,0,6,8912,140735,149653,149653,96678,52975,1.0,1.0,1.0
0500000US12017,100.0,11329,126541,11783,0,138324,149653,96678,52975,0.9242982098588067,0.987463538757525,0.8090231241151487
0500000US12017,250.0,12856,135038,1759,0,136797,149653,96678,52975,0.9140946055207714,0.9822503568547136,0.7897121283624351
0500000US12017,1000.0,148786,867,0,0,867,149653,96678,52975,0.005793402070122216,0.003816793893129771,0.009400660689004248
0500000US12019,25.0,0,3,15189,204056,219248,219248,178834,40414,1.0,1.0,1.0
0500000US12019,100.0,18603,56185,144460,0,200645,219248,178834,40414,0.9151508793694811,0.967433485802476,0.6837976938684615
0500000US12019,250.0,23083,116961,79204,0,196165,219248,178834,40414,0.8947173976501496,0.9561548698793294,0.622853466620478
0500000US12019,1000.0,137980,81268,0,0,81268,219248,178834,40414,0.3706670072246953,0.4149882013487368,0.17454347503340426
0500000US12021,25.0,0,73,18017,366808,384898,384898,336756,48142,1.0,1.0,1.0
0500000US12021,100.0,19963,214475,113544,36916,364935,384898,336756,48142,0.9481343109083445,0.9816543728990723,0.7136595903784637
0500000US12021,250.0,21373,237470,96130,29925,363525,384898,336756,48142,0.9444710027072107,0.9812980318093812,0.6868638610776453
0500000US12021,1000.0,283776,90675,10447,0,101122,384898,336756,48142,0.2627241502943637,0.28035432182351616,0.13940010801379252
0500000US12023,25.0,0,2,12535,59147,71684,71684,26902,44782,1.0,1.0,1.0
0500000US12023,100.0,15897,36544,19194,49,55787,71684,26902,44782,0.7782350315272585,0.8270388818675192,0.7489169755705417
0500000US12023,250.0,24508,46047,1129,0,47176,71684,26902,44782,0.6581105965068914,0.8239907813545462,0.558460988790139
0500000US12023,1000.0,70420,1264,0,0,1264,71684,26902,44782,0.01763294459014564,0.011746338562188685,0.02116921977580278
0500000US12027,25.0,0,0,0,38000,38000,38000,19625,18375,1.0,1.0,1.0
0500000US12027,100.0,18680,18207,1113,0,19320,38000,19625,18375,0.508421052631579,0.588687898089172,0.4226938775510204
0500000US12027,250.0,33663,4337,0,0,4337,38000,19625,18375,0.11413157894736842,0.08214012738853503,0.14829931972789115
0500000US12027,1000.0,38000,0,0,0,0,38000,19625,18375,0.0,0.0,0.0
0500000US12029,25.0,0,3,16691,131,16825,16825,3751,13074,1.0,1.0,1.0
0500000US12029,100.0,16825,0,0,0,0,16825,3751,13074,0.0,0.0,0.0
0500000US12029,250.0,16825,0,0,0,0,16825,3751,13074,0.0,0.0,0.0
0500000US12029,1000.0,16825,0,0,0,0,16825,3751,13074,0.0,0.0,0.0
0500000US12031,25.0,0,0,30,957725,957755,957755,925727,32028,1.0,1.0,1.0
0500000US12031,100.0,28995,225627,697049,6084,928760,957755,925727,32028,0.9697260781723928,0.9694823635909939,0.9767703259647809
0500000US12031,250.0,30729,480051,443525,3450,927026,957755,925727,32028,0.9679155942803744,0.967612481865604,0.9766766579243162
0500000US12031,1000.0,510635,444760,2360,0,447120,957755,925727,32028,0.46684172883461844,0.4704734765216959,0.36187086299487947
0500000US12033,25.0,0,10,14547,303756,318313,318313,289443,28870,1.0,1.0,1.0
0500000US12033,100.0,16046,115103,173756,13408,302267,318313,289443,28870,0.9495904974034991,0.9754735820178757,0.6900935226879114
0500000US12033,250.0,38037,201996,74701,3579,280276,318313,289443,28870,0.8805044091821572,0.9408380924741659,0.27561482507793555
0500000US12033,1000.0,237311,80697,305,0,81002,318313,289443,28870,0.25447279878610046,0.2611740480854607,0.18728784205057153
0500000US12035,25.0,0,3,4239,110837,115079,115079,97105,17974,1.0,1.0,1.0
0500000US12035,100.0,4239,34432,75270,1138,110840,115079,97105,17974,0.9631644348664831,0.9995468822408733,0.7666073216868811
0500000US12035,250.0,4239,100864,9976,0,110840,115079,97105,17974,0.9631644348664831,0.9995468822408733,0.7666073216868811
0500000US12035,1000.0,106287,8792,0,0,8792,115079,97105,17974,0.07639969064729446,0.05994541990628701,0.16529431400912428
0500000US12037,25.0,0,4,2013,10108,12125,12125,3786,8339,1.0,1.0,1.0
0500000US12037,100.0,2527,9598,0,0,9598,12125,3786,8339,0.7915876288659793,0.9862651875330164,0.7032018227605229
0500000US12037,250.0,2603,9522,0,0,9522,12125,3786,8339,0.785319587628866,0.9862651875330164,0.6940880201463006
0500000US12037,1000.0,12125,0,0,0,0,12125,3786,8339,0.0,0.0,0.0
0500000US12039,25.0,0,0,4097,41563,45660,45660,15227,30433,1.0,1.0,1.0
0500000US12039,100.0,5467,30273,8739,1181,40193,45660,15227,30433,0.8802671922908454,0.9685427201681224,0.8360989715111885
0500000US12039,250.0,12714,29801,3145,0,32946,45660,15227,30433,0.721550591327201,0.7692913902935575,0.6976637203036178
0500000US12039,1000.0,44338,1322,0,0,1322,45660,15227,30433,0.02895313184406483,0.01563013068890786,0.035619229126277394
0500000US12041,25.0,0,1,13339,5242,18582,18582,2822,15760,1.0,1.0,1.0
0500000US12041,100.0,14901,3681,0,0,3681,18582,2822,15760,0.1980949305779787,0.0,0.23356598984771573
0500000US12041,250.0,18316,266,0,0,266,18582,2822,15760,0.014314928425357873,0.0,0.016878172588832487
0500000US12041,1000.0,18418,164,0,0,164,18582,2822,15760,0.008825745344957486,0.0,0.010406091370558375
0500000US12043,25.0,0,0,4877,8933,13810,13810,3865,9945,1.0,1.0,1.0
0500000US12043,100.0,8428,5097,285,0,5382,13810,3865,9945,0.3897175959449674,0.32496765847347997,0.41488185017596785
0500000US12043,250.0,10127,3683,0,0,3683,13810,3865,9945,0.2666908037653874,0.1389391979301423,0.31633986928104574
0500000US12043,1000.0,13810,0,0,0,0,13810,3865,9945,0.0,0.0,0.0
0500000US12045,25.0,0,0,1098,12541,13639,13639,3662,9977,1.0,1.0,1.0
0500000US12045,100.0,3160,10479,0,0,10479,13639,3662,9977,0.7683114597844417,0.9980884762424904,0.6839731382179012
0500000US12045,250.0,3160,10479,0,0,10479,13639,3662,9977,0.7683114597844417,0.9980884762424904,0.6839731382179012
0500000US12045,1000.0,13639,0,0,0,0,13639,3662,9977,0.0,0.0,0.0
0500000US12047,25.0,0,0,4043,10385,14428,14428,3924,10504,1.0,1.0,1.0
0500000US12047,100.0,7042,7386,0,0,7386,14428,3924,10504,0.5119212642084835,0.5336391437308868,0.5038080731150039
0500000US12047,250.0,13704,724,0,0,724,14428,3924,10504,0.050180205156639866,0.1636085626911315,0.007806549885757807
0500000US12047,1000.0,13808,620,0,0,620,14428,3924,10504,0.04297199889104519,0.14704383282364933,0.004093678598629094
0500000US12049,25.0,0,0,0,26937,26937,26937,14219,12718,1.0,1.0,1.0
0500000US12049,100.0,10073,16864,0,0,16864,26937,14219,12718,0.6260533838215094,0.9135663548772769,0.3046076427111181
0500000US12049,250.0,24030,2907,0,0,2907,26937,14219,12718,0.10791847644503842,0.18749560447288838,0.018949520364837238
0500000US12049,1000.0,26937,0,0,0,0,26937,14219,12718,0.0,0.0,0.0
0500000US12051,25.0,0,0,9927,32095,42022,42022,25146,16876,1.0,1.0,1.0
0500000US12051,100.0,11354,19133,11120,415,30668,42022,25146,16876,0.7298081957070106,0.9249980116121849,0.43896657975823655
0500000US12051,250.0,13812,27791,419,0,28210,42022,25146,16876,0.6713150254628528,0.9217768233516265,0.2981156672197203
0500000US12051,1000.0,41606,416,0,0,416,42022,25146,16876,0.009899576412355433,0.01654338662212678,0.0
0500000US12053,25.0,0,3,4315,189583,193901,193901,153349,40552,1.0,1.0,1.0
0500000US12053,100.0,7269,158803,26596,1233,186632,193901,153349,40552,0.9625117972573632,0.9995826513377981,0.8223268889327283
0500000US12053,250.0,7269,158803,26596,1233,186632,193901,153349,40552,0.9625117972573632,0.9995826513377981,0.8223268889327283
0500000US12053,1000.0,166195,27706,0,0,27706,193901,153349,40552,0.14288734973001688,0.16840018519846886,0.04640954823436575
0500000US12055,25.0,0,0,0,106219,106219,106219,81426,24793,1.0,1.0,1.0
0500000US12055,100.0,19166,85563,1490,0,87053,106219,81426,24793,0.8195614720530225,0.9055829833222804,0.537046747065704
0500000US12055,250.0,103954,2265,0,0,2265,106219,81426,24793,0.021323868611077115,0.022609485913590254,0.017101601258419714
0500000US12055,1000.0,106219,0,0,0,0,106219,81426,24793,0.0,0.0,0.0
0500000US12057,25.0,0,46,4473,1467400,1471919,1471919,1408262,63657,1.0,1.0,1.0
0500000US12057,100.0,9062,83242,1316598,63017,1462857,1471919,1408262,63657,0.9938434112203185,0.9990165182331129,0.8794005372543475
0500000US12057,250.0,19416,1438748,13755,0,1452503,1471919,1408262,63657,0.9868090567483673,0.9961583853004625,0.779977064580486
0500000US12057,1000.0,1470172,1747,0,0,1747,1471919,1408262,63657,0.0011868859631542225,0.0012405362070410193,0.0
0500000US12059,25.0,0,0,12904,6713,19617,19617,4000,15617,1.0,1.0,1.0
0500000US12059,100.0,13408,6194,15,0,6209,19617,4000,15617,0.31651118927460875,0.97575,0.14765960171607864
0500000US12059,250.0,14696,4906,15,0,4921,19617,4000,15617,0.2508538512514656,0.6665,0.1443939296920023
0500000US12059,1000.0,19617,0,0,0,0,19617,4000,15617,0.0,0.0,0.0
0500000US12061,25.0,0,0,3,159919,159922,159922,148005,11917,1.0,1.0,1.0
0500000US12061,100.0,10957,60591,87473,901,148965,159922,148005,11917,0.93148534910769,0.9555015033275903,0.6332130569774272
0500000US12061,250.0,11541,118062,29418,901,148381,159922,148005,11917,0.9278335688648216,0.9543866761258065,0.5980532013090543
0500000US12061,1000.0,129296,29725,901,0,30626,159922,148005,11917,0.19150585910631432,0.19170973953582648,0.18897373500041956
0500000US12063,25.0,0,0,18619,27795,46414,46414,10501,35913,1.0,1.0,1.0
0500000US12063,100.0,21681,24441,292,0,24733,46414,10501,35913,0.5328780109449734,0.8183982477859252,0.44939158521983685
0500000US12063,250.0,25563,20559,292,0,20851,46414,10501,35913,0.44923945361313394,0.5389010570421865,0.4230223039010943
0500000US12063,1000.0,46414,0,0,0,0,46414,10501,35913,0.0,0.0,0.0
0500000US12069,25.0,0,32,28773,338297,367102,367102,288963,78139,1.0,1.0,1.0
0500000US12069,100.0,34613,187196,110858,34435,332489,367102,288963,78139,0.9057128536483048,0.956503081709423,0.7178873545860581
0500000US12069,250.0,52395,237664,56492,20551,314707,367102,288963,78139,0.85727400014165,0.9234607890975661,0.6125110380219865
0500000US12069,1000.0,364283,2819,0,0,2819,367102,288963,78139,0.007679064674123268,0.009755574243069182,0.0
0500000US12071,25.0,0,169,66496,703909,770574,770574,714737,55837,1.0,1.0,1.0
0500000US12071,100.0,77315,367930,308679,16650,693259,770574,714737,55837,0.899665703748115,0.9106398577378813,0.7591919336640579
0500000US12071,250.0,155896,415650,185707,13321,614678,770574,714737,55837,0.7976884763825408,0.8042510741713386,0.713684474452424
0500000US12071,1000.0,732392,37190,992,0,38182,770574,714737,55837,0.049550075657886196,0.04992605671736597,0.044737360531547185
0500000US12073,25.0,0,6,10198,283378,293582,293582,254146,39436,1.0,1.0,1.0
0500000US12073,100.0,16429,193612,83541,0,277153,293582,254146,39436,0.944039484709553,0.9620336342102571,0.8280758697636678
0500000US12073,250.0,18373,250326,24883,0,275209,293582,254146,39436,0.9374178253435156,0.9602590636878015,0.7902170605538087
0500000US12073,1000.0,291328,2254,0,0,2254,293582,254146,39436,0.007677582413090721,0.0073146931291462386,0.010016228826452988
0500000US12075,25.0,0,0,35696,5806,41502,41502,3197,38305,1.0,1.0,1.0
0500000US12075,100.0,38442,3060,0,0,3060,41502,3197,38305,0.07373138643920775,0.01876759461995621,0.0783187573423835
0500000US12075,250.0,41427,75,0,0,75,41502,3197,38305,0.001807141824490386,0.0,0.0019579689335595873
0500000US12075,1000.0,41502,0,0,0,0,41502,3197,38305,0.0,0.0,0.0
0500000US12079,25.0,0,0,7900,10593,18493,18493,3625,14868,1.0,1.0,1.0
0500000US12079,100.0,8562,9919,12,0,9931,18493,3625,14868,0.5370140052993024,0.9922758620689656,0.4260156039817057
0500000US12079,250.0,18330,163,0,0,163,18493,3625,14868,0.00881414589304061,0.007172413793103448,0.009214420231369385
0500000US12079,1000.0,18493,0,0,0,0,18493,3625,14868,0.0,0.0,0.0
0500000US12081,25.0,0,18,2622,400593,403233,403233,371729,31504,1.0,1.0,1.0
0500000US12081,100.0,3561,66502,314130,19040,399672,403233,371729,31504,0.9911688775472246,0.996591603022632,0.9271838496698832
0500000US12081,250.0,4285,375281,23667,0,398948,403233,371729,31504,0.9893733895787299,0.9962365056264106,0.9083925850685627
0500000US12081,1000.0,403233,0,0,0,0,403233,371729,31504,0.0,0.0,0.0
0500000US12083,25.0,0,4,29137,336428,365569,365569,247764,117805,1.0,1.0,1.0
0500000US12083,100.0,43130,177088,99812,45539,322439,365569,247764,117805,0.8820195366674964,0.9442937634200287,0.7510462204490471
0500000US12083,250.0,85061,216396,53612,10500,280508,365569,247764,117805,0.7673188919191726,0.901797678435931,0.4844870761003353
0500000US12083,1000.0,364530,1039,0,0,1039,365569,247764,117805,0.002842144711395113,0.002135096301318997,0.004329188065022707
0500000US12085,25.0,0,2,4312,156686,161000,161000,144748,16252,1.0,1.0,1.0
0500000US12085,100.0,5733,58444,92814,4009,155267,161000,144748,16252,0.964391304347826,0.9833780086771493,0.7952867339404381
0500000US12085,250.0,7871,118576,33888,665,153129,161000,144748,16252,0.951111801242236,0.9819272114295189,0.6766551809008122
0500000US12085,1000.0,129388,31139,473,0,31612,161000,144748,16252,0.19634782608695653,0.19569182303037003,0.20219049963081467
0500000US12086,25.0,0,119,95208,2621613,2716940,2716940,2690557,26383,1.0,1.0,1.0
0500000US12086,100.0,114460,752597,1752934,96949,2602480,2716940,2690557,26383,0.9578717233358116,0.9629675193649493,0.43819884016222566
0500000US12086,250.0,126943,1382380,1165087,42530,2589997,2716940,2690557,26383,0.9532772162800798,0.9589382421558064,0.37596179357919873
0500000US12086,1000.0,1381165,1243176,89311,3288,1335775,2716940,2690557,26383,0.491646852709298,0.4950160877468866,0.14804988060493499
0500000US12087,25.0,0,3,2864,71361,74228,74228,66746,7482,1.0,1.0,1.0
0500000US12087,100.0,3217,14602,56409,0,71011,74228,66746,7482,0.9566605593576548,0.9612561052347707,0.9156642608928094
0500000US12087,250.0,3358,41936,28934,0,70870,74228,66746,7482,0.9547610066282265,0.9591586012644953,0.9155306067896284
0500000US12087,1000.0,45096,29132,0,0,29132,74228,66746,7482,0.3924664547071186,0.3807868636322776,0.49665864742047583
0500000US12089,25.0,0,1,6421,82202,88624,88624,43962,44662,1.0,1.0,1.0
0500000US12089,100.0,8924,26231,53151,318,79700,88624,43962,44662,0.8993049286874887,0.9634684500250216,0.8361470601406117
0500000US12089,250.0,11871,47143,29292,318,76753,88624,43962,44662,0.8660520852139375,0.9632637277648879,0.7703640678876897
0500000US12089,1000.0,59341,28958,325,0,29283,88624,43962,44662,0.33041839682253116,0.42479868977753515,0.2375173525592226
0500000US12091,25.0,0,11,14881,195828,210720,210720,179414,31306,1.0,1.0,1.0
0500000US12091,100.0,20014,160771,24588,5347,190706,210720,179414,31306,0.9050208807896735,0.9574615135942569,0.6044847633041589
0500000US12091,250.0,20937,173253,14659,1871,189783,210720,179414,31306,0.9006406605922551,0.9556779292585863,0.5852232798824506
0500000US12091,1000.0,208071,2649,0,0,2649,210720,179414,31306,0.01257118451025057,0.005072067954563189,0.05554845716476075
0500000US12093,25.0,0,0,12,42156,42168,42168,25823,16345,1.0,1.0,1.0
0500000US12093,100.0,10362,31638,168,0,31806,42168,25823,16345,0.754268639726807,0.9704526972079154,0.4127256041602937
0500000US12093,250.0,10362,31638,168,0,31806,42168,25823,16345,0.754268639726807,0.9704526972079154,0.4127256041602937
0500000US12093,1000.0,42168,0,0,0,0,42168,25823,16345,0.0,0.0,0.0
0500000US12095,25.0,0,0,11,1393439,1393450,1393450,1343277,50173,1.0,1.0,1.0
0500000US12095,100.0,13526,512457,546819,320648,1379924,1393450,1343277,50173,0.9902931572715203,0.9946719850038376,0.8730592151156997
0500000US12095,250.0,15939,721248,452973,203290,1377511,1393450,1343277,50173,0.9885614840862608,0.9945387287953267,0.8285332748689535
0500000US12095,1000.0,1010297,367422,15731,0,383153,1393450,1343277,50173,0.27496716782087627,0.2743983556630539,0.2901959221095011
0500000US12097,25.0,0,0,20,375723,375743,375743,321050,54693,1.0,1.0,1.0
0500000US12097,100.0,16926,157424,144465,56928,358817,375743,321050,54693,0.954953252622138,0.9969225977262108,0.7085915930740679
0500000US12097,250.0,17731,209976,118702,29334,358012,375743,321050,54693,0.9528108308072273,0.9963089861392307,0.6974749968003218
0500000US12097,1000.0,358517,16629,597,0,17226,375743,321050,54693,0.04584516544553059,0.04913564865285781,0.026529903278298867
0500000US12099,25.0,0,37,45770,1450957,1496764,1496764,1462172,34592,1.0,1.0,1.0
0500000US12099,100.0,49970,457922,906291,82581,1446794,1496764,1462172,34592,0.966614643323864,0.9772393398314289,0.517518501387604
0500000US12099,250.0,54859,975136,430206,36563,1441905,1496764,1462172,34592,0.9633482633200692,0.9742294340200742,0.5034111933395005
0500000US12099,1000.0,1026448,433511,36805,0,470316,1496764,1462172,34592,0.3142218813386746,0.31820674995828124,0.14578515263644773
0500000US12101,25.0,0,0,7796,546118,553914,553914,493456,60458,1.0,1.0,1.0
0500000US12101,100.0,10649,59123,477231,6911,543265,553914,493456,60458,0.9807749939521297,0.9932131740215946,0.879255020013894
0500000US12101,250.0,13405,533511,6998,0,540509,553914,493456,60458,0.9757994923399661,0.9921695146071787,0.8421879651989811
0500000US12101,1000.0,553914,0,0,0,0,553914,493456,60458,0.0,0.0,0.0
0500000US12103,25.0,0,3,687,974306,974996,974996,972215,2781,1.0,1.0,1.0
0500000US12103,100.0,681,158094,399113,417108,974315,974996,972215,2781,0.9993015355960435,0.9993149663397499,0.9946062567421791
0500000US12103,250.0,690,247300,722258,4748,974306,974996,972215,2781,0.9992923047889427,0.999305709128125,0.9946062567421791
0500000US12103,1000.0,974913,83,0,0,83,974996,972215,2781,8.512855437355641e-05,8.537206276389481e-05,0.0
0500000US12105,25.0,0,34,33546,691169,724749,724749,612261,112488,1.0,1.0,1.0
0500000US12105,100.0,34695,387275,277086,25693,690054,724749,612261,112488,0.9521282540576117,0.9907523098809168,0.7419013583671147
0500000US12105,250.0,109791,583925,31033,0,614958,724749,612261,112488,0.8485116916339311,0.8947916003142451,0.5966147500177796
0500000US12105,1000.0,722565,2184,0,0,2184,724749,612261,112488,0.003013457072724488,0.0010567388744342691,0.013663679681388237
0500000US12107,25.0,0,0,12691,61827,74518,74518,32618,41900,1.0,1.0,1.0
0500000US12107,100.0,16302,39820,18396,0,58216,74518,32618,41900,0.7812340642529322,0.925133361947391,0.6692124105011933
0500000US12107,250.0,23854,49999,665,0,50664,74518,32618,41900,0.6798894226898199,0.8875467533263842,0.5182338902147972
0500000US12107,1000.0,74518,0,0,0,0,74518,32618,41900,0.0,0.0,0.0
0500000US12109,25.0,0,0,52,264615,264667,264667,190020,74647,1.0,1.0,1.0
0500000US12109,100.0,12172,51480,184333,16682,252495,264667,190020,74647,0.9540101334884968,0.9866908746447742,0.8708186531273863
0500000US12109,250.0,14828,125618,124221,0,249839,264667,190020,74647,0.9439748816437259,0.9854436375118408,0.8384127962275778
0500000US12109,1000.0,140000,124667,0,0,124667,264667,190020,74647,0.4710334117967106,0.43935375223660666,0.5516765576647421
0500000US12111,25.0,0,18,18459,309816,328293,328293,307204,21089,1.0,1.0,1.0
0500000US12111,100.0,23743,136052,160064,8434,304550,328293,307204,21089,0.9276774101184003,0.9561984869988672,0.5122101569538622
0500000US12111,250.0,25584,256411,42643,3655,302709,328293,307204,21089,0.9220696146430171,0.954876889623833,0.4441652046090379
0500000US12111,1000.0,276875,47461,3803,154,51418,328293,307204,21089,0.1566222855802591,0.15904415307092357,0.12134288017449855
0500000US12113,25.0,0,32,21593,162666,184291,184291,136653,47638,1.0,1.0,1.0
0500000US12113,100.0,23685,53857,90688,16061,160606,184291,136653,47638,0.8714804304062597,0.9688993289572859,0.592027373105504
0500000US12113,250.0,27975,97808,48543,9965,156316,184291,136653,47638,0.8482020283139166,0.9655550920945754,0.5115663965741635
0500000US12113,1000.0,130960,51540,1791,0,53331,184291,136653,47638,0.28938472307383434,0.3279474288892304,0.17876485158906755
0500000US12115,25.0,0,3,4843,428879,433725,433725,408698,25027,1.0,1.0,1.0
0500000US12115,100.0,15611,85527,325537,7050,418114,433725,408698,25027,0.9640071473860164,0.9752726952419635,0.7800375594358093
0500000US12115,250.0,24317,401320,7706,382,409408,433725,408698,25027,0.9439345207216554,0.956973119516122,0.7310105086506573
0500000US12115,1000.0,432723,1002,0,0,1002,433725,408698,25027,0.0023102196091993777,0.000557869135645391,0.03092659927278539
0500000US12117,25.0,0,0,2,471816,471818,471818,454684,17134,1.0,1.0,1.0
0500000US12117,100.0,1410,232911,230918,6579,470408,471818,454684,17134,0.9970115595420268,0.9993885863588778,0.9339325318081009
0500000US12117,250.0,1749,341997,127903,169,470069,471818,454684,17134,0.9962930621553227,0.9992280352948422,0.9184078440527605
0500000US12117,1000.0,374406,97412,0,0,97412,471818,454684,17134,0.2064609658809117,0.20823912871356812,0.15927395821174273
0500000US12119,25.0,0,8,9033,123374,132415,132415,72085,60330,1.0,1.0,1.0
0500000US12119,100.0,12591,70894,34198,14732,119824,132415,72085,60330,0.904912585432164,0.9756953596448638,0.820338140228742
0500000US12119,250.0,16242,83958,22012,10203,116173,132415,72085,60330,0.8773401804931465,0.975348546854408,0.7602353721200066
0500000US12119,1000.0,130609,1806,0,0,1806,132415,72085,60330,0.013638938186761318,0.0,0.029935355544505222
0500000US12121,25.0,0,0,5244,39173,44417,44417,7215,37202,1.0,1.0,1.0
0500000US12121,100.0,11770,23090,9557,0,32647,44417,7215,37202,0.735011369520679,0.9308385308385309,0.6970324176119563
0500000US12121,250.0,30186,10407,3824,0,14231,44417,7215,37202,0.3203953441249972,0.9308385308385309,0.2020052685339498
0500000US12121,1000.0,39808,4609,0,0,4609,44417,7215,37202,0.10376657586059392,0.23742203742203744,0.07784527713563787
0500000US12123,25.0,0,0,6190,15379,21569,21569,6873,14696,1.0,1.0,1.0
0500000US12123,100.0,7336,14233,0,0,14233,21569,6873,14696,0.6598822383977004,0.9805034191764878,0.5099346761023408
0500000US12123,250.0,21393,176,0,0,176,21569,6873,14696,0.008159859056979924,0.0,0.011976047904191617
0500000US12123,1000.0,21569,0,0,0,0,21569,6873,14696,0.0,0.0,0.0
0500000US12125,25.0,0,1,4258,10978,15237,15237,4545,10692,1.0,1.0,1.0
0500000US12125,100.0,8527,6695,15,0,6710,15237,4545,10692,0.44037540198201747,0.37007700770077007,0.4702581369248036
0500000US12125,250.0,14599,638,0,0,638,15237,4545,10692,0.041871759532716414,0.05962596259625962,0.03432472876917322
0500000US12125,1000.0,15237,0,0,0,0,15237,4545,10692,0.0,0.0,0.0
0500000US12127,25.0,0,0,11,553272,553283,553283,491801,61482,1.0,1.0,1.0
0500000US12127,100.0,11739,284303,248829,8412,541544,553283,491801,61482,0.9787830097798053,0.9996339983041922,0.8119937542695423
0500000US12127,250.0,21536,474406,56960,381,531747,553283,491801,61482,0.9610759773931243,0.9830439547703238,0.7853518102859374
0500000US12127,1000.0,496843,56440,0,0,56440,553283,491801,61482,0.10200927915732094,0.09942029398069545,0.12271884453986533
0500000US12129,25.0,0,1,2586,31152,33739,33739,12228,21511,1.0,1.0,1.0
0500000US12129,100.0,2822,23849,7068,0,30917,33739,12228,21511,0.9163579240641394,0.9892051030421982,0.8749477011761424
0500000US12129,250.0,2990,29378,1371,0,30749,33739,12228,21511,0.91137852337058,0.9878966306836768,0.8678815489749431
0500000US12129,1000.0,33739,0,0,0,0,33739,12228,21511,0.0,0.0,0.0
0500000US12131,25.0,0,0,13672,60390,74062,74062,23933,50129,1.0,1.0,1.0
0500000US12131,100.0,18068,40225,9243,6526,55994,74062,23933,50129,0.7560422348842861,0.9913508544687252,0.6436992559197271
0500000US12131,250.0,40083,23916,7684,2379,33979,74062,23933,50129,0.4587912829791256,0.699786905110099,0.3437331684254623
0500000US12131,1000.0,70799,3263,0,0,3263,74062,23933,50129,0.04405768140206854,0.13633894622487777,0.0
0500000US12133,100.0,17590,7872,6,0,7878,25468,3869,21599,0.3093293544840584,1.0,0.18561044492800594
0500000US12133,250.0,23520,1948,0,0,1948,25468,3869,21599,0.07648814198209518,0.0,0.09018936061854715
0500000US12133,1000.0,25468,0,0,0,0,25468,3869,21599,0.0,0.0,0.0
0500000US13001,100.0,9110,9238,38,0,9276,18386,5229,13157,0.5045143043620146,1.0,0.30759291631830965
0500000US13001,250.0,18333,53,0,0,53,18386,5229,13157,0.002882628086587621,0.0021036527060623446,0.003192217070760812
0500000US13001,1000.0,18386,0,0,0,0,18386,5229,13157,0.0,0.0,0.0
0500000US13005,100.0,2474,8497,193,0,8690,11164,3368,7796,0.7783948405589395,1.0,0.6826577732170344
0500000US13005,250.0,10998,166,0,0,166,11164,3368,7796,0.014869222500895736,0.0,0.02129297075423294
0500000US13005,1000.0,11164,0,0,0,0,11164,3368,7796,0.0,0.0,0.0
0500000US13009,25.0,0,0,1705,43185,44890,44890,28846,16044,1.0,1.0,1.0
0500000US13009,100.0,2931,20397,17826,3736,41959,44890,28846,16044,0.9347070617063934,0.9544824239062608,0.8991523310895039
0500000US13009,250.0,6741,30489,6249,1411,38149,44890,28846,16044,0.8498329249276008,0.9544824239062608,0.6616803789578659
0500000US13009,1000.0,41922,2968,0,0,2968,44890,28846,16044,0.06611717531744264,0.08313111003258684,0.03552729992520568
0500000US13011,25.0,0,0,3222,16008,19230,19230,1174,18056,1.0,1.0,1.0
0500000US13011,100.0,6273,10946,2011,0,12957,19230,1174,18056,0.6737909516380656,0.7964224872231687,0.6658174568010634
0500000US13011,250.0,15047,3791,392,0,4183,19230,1174,18056,0.21752470098803953,0.45911413969335607,0.2018165706690297
0500000US13011,1000.0,17127,2103,0,0,2103,19230,1174,18056,0.1093603744149766,0.16524701873935263,0.10572662826761188
0500000US13013,25.0,0,13,1115,82112,83240,83240,57267,25973,1.0,1.0,1.0
0500000US13013,100.0,1668,24137,56014,1421,81572,83240,57267,25973,0.9799615569437771,0.9883004173433216,0.9615754822315481
0500000US13013,250.0,49702,31913,1625,0,33538,83240,57267,25973,0.40290725612686207,0.4756142280894756,0.24259808262426366
0500000US13013,1000.0,51705,31233,302,0,31535,83240,57267,25973,0.378844305622297,0.4468367471667802,0.2289300427366881
0500000US13015,25.0,0,2,6189,101545,107736,107736,68455,39281,1.0,1.0,1.0
0500000US13015,100.0,7593,38946,60469,728,100143,107736,68455,39281,0.9295221652929383,0.9855233364984296,0.8319289223797764
0500000US13015,250.0,8190,62695,36123,728,99546,107736,68455,39281,0.9239808420583648,0.9847198889781609,0.818130902981085
0500000US13015,1000.0,70843,36165,728,0,36893,107736,68455,39281,0.3424389247790896,0.4270688773646921,0.19495430360734198
0500000US13017,25.0,0,0,1249,15451,16700,16700,11006,5694,1.0,1.0,1.0
0500000US13017,100.0,2182,9621,4897,0,14518,16700,11006,5694,0.8693413173652694,0.9634744684717427,0.6873902353354409
0500000US13017,250.0,3591,12130,979,0,13109,16700,11006,5694,0.7849700598802395,0.95475195347992,0.4567966280295047
0500000US13017,1000.0,15870,830,0,0,830,16700,11006,5694,0.04970059880239521,0.06841722696710885,0.013523006673691605
0500000US13019,25.0,0,0,2731,16665,19396,19396,4541,14855,1.0,1.0,1.0
0500000US13019,100.0,4582,9467,5347,0,14814,19396,4541,14855,0.7637657248917302,0.9931733098436468,0.6936385055536857
0500000US13019,250.0,8091,9978,1327,0,11305,19396,4541,14855,0.5828521344607136,0.9883285619907509,0.4589027263547627
0500000US13019,1000.0,18289,1107,0,0,1107,19396,4541,14855,0.05707362342751083,0.17044703809733538,0.02241669471558398
0500000US13021,25.0,0,2,4100,149057,153159,153159,131638,21521,1.0,1.0,1.0
0500000US13021,100.0,4718,101741,46320,380,148441,153159,131638,21521,0.969195411304592,0.9751971315273705,0.9324845499744435
0500000US13021,250.0,4718,102637,45642,162,148441,153159,131638,21521,0.969195411304592,0.9751971315273705,0.9324845499744435
0500000US13021,1000.0,108621,43577,961,0,44538,153159,131638,21521,0.29079583961765226,0.31019158601619595,0.17215742762882766
0500000US13023,25.0,0,0,5944,6929,12873,12873,6180,6693,1.0,1.0,1.0
0500000US13023,100.0,6170,6703,0,0,6703,12873,6180,6693,0.5207022450089335,0.6106796116504855,0.4376213954878231
0500000US13023,250.0,6170,6703,0,0,6703,12873,6180,6693,0.5207022450089335,0.6106796116504855,0.4376213954878231
0500000US13023,1000.0,12873,0,0,0,0,12873,6180,6693,0.0,0.0,0.0
0500000US13025,100.0,132,15988,2587,398,18973,19105,105,19000,0.9930908139230568,1.0,0.9930526315789474
0500000US13025,250.0,17808,1297,0,0,1297,19105,105,19000,0.0678879874378435,0.0,0.06826315789473685
0500000US13025,1000.0,19105,0,0,0,0,19105,105,19000,0.0,0.0,0.0
0500000US13027,25.0,0,0,2558,12899,15457,15457,4406,11051,1.0,1.0,1.0
0500000US13027,100.0,4094,6980,3827,556,11363,15457,4406,11051,0.7351361842530892,0.9875170222423967,0.6345127137815583
0500000US13027,250.0,10836,3077,1544,0,4621,15457,4406,11051,0.2989584007245908,0.36768043576940534,0.27155913491991673
0500000US13027,1000.0,13217,2240,0,0,2240,15457,4406,11051,0.14491816005693214,0.22605537902859738,0.11256899828069858
0500000US13029,25.0,0,0,1931,37695,39626,39626,16897,22729,1.0,1.0,1.0
0500000US13029,100.0,2013,14215,12738,10660,37613,39626,16897,22729,0.9492000201887649,0.940226075634728,0.955871353777113
0500000US13029,250.0,2021,22760,4595,10250,37605,39626,16897,22729,0.9489981325392419,0.9397526188080725,0.955871353777113
0500000US13029,1000.0,24733,863,13433,597,14893,39626,16897,22729,0.3758390955433301,0.024856483399420017,0.6367636059659466
0500000US13031,1000.0,0,77834,1774,0,79608,79608,37876,41732,1.0,1.0,1.0
0500000US13033,25.0,0,0,6222,16161,22383,22383,5333,17050,1.0,1.0,1.0
0500000US13033,100.0,6222,11399,4762,0,16161,22383,5333,17050,0.7220211767859537,0.9902493905869116,0.6381231671554253
0500000US13033,250.0,15357,6945,81,0,7026,22383,5333,17050,0.3138989411607023,0.47609225576598535,0.26316715542521996
0500000US13033,1000.0,15496,6887,0,0,6887,22383,5333,17050,0.30768887101818343,0.47609225576598535,0.25501466275659823
0500000US13035,25.0,0,1,5088,19847,24936,24936,5399,19537,1.0,1.0,1.0
0500000US13035,100.0,7596,12716,4024,600,17340,24936,5399,19537,0.6953801732435033,0.9994443415447305,0.6113528177304601
0500000US13035,250.0,8253,13493,2825,365,16683,24936,5399,19537,0.6690327237728585,0.9994443415447305,0.5777243179607924
0500000US13035,1000.0,21534,3402,0,0,3402,24936,5399,19537,0.13642925890279115,0.49509168364511946,0.03731381481291908
0500000US13039,25.0,0,8,4118,50540,54666,54666,35460,19206,1.0,1.0,1.0
0500000US13039,100.0,7941,24983,21742,0,46725,54666,35460,19206,0.8547360333662606,0.9675126903553299,0.6465167135270228
0500000US13039,250.0,19042,16047,19577,0,35624,54666,35460,19206,0.6516664837376066,0.8261703327693175,0.3294803707174841
0500000US13039,1000.0,22062,32604,0,0,32604,54666,35460,19206,0.5964219075842389,0.7422447828539199,0.3271894199729251
0500000US13043,1000.0,0,5818,4985,0,10803,10803,3485,7318,1.0,1.0,1.0
0500000US13045,25.0,0,0,8750,111239,119989,119989,68409,51580,1.0,1.0,1.0
0500000US13045,100.0,12575,30950,45150,31314,107414,119989,68409,51580,0.8951987265499337,0.9886564633308483,0.7712485459480419
0500000US13045,250.0,30812,59319,20471,9387,89177,119989,68409,51580,0.7432097942311379,0.9519069128331068,0.4664210934470725
0500000US13045,1000.0,94193,25796,0,0,25796,119989,68409,51580,0.21498637375092716,0.32937186627490533,0.06328034121752617
0500000US13047,25.0,0,0,684,66896,67580,67580,48339,19241,1.0,1.0,1.0
0500000US13047,100.0,1033,13380,32963,20204,66547,67580,48339,19241,0.9847144125480911,0.9919112931587332,0.9666337508445507
0500000US13047,250.0,1338,17241,34657,14344,66242,67580,48339,19241,0.9802012429712933,0.9903804381555266,0.9546281378306741
0500000US13047,1000.0,22407,39671,5502,0,45173,67580,48339,19241,0.6684374075170169,0.7838391361012846,0.3785146302167247
0500000US13049,25.0,0,0,3669,9722,13391,13391,5660,7731,1.0,1.0,1.0
0500000US13049,100.0,6307,6390,694,0,7084,13391,5660,7731,0.5290120230005227,0.643286219081272,0.44534989005303327
0500000US13049,250.0,11972,1250,169,0,1419,13391,5660,7731,0.10596669404824136,0.12756183745583038,0.0901565127409132
0500000US13049,1000.0,12351,1040,0,0,1040,13391,5660,7731,0.07766410275558211,0.12367491166077739,0.04397878670288449
0500000US13051,25.0,0,5,4513,284912,289430,289430,274709,14721,1.0,1.0,1.0
0500000US13051,100.0,12830,214971,59804,1825,276600,289430,274709,14721,0.9556714922433749,0.9577152550517093,0.9175327763059574
0500000US13051,250.0,13010,218174,58246,0,276420,289430,274709,14721,0.955049580209377,0.957343953055779,0.9122342232185313
0500000US13051,1000.0,230785,58645,0,0,58645,289430,274709,14721,0.20262239574335764,0.20685161388960682,0.12370083554106379
0500000US13053,25.0,0,0,4956,5951,10907,10907,5733,5174,1.0,1.0,1.0
0500000US13053,100.0,4958,5649,300,0,5949,10907,5733,5174,0.5454295406619603,0.9959881388452817,0.046192500966370315
0500000US13053,250.0,4958,5649,300,0,5949,10907,5733,5174,0.5454295406619603,0.9959881388452817,0.046192500966370315
0500000US13053,1000.0,10907,0,0,0,0,10907,5733,5174,0.0,0.0,0.0
0500000US13055,25.0,0,0,543,24246,24789,24789,10419,14370,1.0,1.0,1.0
0500000US13055,100.0,2282,14690,7643,174,22507,24789,10419,14370,0.9079430392512808,0.9998080429983683,0.8413361169102297
0500000US13055,250.0,4981,17839,1969,0,19808,24789,10419,14370,0.7990641010125459,0.9998080429983683,0.6535142658315936
0500000US13055,1000.0,23200,1589,0,0,1589,24789,10419,14370,0.06410101254588729,0.07246376811594203,0.05803757828810021
0500000US13057,25.0,0,12,6712,252047,258771,258771,210081,48690,1.0,1.0,1.0
0500000US13057,100.0,9587,35452,207875,5857,249184,258771,210081,48690,0.9629517990810408,0.9780846435422528,0.8976586568083795
0500000US13057,250.0,14458,79400,162360,2553,244313,258771,210081,48690,0.9441282060199945,0.9679932978232205,0.841158348736907
0500000US13057,1000.0,93932,163047,1792,0,164839,258771,210081,48690,0.6370072380599062,0.693032687392006,0.39527623742041484
0500000US13059,25.0,0,0,745,127584,128329,128329,120082,8247,1.0,1.0,1.0
0500000US13059,100.0,1393,41190,81288,4458,126936,128329,120082,8247,0.989145088015959,0.9975433453806566,0.8668606766096763
0500000US13059,250.0,2009,60935,62020,3365,126320,128329,120082,8247,0.984344925932564,0.9941456671274629,0.841639384018431
0500000US13059,1000.0,64710,63619,0,0,63619,128329,120082,8247,0.49574920711608444,0.5178544661148216,0.1738814114223354
0500000US13063,25.0,0,0,5093,284505,289598,289598,286460,3138,1.0,1.0,1.0
0500000US13063,100.0,6073,42604,231632,9289,283525,289598,286460,3138,0.979029551309056,0.9791244850939049,0.9703632887189293
0500000US13063,250.0,6229,113966,162719,6684,283369,289598,286460,3138,0.9784908735557566,0.9786776513300286,0.961440407903123
0500000US13063,1000.0,121282,167130,1186,0,168316,289598,286460,3138,0.5812056713098848,0.5846575438106542,0.2660930528999363
0500000US13065,25.0,0,0,1941,4677,6618,6618,2572,4046,1.0,1.0,1.0
0500000US13065,100.0,3452,3166,0,0,3166,6618,2572,4046,0.47839226352372316,0.5878693623639192,0.4087988136431043
0500000US13065,250.0,6612,6,0,0,6,6618,2572,4046,0.0009066183136899365,0.0023328149300155523,0.0
0500000US13065,1000.0,6618,0,0,0,0,6618,2572,4046,0.0,0.0,0.0
0500000US13067,25.0,0,5,15467,744667,760139,760139,758129,2010,1.0,1.0,1.0
0500000US13067,100.0,18837,129607,540312,71383,741302,760139,758129,2010,0.9752190059975873,0.9752680612402375,0.9567164179104478
0500000US13067,250.0,20781,295688,388406,55264,739358,760139,758129,2010,0.9726615790006827,0.9727038538296253,0.9567164179104478
0500000US13067,1000.0,334261,412764,13114,0,425878,760139,758129,2010,0.5602633202611628,0.5606183116593614,0.4263681592039801
0500000US13069,25.0,0,3,3517,39751,43271,43271,14287,28984,1.0,1.0,1.0
0500000US13069,100.0,5355,17214,19986,716,37916,43271,14287,28984,0.8762450602019829,0.9515643592076714,0.8391181341429754
0500000US13069,250.0,37978,5293,0,0,5293,43271,14287,28984,0.12232210949596728,0.21544061034506895,0.07642147391664367
0500000US13069,1000.0,40134,3137,0,0,3137,43271,14287,28984,0.07249659125049109,0.17939385455309023,0.019804029809550098
0500000US13071,25.0,0,0,4751,40849,45600,45600,18402,27198,1.0,1.0,1.0
0500000US13071,100.0,8777,14963,21587,273,36823,45600,18402,27198,0.8075219298245614,0.9833713726768829,0.6885432752408265
0500000US13071,250.0,17613,15003,12984,0,27987,45600,18402,27198,0.61375,0.9771220519508749,0.3678946981395691
0500000US13071,1000.0,32534,13066,0,0,13066,45600,18402,27198,0.28653508771929825,0.6223780023910445,0.059305831311125816
0500000US13073,25.0,0,1,2631,154077,156709,156709,127220,29489,1.0,1.0,1.0
0500000US13073,100.0,2633,26600,47580,79896,154076,156709,127220,29489,0.9831981570937215,0.9921946234868732,0.9443860422530435
0500000US13073,250.0,32877,71630,43790,8412,123832,156709,127220,29489,0.7902034982036769,0.8968008174815281,0.33032656244701414
0500000US13073,1000.0,91115,61663,3931,0,65594,156709,127220,29489,0.418572002884327,0.4491196352774721,0.2867849028451287
0500000US13075,25.0,0,1,2649,14620,17270,17270,6821,10449,1.0,1.0,1.0
0500000US13075,100.0,3293,10384,3593,0,13977,17270,6821,10449,0.8093225246091488,0.97243805893564,0.7028423772609819
0500000US13075,250.0,5502,11049,719,0,11768,17270,6821,10449,0.6814128546612623,0.9722914528661487,0.4915302899799024
0500000US13075,1000.0,16583,687,0,0,687,17270,6821,10449,0.039779965257672266,0.07344964081512975,0.017800746482917025
0500000US13077,25.0,0,0,6093,142416,148509,148509,96525,51984,1.0,1.0,1.0
0500000US13077,100.0,7026,29952,40545,70986,141483,148509,96525,51984,0.9526897359755975,0.9682465682465683,0.9238034779932287
0500000US13077,250.0,7283,36398,52805,52023,141226,148509,96525,51984,0.9509592011258577,0.9682465682465683,0.918859649122807
0500000US13077,1000.0,84406,64103,0,0,64103,148509,96525,51984,0.43164387343528,0.5378399378399379,0.23445675592489998
0500000US13081,25.0,0,0,4387,17985,22372,22372,11758,10614,1.0,1.0,1.0
0500000US13081,100.0,4404,13776,4058,134,17968,22372,11758,10614,0.803146790631146,0.993876509610478,0.5918598078010175
0500000US13081,250.0,5780,14369,2223,0,16592,22372,11758,10614,0.7416413373860182,0.9857969042354142,0.47117015262860373
0500000US13081,1000.0,18793,3579,0,0,3579,22372,11758,10614,0.15997675666011085,0.1787718999829903,0.13915583192010553
0500000US13083,25.0,0,0,1150,14966,16116,16116,4484,11632,1.0,1.0,1.0
0500000US13083,100.0,1365,6053,7349,1349,14751,16116,4484,11632,0.9153015636634401,0.9948706512042819,0.8846286107290234
0500000US13083,250.0,1471,5947,7349,1349,14645,16116,4484,11632,0.9087242491933483,0.9908563782337199,0.8770632737276479
0500000US13083,1000.0,4444,11236,436,0,11672,16116,4484,11632,0.7242491933482254,0.8300624442462088,0.6834594222833562
0500000US13085,25.0,0,4,2327,23777,26108,26108,4790,21318,1.0,1.0,1.0
0500000US13085,100.0,4823,15133,6152,0,21285,26108,4790,21318,0.8152673510035239,0.9697286012526096,0.7805610282390468
0500000US13085,250.0,7087,13567,5454,0,19021,26108,4790,21318,0.7285506358204382,0.9647181628392484,0.6754855052068675
0500000US13085,1000.0,8003,18105,0,0,18105,26108,4790,21318,0.6934656044124407,0.930062630480167,0.640303968477343
0500000US13087,25.0,0,0,8886,17518,26404,26404,11447,14957,1.0,1.0,1.0
0500000US13087,100.0,9551,16853,0,0,16853,26404,11447,14957,0.6382745038630511,0.9962435572639119,0.36431102493815604
0500000US13087,250.0,10276,16128,0,0,16128,26404,11447,14957,0.6108165429480382,0.9846247925220581,0.32473089523300125
0500000US13087,1000.0,26404,0,0,0,0,26404,11447,14957,0.0,0.0,0.0
0500000US13089,25.0,0,1,9916,749362,759279,759279,757023,2256,1.0,1.0,1.0
0500000US13089,100.0,11255,89881,630678,27465,748024,759279,757023,2256,0.9851767268685161,0.9852012422343839,0.9769503546099291
0500000US13089,250.0,13062,167287,555344,23586,746217,759279,757023,2256,0.9827968375261268,0.9828169025247582,0.976063829787234
0500000US13089,1000.0,179274,559969,20036,0,580005,759279,757023,2256,0.7638891632719989,0.763988676698066,0.7304964539007093
0500000US13091,25.0,0,0,6700,13905,20605,20605,5634,14971,1.0,1.0,1.0
0500000US13091,100.0,8721,11840,44,0,11884,20605,5634,14971,0.5767532152390197,0.9858004969826056,0.42281744706432434
0500000US13091,250.0,10149,10412,44,0,10456,20605,5634,14971,0.5074496481436545,0.9804756833510827,0.32943691136196646
0500000US13091,1000.0,20605,0,0,0,0,20605,5634,14971,0.0,0.0,0.0
0500000US13093,25.0,0,0,6005,7385,13390,13390,5763,7627,1.0,1.0,1.0
0500000US13093,100.0,7121,2668,3601,0,6269,13390,5763,7627,0.46818521284540704,0.7093527676557349,0.285957781565491
0500000US13093,250.0,8154,5236,0,0,5236,13390,5763,7627,0.39103808812546675,0.6300537914280756,0.2104366067916612
0500000US13093,1000.0,13390,0,0,0,0,13390,5763,7627,0.0,0.0,0.0
0500000US13095,25.0,0,0,2310,85646,87956,87956,75163,12793,1.0,1.0,1.0
0500000US13095,100.0,2310,65146,20465,35,85646,87956,75163,12793,0.9737368684342171,0.9783404068491146,0.9466895958727429
0500000US13095,250.0,2411,65368,20177,0,85545,87956,75163,12793,0.9725885670107781,0.9777417080212338,0.9423122019854608
0500000US13095,1000.0,67923,20033,0,0,20033,87956,75163,12793,0.22776160807676565,0.2636536593802802,0.016884233565230986
0500000US13097,25.0,0,0,3504,142834,146338,146338,122431,23907,1.0,1.0,1.0
0500000US13097,100.0,4693,27394,112662,1589,141645,146338,122431,23907,0.9679304076863152,0.9707508719196936,0.953486426569624
0500000US13097,250.0,5278,76957,62514,1589,141060,146338,122431,23907,0.9639328130765762,0.9659726703204253,0.953486426569624
0500000US13097,1000.0,81828,63105,1405,0,64510,146338,122431,23907,0.440828766280802,0.47472453871976866,0.2672439034592379
0500000US13099,25.0,0,0,4705,5485,10190,10190,3413,6777,1.0,1.0,1.0
0500000US13099,100.0,7067,3086,37,0,3123,10190,3413,6777,0.3064769381746811,0.4485789627893349,0.23491220303969307
0500000US13099,250.0,9330,860,0,0,860,10190,3413,6777,0.08439646712463199,0.20334016993847057,0.0244946141360484
0500000US13099,1000.0,9367,823,0,0,823,10190,3413,6777,0.08076545632973503,0.19249926750659244,0.0244946141360484
0500000US13103,25.0,0,0,2081,62215,64296,64296,19971,44325,1.0,1.0,1.0
0500000US13103,100.0,3366,18989,33192,8749,60930,64296,19971,44325,0.9476483762597985,0.9836262580742076,0.9314382402707276
0500000US13103,250.0,7080,22429,31671,3116,57216,64296,19971,44325,0.8898842851810377,0.9836262580742076,0.847648054145516
0500000US13103,1000.0,26005,35262,3029,0,38291,64296,19971,44325,0.5955424909792211,0.3836062290320965,0.6910321489001692
0500000US13105,100.0,3679,5605,9910,0,15515,19194,5670,13524,0.808325518391164,1.0,0.7279650990831115
0500000US13105,250.0,18934,260,0,0,260,19194,5670,13524,0.013545899760341774,0.0,0.01922508133688258
0500000US13105,1000.0,19194,0,0,0,0,19194,5670,13524,0.0,0.0,0.0
0500000US13107,1000.0,1584,15627,5435,0,21062,22646,7375,15271,0.9300538726485914,1.0,0.8962739833671666
0500000US13109,25.0,0,0,1885,8769,10654,10654,3974,6680,1.0,1.0,1.0
0500000US13109,100.0,1884,8034,720,16,8770,10654,3974,6680,0.8231650084475315,0.9509310518369402,0.7471556886227545
0500000US13109,250.0,1890,8028,720,16,8764,10654,3974,6680,0.8226018396846255,0.9509310518369402,0.7462574850299402
0500000US13109,1000.0,7454,3182,18,0,3200,10654,3974,6680,0.3003566735498404,0.0,0.47904191616766467
0500000US13113,25.0,0,2,2214,112204,114420,114420,93336,21084,1.0,1.0,1.0
0500000US13113,100.0,3094,23653,81914,5759,111326,114420,93336,21084,0.9729592728543961,0.9831040541698809,0.9280497059381522
0500000US13113,250.0,3170,60925,46115,4210,111250,114420,93336,21084,0.972295053312358,0.982664781006257,0.9263896793777272
0500000US13113,1000.0,67839,46581,0,0,46581,114420,93336,21084,0.40710540115364446,0.42980200565698123,0.3066306203756403
0500000US13115,25.0,0,1,5657,92840,98498,98498,61960,36538,1.0,1.0,1.0
0500000US13115,100.0,8662,34358,55478,0,89836,98498,61960,36538,0.9120591281041239,0.9674144609425436,0.8181892823909355
0500000US13115,250.0,9117,52949,36432,0,89381,98498,61960,36538,0.907439744969441,0.9673660426081343,0.8058185998138924
0500000US13115,1000.0,62308,36190,0,0,36190,98498,61960,36538,0.3674186277893967,0.4886862491930278,0.16177678033827797
0500000US13117,25.0,0,17,2270,241928,244215,244215,217855,26360,1.0,1.0,1.0
0500000US13117,100.0,2838,36289,148882,56206,241377,244215,217855,26360,0.9883790921933542,0.9896031764246861,0.9782625189681335
0500000US13117,250.0,3228,82589,155939,2459,240987,244215,217855,26360,0.9867821386892697,0.9879736521998577,0.9769347496206373
0500000US13117,1000.0,85667,158239,309,0,158548,244215,217855,26360,0.6492148311938251,0.6676091895985862,0.4971927162367223
0500000US13119,25.0,0,1,3545,19801,23347,23347,2545,20802,1.0,1.0,1.0
0500000US13119,100.0,8365,9611,5308,63,14982,23347,2545,20802,0.6417098556559729,0.9108055009823183,0.6087876165753293
0500000US13119,250.0,11198,11059,1090,0,12149,23347,2545,20802,0.5203666423951685,0.9108055009823183,0.47259878857802134
0500000US13119,1000.0,22284,1063,0,0,1063,23347,2545,20802,0.04553047500749561,0.0,0.051100855686953175
0500000US13121,25.0,0,5,17376,1046506,1063887,1063887,1049202,14685,1.0,1.0,1.0
0500000US13121,100.0,20049,95022,560906,387910,1043838,1063887,1049202,14685,0.9811549534866015,0.9848923276928561,0.7141300646918625
0500000US13121,250.0,22926,205943,505174,329844,1040961,1063887,1049202,14685,0.9784507189203364,0.9824914554108741,0.6897514470548178
0500000US13121,1000.0,220294,536656,269475,37462,843593,1063887,1049202,14685,0.7929347759677484,0.7984487257935078,0.3989785495403473
0500000US13123,25.0,0,0,5643,25724,31367,31367,3720,27647,1.0,1.0,1.0
0500000US13123,100.0,17415,12278,1674,0,13952,31367,3720,27647,0.44479867376542226,0.271505376344086,0.46811588960827577
0500000US13123,250.0,27721,3369,277,0,3646,31367,3720,27647,0.11623680938566008,0.04247311827956989,0.12616197055738415
0500000US13123,1000.0,29169,2198,0,0,2198,31367,3720,27647,0.07007364427583129,0.0,0.07950229681339747
0500000US13127,25.0,0,0,2824,82468,85292,85292,66831,18461,1.0,1.0,1.0
0500000US13127,100.0,3081,35145,47066,0,82211,85292,66831,18461,0.9638770341884351,0.973365653663719,0.9295271112074102
0500000US13127,250.0,3557,62905,18830,0,81735,85292,66831,18461,0.958296205974769,0.9698642845386123,0.9164183955365365
0500000US13127,1000.0,66391,18901,0,0,18901,85292,66831,18461,0.22160343291281714,0.2285316694348431,0.1965223985699583
0500000US13129,25.0,0,0,4486,53476,57962,57962,27862,30100,1.0,1.0,1.0
0500000US13129,100.0,9187,22572,26033,170,48775,57962,27862,30100,0.8414996031882958,0.9699231928791903,0.7226245847176079
0500000US13129,250.0,42521,14772,669,0,15441,57962,27862,30100,0.2663986749939616,0.41188715813653004,0.13172757475083058
0500000US13129,1000.0,43774,14188,0,0,14188,57962,27862,30100,0.24478106345536732,0.41106166104371544,0.09086378737541528
0500000US13131,25.0,0,0,3966,20667,24633,24633,9138,15495,1.0,1.0,1.0
0500000US13131,100.0,6317,12848,5468,0,18316,24633,9138,15495,0.7435553931717614,0.979317137229153,0.6045175863181671
0500000US13131,250.0,9885,14319,429,0,14748,24633,9138,15495,0.5987090488369261,0.979317137229153,0.3742497579864472
0500000US13131,1000.0,24532,101,0,0,101,24633,9138,15495,0.004100190800958065,0.009411249726417159,0.000968054211035818
0500000US13133,25.0,0,0,5125,12573,17698,17698,2894,14804,1.0,1.0,1.0
0500000US13133,100.0,5916,8607,2501,674,11782,17698,2894,14804,0.6657249406712623,0.9968901174844506,0.6009862199405566
0500000US13133,250.0,8769,8708,221,0,8929,17698,2894,14804,0.504520284777941,0.9968901174844506,0.4082680356660362
0500000US13133,1000.0,15629,2069,0,0,2069,17698,2894,14804,0.11690586506949938,0.0,0.1397595244528506
0500000US13135,25.0,0,14,9076,927156,936246,936246,930724,5522,1.0,1.0,1.0
0500000US13135,100.0,10163,85390,624352,216341,926083,936246,930724,5522,0.9891449469477039,0.9893201421688922,0.9596160811300254
0500000US13135,250.0,23438,260655,559802,92351,912808,936246,930724,5522,0.9749659811630704,0.9763968695338253,0.7337921043100326
0500000US13135,1000.0,228819,693631,13796,0,707427,936246,930724,5522,0.7555994898776603,0.7562220378973789,0.6506700470843897
0500000US13137,25.0,0,0,1841,43487,45328,45328,18341,26987,1.0,1.0,1.0
0500000US13137,100.0,4793,34810,5211,514,40535,45328,18341,26987,0.8942596187786799,0.9280300965050978,0.8713084077518806
0500000US13137,250.0,10154,30567,4444,163,35174,45328,18341,26987,0.7759883515707731,0.8899187612452975,0.6985585652351132
0500000US13137,1000.0,15478,26509,3341,0,29850,45328,18341,26987,0.6585333568655136,0.811896843138324,0.5543039241116093
0500000US13139,25.0,0,1,4390,200044,204435,204435,160164,44271,1.0,1.0,1.0
0500000US13139,100.0,7004,67656,107248,22527,197431,204435,160164,44271,0.965739721671925,0.9945805549311956,0.8613991100268799
0500000US13139,250.0,32929,107581,62654,1271,171506,204435,160164,44271,0.8389267982488321,0.9317012562123823,0.5032865758623026
0500000US13139,1000.0,135791,68644,0,0,68644,204435,160164,44271,0.33577420696064764,0.3876713868285008,0.1480201486300287
0500000US13141,25.0,0,0,7379,1078,8457,8457,2726,5731,1.0,1.0,1.0
0500000US13141,100.0,7428,1020,9,0,1029,8457,2726,5731,0.12167435260730755,0.061995597945708,0.1500610713662537
0500000US13141,250.0,7752,701,4,0,705,8457,2726,5731,0.0833628946434906,0.0,0.1230151805967545
0500000US13141,1000.0,8457,0,0,0,0,8457,2726,5731,0.0,0.0,0.0
0500000US13143,100.0,0,18398,7865,3529,29792,29792,6549,23243,1.0,1.0,1.0
0500000US13143,250.0,18947,9454,1391,0,10845,29792,6549,23243,0.3640238990332975,0.918460833715071,0.20780450027965408
0500000US13143,1000.0,28334,1458,0,0,1458,29792,6549,23243,0.04893931256713212,0.17941670484043365,0.012175708815557372
0500000US13145,25.0,0,0,4684,30549,35233,35233,1127,34106,1.0,1.0,1.0
0500000US13145,100.0,5263,17204,9114,3652,29970,35233,1127,34106,0.8506229954871853,0.9991126885536823,0.8457162962528587
0500000US13145,250.0,5931,17659,11035,608,29302,35233,1127,34106,0.831663497289473,0.9991126885536823,0.8261302996540199
0500000US13145,1000.0,31536,3697,0,0,3697,35233,1127,34106,0.10493003718105186,0.0,0.10839734943998124
0500000US13147,25.0,0,0,778,25427,26205,26205,6495,19710,1.0,1.0,1.0
0500000US13147,100.0,9729,11318,5158,0,16476,26205,6495,19710,0.628734974241557,0.9867590454195535,0.510755961440893
0500000US13147,250.0,18300,7746,159,0,7905,26205,6495,19710,0.3016599885518031,0.7062355658198615,0.16834094368340943
0500000US13147,1000.0,26071,134,0,0,134,26205,6495,19710,0.005113527952680786,0.0,0.006798579401319127
0500000US13151,25.0,0,1,1083,233467,234551,234551,200452,34099,1.0,1.0,1.0
0500000US13151,100.0,2640,50764,142871,38276,231911,234551,200452,34099,0.9887444521660534,0.9935745215812264,0.9603507434235609
0500000US13151,250.0,3095,89434,114817,27205,231456,234551,200452,34099,0.9868045755507331,0.9917586255063556,0.9576820434616851
0500000US13151,1000.0,107046,127505,0,0,127505,234551,200452,34099,0.5436131161239987,0.5787370542573783,0.3371359863925628
0500000US13153,25.0,0,2,9510,148341,157853,157853,137663,20190,1.0,1.0,1.0
0500000US13153,100.0,11546,74913,51263,20131,146307,157853,137663,20190,0.9268559989357187,0.9608682071435317,0.6949479940564636
0500000US13153,250.0,12428,93794,41782,9849,145425,157853,137663,20190,0.9212685219793099,0.9589722728692531,0.6641901931649331
0500000US13153,1000.0,115777,37436,4640,0,42076,157853,137663,20190,0.26655179185698086,0.27732215628019147,0.1931154036651808
0500000US13155,25.0,0,0,3648,5767,9415,9415,3015,6400,1.0,1.0,1.0
0500000US13155,100.0,4384,4292,739,0,5031,9415,3015,6400,0.5343600637280934,0.8991708126036484,0.3625
0500000US13155,250.0,5726,3655,34,0,3689,9415,3015,6400,0.39182156133828994,0.8928689883913764,0.15578125
0500000US13155,1000.0,9357,58,0,0,58,9415,3015,6400,0.006160382368560808,0.011276948590381426,0.00375
0500000US13157,25.0,0,8,4389,68569,72966,72966,28106,44860,1.0,1.0,1.0
0500000US13157,100.0,11723,40276,20958,9,61243,72966,28106,44860,0.8393361291560453,0.9040418415996584,0.7987962550156041
0500000US13157,250.0,34455,36216,2295,0,38511,72966,28106,44860,0.527793766959954,0.7093503166583648,0.41404369148461884
0500000US13157,1000.0,38643,34323,0,0,34323,72966,28106,44860,0.47039717128525615,0.6313242723973529,0.3695720017833259
0500000US13159,25.0,0,0,5554,8665,14219,14219,2544,11675,1.0,1.0,1.0
0500000US13159,100.0,10605,3506,108,0,3614,14219,2544,11675,0.2541669597018074,0.3018867924528302,0.24376873661670234
0500000US13159,250.0,13838,381,0,0,381,14219,2544,11675,0.026795133272382025,0.0,0.0326338329764454
0500000US13159,1000.0,14070,149,0,0,149,14219,2544,11675,0.010478936634081159,0.0,0.012762312633832977
0500000US13161,25.0,0,0,5681,9434,15115,15115,4585,10530,1.0,1.0,1.0
0500000US13161,100.0,5681,9299,135,0,9434,15115,4585,10530,0.6241481971551439,0.9149400218102508,0.49753086419753084
0500000US13161,250.0,5976,9139,0,0,9139,15115,4585,10530,0.6046311610982468,0.9142857142857143,0.4698005698005698
0500000US13161,1000.0,15115,0,0,0,0,15115,4585,10530,0.0,0.0,0.0
0500000US13163,25.0,0,0,14007,1355,15362,15362,2833,12529,1.0,1.0,1.0
0500000US13163,100.0,14011,1333,18,0,1351,15362,2833,12529,0.08794427808879052,0.0,0.10782983478330274
0500000US13163,250.0,14147,1197,18,0,1215,15362,2833,12529,0.07909126415831272,0.0,0.09697501795833666
0500000US13163,1000.0,14166,1196,0,0,1196,15362,2833,12529,0.07785444603567244,0.0,0.09545853619602522
0500000US13165,25.0,0,1,1536,7139,8676,8676,2678,5998,1.0,1.0,1.0
0500000US13165,100.0,1537,4991,2148,0,7139,8676,2678,5998,0.8228446288612263,0.9906646751306946,0.7479159719906635
0500000US13165,250.0,3658,4835,183,0,5018,8676,2678,5998,0.5783771323190411,0.39955190440627336,0.6582194064688229
0500000US13165,1000.0,3658,4915,103,0,5018,8676,2678,5998,0.5783771323190411,0.39955190440627336,0.6582194064688229
0500000US13167,25.0,0,0,6717,2926,9643,9643,3263,6380,1.0,1.0,1.0
0500000US13167,100.0,6717,2917,9,0,2926,9643,3263,6380,0.30343254174012235,0.0,0.4586206896551724
0500000US13167,250.0,6717,2926,0,0,2926,9643,3263,6380,0.30343254174012235,0.0,0.4586206896551724
0500000US13167,1000.0,6717,2926,0,0,2926,9643,3263,6380,0.30343254174012235,0.0,0.4586206896551724
0500000US13169,25.0,0,0,3787,24947,28734,28734,9091,19643,1.0,1.0,1.0
0500000US13169,100.0,4800,14409,8852,673,23934,28734,9091,19643,0.8329505115890583,0.970520294797052,0.7692816779514331
0500000US13169,250.0,10580,12259,5559,336,18154,28734,9091,19643,0.6317950859608826,0.960840391596084,0.4795092399328005
0500000US13169,1000.0,23515,5219,0,0,5219,28734,9091,19643,0.18163151667014688,0.3890661093389066,0.08562846815659522
0500000US13171,25.0,0,0,5227,13850,19077,19077,7273,11804,1.0,1.0,1.0
0500000US13171,100.0,5525,13092,343,117,13552,19077,7273,11804,0.7103842323216438,0.9726385260552729,0.5487970179600136
0500000US13171,250.0,6000,12617,343,117,13077,19077,7273,11804,0.6854851391728259,0.9726385260552729,0.5085564215520163
0500000US13171,1000.0,18511,566,0,0,566,19077,7273,11804,0.029669235204696755,0.0,0.047949847509318876
0500000US13173,25.0,0,0,1524,8898,10422,10422,2986,7436,1.0,1.0,1.0
0500000US13173,100.0,2282,4350,3537,253,8140,10422,2986,7436,0.781040107464978,0.8985264567983925,0.7338622915545993
0500000US13173,250.0,3421,5533,1468,0,7001,10422,2986,7436,0.6717520629437728,0.8985264567983925,0.5806885422270037
0500000US13173,1000.0,8759,1663,0,0,1663,10422,2986,7436,0.15956630205334868,0.12022772940388479,0.17536309844002151
0500000US13175,25.0,0,0,13692,33854,47546,47546,20391,27155,1.0,1.0,1.0
0500000US13175,100.0,19003,28227,316,0,28543,47546,20391,27155,0.6003238968577799,0.9873473591290275,0.30970355367335667
0500000US13175,250.0,19127,28159,260,0,28419,47546,20391,27155,0.5977158961847474,0.9873473591290275,0.30513717547413
0500000US13175,1000.0,47332,214,0,0,214,47546,20391,27155,0.0045009043873301645,0.0,0.007880684956729883
0500000US13177,25.0,0,2,3254,26735,29991,29991,18636,11355,1.0,1.0,1.0
0500000US13177,100.0,3256,23109,3626,0,26735,29991,18636,11355,0.8914340968957354,0.9826679544966731,0.7416996917657419
0500000US13177,250.0,3863,22736,3392,0,26128,29991,18636,11355,0.8711946917408556,0.9817557415754454,0.689740202553941
0500000US13177,1000.0,28415,1576,0,0,1576,29991,18636,11355,0.05254909806275216,0.03423481433784074,0.0826067811536768
0500000US13179,25.0,0,4,3720,57711,61435,61435,44504,16931,1.0,1.0,1.0
0500000US13179,100.0,4151,36133,20065,1086,57284,61435,44504,16931,0.9324326523968421,0.9730136616933309,0.8257633925934676
0500000US13179,250.0,4927,56181,327,0,56508,61435,44504,16931,0.9198014161308701,0.9597564263886392,0.8147776268383439
0500000US13179,1000.0,61435,0,0,0,0,61435,44504,16931,0.0,0.0,0.0
0500000US13183,25.0,0,1,3051,16496,19548,19548,3063,16485,1.0,1.0,1.0
0500000US13183,100.0,4378,7405,6799,966,15170,19548,3063,16485,0.7760384694086352,0.9249102187397976,0.7483773127085229
0500000US13183,250.0,6917,10237,2394,0,12631,19548,3063,16485,0.6461530591364846,0.8938948743062357,0.600121322414316
0500000US13183,1000.0,15692,3856,0,0,3856,19548,3063,16485,0.19725803151217516,0.08978126020241593,0.21722778283287839
0500000US13185,25.0,0,7,21492,95906,117405,117405,84023,33382,1.0,1.0,1.0
0500000US13185,100.0,21599,60643,33616,1547,95806,117405,84023,33382,0.8160299816873217,0.9150708734513169,0.5667425558684321
0500000US13185,250.0,23307,63895,28656,1547,94098,117405,84023,33382,0.8014820493164686,0.9093700534377492,0.5299263075909173
0500000US13185,1000.0,86412,30016,977,0,30993,117405,84023,33382,0.26398364635237,0.30893921902336263,0.15082978850877718
0500000US13187,25.0,0,9,3659,29940,33608,33608,5105,28503,1.0,1.0,1.0
0500000US13187,100.0,5969,24514,3125,0,27639,33608,5105,28503,0.8223934777433944,0.6854064642507346,0.8469283935024383
0500000US13187,250.0,12363,19048,2197,0,21245,33608,5105,28503,0.6321411568674126,0.668560235063663,0.6256183559625302
0500000US13187,1000.0,18781,14827,0,0,14827,33608,5105,28503,0.44117472030468935,0.6595494613124387,0.4020629407430797
0500000US13189,25.0,0,0,3833,17479,21312,21312,8331,12981,1.0,1.0,1.0
0500000US13189,100.0,3833,17376,103,0,17479,21312,8331,12981,0.8201482732732732,0.9929180170447726,0.7092673908019413
0500000US13189,250.0,20977,335,0,0,335,21312,8331,12981,0.015718843843843845,0.008642419877565718,0.02026038055619752
0500000US13189,1000.0,21209,103,0,0,103,21312,8331,12981,0.004832957957957958,0.0,0.007934673753948077
0500000US13191,25.0,0,2,430,13946,14378,14378,3705,10673,1.0,1.0,1.0
0500000US13191,100.0,521,2964,10893,0,13857,14378,3705,10673,0.9637640840172486,0.996221322537112,0.9524969549330086
0500000US13191,250.0,14359,19,0,0,19,14378,3705,10673,0.0013214633467798025,0.005128205128205128,0.0
0500000US13191,1000.0,14378,0,0,0,0,14378,3705,10673,0.0,0.0,0.0
0500000US13193,25.0,0,0,3225,9722,12947,12947,5544,7403,1.0,1.0,1.0
0500000US13193,100.0,6690,5768,489,0,6257,12947,5544,7403,0.4832779794546999,0.5084776334776335,0.4644063217614481
0500000US13193,250.0,12219,728,0,0,728,12947,5544,7403,0.056229242295512474,0.01948051948051948,0.08374983114953398
0500000US13193,1000.0,12947,0,0,0,0,12947,5544,7403,0.0,0.0,0.0
0500000US13195,25.0,0,2,2496,27381,29879,29879,2376,27503,1.0,1.0,1.0
0500000US13195,100.0,7353,13100,9073,353,22526,29879,2376,27503,0.7539074266207035,0.9941077441077442,0.7331563829400429
0500000US13195,250.0,15135,11183,3561,0,14744,29879,2376,27503,0.4934569430034472,0.9941077441077442,0.45020543213467623
0500000US13195,1000.0,26323,3556,0,0,3556,29879,2376,27503,0.11901335386057096,0.4621212121212121,0.08937206850161801
0500000US13199,250.0,11010,10062,93,0,10155,21165,3594,17571,0.479801559177888,1.0,0.3733993512036879
0500000US13199,1000.0,21043,122,0,0,122,21165,3594,17571,0.005764233404205055,0.0,0.006943258778669399
0500000US13205,25.0,0,0,8964,12899,21863,21863,9444,12419,1.0,1.0,1.0
0500000US13205,100.0,10375,11309,179,0,11488,21863,9444,12419,0.5254539633170197,0.8724057602710715,0.2616152669297045
0500000US13205,250.0,10591,11110,162,0,11272,21863,9444,12419,0.5155742578786077,0.8724057602710715,0.24422256220307592
0500000US13205,1000.0,21858,5,0,0,5,21863,9444,12419,0.00022869688514842428,0.0005294366793731469,0.0
0500000US13207,25.0,0,0,13075,14503,27578,27578,5369,22209,1.0,1.0,1.0
0500000US13207,100.0,19763,5514,1929,372,7815,27578,5369,22209,0.283378054971354,0.06258148631029987,0.33675536944481965
0500000US13207,250.0,20022,5588,1596,372,7556,27578,5369,22209,0.27398651098701865,0.061463959769044514,0.32536359133684545
0500000US13207,1000.0,25028,2550,0,0,2550,27578,5369,22209,0.09246500833998114,0.03743713913205439,0.1057679319194921
0500000US13209,100.0,6304,2767,101,0,2868,9172,118,9054,0.31269079808111644,1.0,0.30373315661586037
0500000US13209,250.0,9135,37,0,0,37,9172,118,9054,0.004034016572176188,0.0,0.0040865915617406675
0500000US13209,1000.0,9164,8,0,0,8,9172,118,9054,0.0008722197993894462,0.0,0.0008835873647006848
0500000US13211,25.0,0,1,10273,9001,19275,19275,4192,15083,1.0,1.0,1.0
0500000US13211,100.0,11662,3729,3884,0,7613,19275,4192,15083,0.39496757457846954,0.9978530534351145,0.2274083405158125
0500000US13211,250.0,12301,4789,2185,0,6974,19275,4192,15083,0.36181582360570685,0.9978530534351145,0.1850427633759862
0500000US13211,1000.0,16550,2725,0,0,2725,19275,4192,15083,0.14137483787289234,0.40935114503816794,0.0668965060001326
0500000US13213,25.0,0,0,567,39528,40095,40095,11985,28110,1.0,1.0,1.0
0500000US13213,100.0,1366,16181,21657,891,38729,40095,11985,28110,0.9659309140790622,0.9994993742177722,0.9516186410530061
0500000US13213,250.0,2310,31599,6186,0,37785,40095,11985,28110,0.9423868312757202,0.9994993742177722,0.9180362860192103
0500000US13213,1000.0,36197,3898,0,0,3898,40095,11985,28110,0.09721910462651204,0.21493533583646224,0.04702952685876912
0500000US13215,25.0,0,0,2023,193746,195769,195769,189019,6750,1.0,1.0,1.0
0500000US13215,100.0,2114,15227,82404,96024,193655,195769,189019,6750,0.9892015589802267,0.992773213274856,0.8891851851851852
0500000US13215,250.0,2928,15380,92452,85009,192841,195769,189019,6750,0.9850435973009005,0.9885514154661701,0.8868148148148148
0500000US13215,1000.0,134727,61042,0,0,61042,195769,189019,6750,0.31180626146121193,0.30957205360307694,0.37437037037037035
0500000US13217,25.0,0,0,3352,108389,111741,111741,75975,35766,1.0,1.0,1.0
0500000US13217,100.0,6982,30327,49268,25164,104759,111741,75975,35766,0.9375162205457263,0.9987759131293189,0.8073869037633506
0500000US13217,250.0,9730,46727,38248,17036,102011,111741,75975,35766,0.9129236359080374,0.9986969397828233,0.7307219146675614
0500000US13217,1000.0,65665,46076,0,0,46076,111741,75975,35766,0.41234640821184704,0.5297532082922014,0.1629480512218308
0500000US13219,25.0,0,4,3441,36833,40278,40278,19475,20803,1.0,1.0,1.0
0500000US13219,100.0,5762,14200,18255,2061,34516,40278,19475,20803,0.8569442375490343,0.9969191270860077,0.7259049175599673
0500000US13219,250.0,7935,24621,7722,0,32343,40278,19475,20803,0.8029941903768807,0.9849037227214378,0.6326972071335865
0500000US13219,1000.0,31328,8950,0,0,8950,40278,19475,20803,0.22220567058940363,0.2021566110397946,0.24097485939527952
0500000US13221,25.0,0,0,3015,12244,15259,15259,115,15144,1.0,1.0,1.0
0500000US13221,100.0,4492,7911,2856,0,10767,15259,115,15144,0.705616357559473,0.9739130434782609,0.7035789751716851
0500000US13221,250.0,8496,6380,383,0,6763,15259,115,15144,0.44321384101186184,0.9739130434782609,0.4391838351822504
0500000US13221,1000.0,13516,1743,0,0,1743,15259,115,15144,0.1142276689167049,0.0,0.11509508716323297
0500000US13223,25.0,0,5,2247,166403,168655,168655,132884,35771,1.0,1.0,1.0
0500000US13223,100.0,3228,24958,132733,7736,165427,168655,132884,35771,0.980860336189262,0.987410071942446,0.9565290318973471
0500000US13223,250.0,5081,53197,110101,276,163574,168655,132884,35771,0.9698734102161217,0.9868757713494476,0.9067121411199016
0500000US13223,1000.0,57641,111014,0,0,111014,168655,132884,35771,0.6582313005840325,0.6946961259444328,0.5227698414917111
0500000US13225,25.0,0,0,8865,18675,27540,27540,16537,11003,1.0,1.0,1.0
0500000US13225,100.0,9300,11891,5911,438,18240,27540,16537,11003,0.6623093681917211,0.6927495918243938,0.6165591202399345
0500000US13225,250.0,10351,14967,2222,0,17189,27540,16537,11003,0.6241466957153232,0.6895446574348431,0.5258565845678451
0500000US13225,1000.0,24927,2613,0,0,2613,27540,16537,11003,0.094880174291939,0.08677511035858983,0.10706171044260657
0500000US13227,25.0,0,0,2149,30442,32591,32591,8709,23882,1.0,1.0,1.0
0500000US13227,100.0,10395,10054,8980,3162,22196,32591,8709,23882,0.6810469147924274,0.6991617866574807,0.6744410015911565
0500000US13227,250.0,22796,7489,2306,0,9795,32591,8709,23882,0.30054309471940105,0.18911470892180504,0.3411774558244703
0500000US13227,1000.0,24389,7660,542,0,8202,32591,8709,23882,0.2516645699733055,0.16293489493627283,0.284021438740474
0500000US13229,25.0,0,12,3675,15778,19465,19465,3986,15479,1.0,1.0,1.0
0500000US13229,100.0,3687,15757,21,0,15778,19465,3986,15479,0.8105830978679681,0.9997491219267436,0.7618709218941793
0500000US13229,250.0,19465,0,0,0,0,19465,3986,15479,0.0,0.0,0.0
0500000US13229,1000.0,19465,0,0,0,0,19465,3986,15479,0.0,0.0,0.0
0500000US13231,25.0,0,3,10550,8409,18962,18962,196,18766,1.0,1.0,1.0
0500000US13231,100.0,15123,2678,1009,152,3839,18962,196,18766,0.20245754667229196,0.7244897959183674,0.19700522221038047
0500000US13231,250.0,16061,2717,184,0,2901,18962,196,18766,0.15299019090813204,0.7244897959183674,0.14702120856868806
0500000US13231,1000.0,18503,459,0,0,459,18962,196,18766,0.024206307351545196,0.0,0.024459128210593626
0500000US13233,25.0,0,0,1355,41258,42613,42613,20443,22170,1.0,1.0,1.0
0500000US13233,100.0,1852,22587,12531,5643,40761,42613,20443,22170,0.9565390843169924,0.9978965905199824,0.918403247631935
0500000US13233,250.0,3150,32026,7403,34,39463,42613,20443,22170,0.9260788961115153,0.997847674020447,0.8599007668019847
0500000US13233,1000.0,36244,6369,0,0,6369,42613,20443,22170,0.1494614319573839,0.23538619576383113,0.07023004059539918
0500000US13235,25.0,0,0,3215,7921,11136,11136,3971,7165,1.0,1.0,1.0
0500000US13235,100.0,3226,7910,0,0,7910,11136,3971,7165,0.710308908045977,0.8103752203475195,0.6548499651081647
0500000US13235,250.0,3226,7910,0,0,7910,11136,3971,7165,0.710308908045977,0.8103752203475195,0.6548499651081647
0500000US13235,1000.0,11136,0,0,0,0,11136,3971,7165,0.0,0.0,0.0
0500000US13237,25.0,0,0,2506,19612,22118,22118,4184,17934,1.0,1.0,1.0
0500000US13237,100.0,3037,10140,8191,750,19081,22118,4184,17934,0.8626910208879646,0.9815965583173997,0.8349503735920598
0500000US13237,250.0,5948,12732,3438,0,16170,22118,4184,17934,0.7310787593814992,0.9815965583173997,0.672632987621278
0500000US13237,1000.0,17590,4528,0,0,4528,22118,4184,17934,0.20472013744461526,0.4677342256214149,0.14335898293743726
0500000US13239,100.0,943,1355,0,0,1355,2298,623,1675,0.5896431679721497,1.0,0.43701492537313436
0500000US13239,250.0,2298,0,0,0,0,2298,623,1675,0.0,0.0,0.0
0500000US13239,1000.0,2298,0,0,0,0,2298,623,1675,0.0,0.0,0.0
0500000US13241,25.0,0,1,1573,15563,17137,17137,3252,13885,1.0,1.0,1.0
0500000US13241,100.0,2503,6692,7485,457,14634,17137,3252,13885,0.8539417634358406,0.9554120541205412,0.8301764494058337
0500000US13241,250.0,5332,9447,2358,0,11805,17137,3252,13885,0.688860360623213,0.9514145141451414,0.6273676629456247
0500000US13241,1000.0,13292,3845,0,0,3845,17137,3252,13885,0.2243683258446636,0.19280442804428044,0.231760893050054
0500000US13243,25.0,0,0,1421,5357,6778,6778,3033,3745,1.0,1.0,1.0
0500000US13243,100.0,1800,2911,2067,0,4978,6778,3033,3745,0.734434936559457,0.9838443785031322,0.5324432576769025
0500000US13243,250.0,2079,4350,349,0,4699,6778,3033,3745,0.693272351726173,0.9729640619848335,0.46675567423230974
0500000US13243,1000.0,6778,0,0,0,0,6778,3033,3745,0.0,0.0,0.0
0500000US13245,25.0,0,3,8208,194306,202517,202517,183357,19160,1.0,1.0,1.0
0500000US13245,100.0,8211,62658,83631,48017,194306,202517,183357,19160,0.9594552556081711,0.9589489356828482,0.9643006263048016
0500000US13245,250.0,70326,89463,41079,1649,132191,202517,183357,19160,0.6527402637803246,0.70507807173983,0.15187891440501045
0500000US13245,1000.0,144553,57964,0,0,57964,202517,183357,19160,0.28621794713530224,0.3031626826355143,0.12406054279749477
0500000US13247,25.0,0,2,1366,89522,90890,90890,77041,13849,1.0,1.0,1.0
0500000US13247,100.0,1461,28141,55940,5348,89429,90890,77041,13849,0.9839256243811201,0.9823730221570333,0.9925626399017979
0500000US13247,250.0,1682,54834,30201,4173,89208,90890,77041,13849,0.9814941137638904,0.9795173998260667,0.9924904325222038
0500000US13247,1000.0,57778,33112,0,0,33112,90890,77041,13849,0.36430850478600507,0.36106748354772134,0.38233807495126004
0500000US13251,25.0,0,0,59,13907,13966,13966,2899,11067,1.0,1.0,1.0
0500000US13251,100.0,218,12823,925,0,13748,13966,2899,11067,0.9843906630388085,0.9254915488099345,0.9998192825517304
0500000US13251,250.0,419,13420,127,0,13547,13966,2899,11067,0.9699985679507375,0.8561572956191791,0.9998192825517304
0500000US13251,1000.0,419,13547,0,0,13547,13966,2899,11067,0.9699985679507375,0.8561572956191791,0.9998192825517304
0500000US13253,25.0,0,0,1768,6322,8090,8090,2515,5575,1.0,1.0,1.0
0500000US13253,100.0,2821,4116,1153,0,5269,8090,2515,5575,0.6512978986402966,0.9264413518886679,0.5271748878923767
0500000US13253,250.0,4943,2748,399,0,3147,8090,2515,5575,0.38899876390605687,0.9149105367793241,0.15174887892376682
0500000US13253,1000.0,7649,441,0,0,441,8090,2515,5575,0.05451174289245983,0.07952286282306163,0.04322869955156951
0500000US13255,25.0,0,2,3059,63636,66697,66697,38609,28088,1.0,1.0,1.0
0500000US13255,100.0,3473,22646,40047,531,63224,66697,38609,28088,0.9479286924449376,0.9779585070838406,0.9066505269154087
0500000US13255,250.0,3762,35251,27684,0,62935,66697,38609,28088,0.9435956639728923,0.9739179983941568,0.9019154087154657
0500000US13255,1000.0,39114,27583,0,0,27583,66697,38609,28088,0.41355683164160306,0.5956124219741511,0.16330817430931358
0500000US13257,25.0,0,0,1376,24549,25925,25925,10572,15353,1.0,1.0,1.0
0500000US13257,100.0,4183,9194,12415,133,21742,25925,10572,15353,0.8386499517839923,0.9449489216799092,0.7654530059271804
0500000US13257,250.0,6612,15732,3581,0,19313,25925,10572,15353,0.7449566055930569,0.9416382898221718,0.6095225688790464
0500000US13257,1000.0,22732,3193,0,0,3193,25925,10572,15353,0.12316297010607521,0.20762391222096102,0.06500358236175341
0500000US13261,25.0,0,0,8032,21492,29524,29524,16574,12950,1.0,1.0,1.0
0500000US13261,100.0,8043,20867,614,0,21481,29524,16574,12950,0.727577564015716,0.9648244237963075,0.42393822393822395
0500000US13261,250.0,8997,20180,347,0,20527,29524,16574,12950,0.695264869258908,0.9630746953059008,0.3525096525096525
0500000US13261,1000.0,29524,0,0,0,0,29524,16574,12950,0.0,0.0,0.0
0500000US13263,25.0,0,0,1253,4942,6195,6195,374,5821,1.0,1.0,1.0
0500000US13263,100.0,3347,2431,417,0,2848,6195,374,5821,0.45972558514931394,0.9732620320855615,0.4267308022676516
0500000US13263,250.0,3419,2776,0,0,2776,6195,374,5821,0.44810330912025825,0.9732620320855615,0.4143617935062704
0500000US13263,1000.0,6195,0,0,0,0,6195,374,5821,0.0,0.0,0.0
0500000US13267,25.0,0,0,5599,19687,25286,25286,7882,17404,1.0,1.0,1.0
0500000US13267,100.0,11178,11421,2687,0,14108,25286,7882,17404,0.557937198449735,0.6436183709718346,0.5191335325212595
0500000US13267,250.0,22385,2901,0,0,2901,25286,7882,17404,0.11472751720319545,0.06508500380614057,0.13720983681912205
0500000US13267,1000.0,23124,2162,0,0,2162,25286,7882,17404,0.08550185873605948,0.0,0.12422431624913813
0500000US13271,25.0,0,0,3089,12771,15860,15860,7995,7865,1.0,1.0,1.0
0500000US13271,100.0,4434,8763,2663,0,11426,15860,7995,7865,0.7204287515762926,0.940838023764853,0.4963763509218055
0500000US13271,250.0,7110,8296,454,0,8750,15860,7995,7865,0.5517023959646911,0.7657285803627267,0.3341385886840432
0500000US13271,1000.0,15213,647,0,0,647,15860,7995,7865,0.04079445145018915,0.05328330206378987,0.02809917355371901
0500000US13273,25.0,0,0,1869,6662,8531,8531,4147,4384,1.0,1.0,1.0
0500000US13273,100.0,2504,3895,2132,0,6027,8531,4147,4384,0.7064822412378384,0.9833614661200868,0.44457116788321166
0500000US13273,250.0,3513,4604,414,0,5018,8531,4147,4384,0.5882077130465362,0.9828791897757415,0.21487226277372262
0500000US13273,1000.0,8063,468,0,0,468,8531,4147,4384,0.05485875043957332,0.09500843983602604,0.01687956204379562
0500000US13275,25.0,0,0,5218,39233,44451,44451,23670,20781,1.0,1.0,1.0
0500000US13275,100.0,7686,24703,11668,394,36765,44451,23670,20781,0.8270905041506378,0.9775665399239544,0.6556951061065396
0500000US13275,250.0,12508,20862,11081,0,31943,44451,23670,20781,0.7186115048030416,0.9772708069286016,0.42399307059333047
0500000US13275,1000.0,34037,10414,0,0,10414,44451,23670,20781,0.2342804436345639,0.40595690747782004,0.0387373081179924
0500000US13277,25.0,0,3,5292,35349,40644,40644,23529,17115,1.0,1.0,1.0
0500000US13277,100.0,5944,15710,18871,119,34700,40644,23529,17115,0.8537545517173507,0.9572442517744061,0.7114811568799299
0500000US13277,250.0,6522,34122,0,0,34122,40644,23529,17115,0.8395335104812518,0.9451740405457095,0.6943032427695004
0500000US13277,1000.0,40644,0,0,0,0,40644,23529,17115,0.0,0.0,0.0
0500000US13279,25.0,0,0,6057,20773,26830,26830,13101,13729,1.0,1.0,1.0
0500000US13279,100.0,6486,20275,69,0,20344,26830,13101,13729,0.7582556839358927,0.9688573391344172,0.5572874936266298
0500000US13279,250.0,26407,423,0,0,423,26830,13101,13729,0.015765933656354827,0.0,0.030810692694296746
0500000US13279,1000.0,26407,423,0,0,423,26830,13101,13729,0.015765933656354827,0.0,0.030810692694296746
0500000US13283,25.0,0,1,6014,886,6901,6901,2650,4251,1.0,1.0,1.0
0500000US13283,100.0,6015,886,0,0,886,6901,2650,4251,0.12838719026228082,0.20075471698113206,0.08327452364149612
0500000US13283,250.0,6635,266,0,0,266,6901,2650,4251,0.038545138385741196,0.004528301886792453,0.05975064690661021
0500000US13283,1000.0,6647,254,0,0,254,6901,2650,4251,0.0368062599623243,0.0,0.05975064690661021
0500000US13285,25.0,0,0,3856,66066,69922,69922,38670,31252,1.0,1.0,1.0
0500000US13285,100.0,4585,25908,38819,610,65337,69922,38670,31252,0.934426932868053,0.9985518489785363,0.8550812747984129
0500000US13285,250.0,4685,39639,25145,453,65237,69922,38670,31252,0.9329967678270072,0.9985518489785363,0.8518814795853066
0500000US13285,1000.0,46096,23826,0,0,23826,69922,38670,31252,0.3407511226795572,0.38383760020687874,0.28743760399334445
0500000US13287,25.0,0,0,2170,5815,7985,7985,3705,4280,1.0,1.0,1.0
0500000US13287,100.0,2580,3802,1586,17,5405,7985,3705,4280,0.6768941765810895,0.9856950067476383,0.4095794392523365
0500000US13287,250.0,3384,4584,17,0,4601,7985,3705,4280,0.576205385097057,0.9856950067476383,0.22172897196261682
0500000US13287,1000.0,7985,0,0,0,0,7985,3705,4280,0.0,0.0,0.0
0500000US13293,250.0,3842,20800,1678,0,22478,26320,13516,12804,0.8540273556231003,1.0,0.6999375195251484
0500000US13293,1000.0,24846,1474,0,0,1474,26320,13516,12804,0.05600303951367781,0.10062148564664102,0.008903467666354265
0500000US13295,25.0,0,0,2305,67456,69761,69761,38710,31051,1.0,1.0,1.0
0500000US13295,100.0,3337,25435,34422,6567,66424,69761,38710,31051,0.952165249924743,0.9882717644019633,0.9071527487037454
0500000US13295,250.0,5958,36901,23964,2938,63803,69761,38710,31051,0.9145941141898769,0.9881684319297339,0.8228720492093652
0500000US13295,1000.0,43444,23603,2714,0,26317,69761,38710,31051,0.3772451656369605,0.5778610178248514,0.12714566358571383
0500000US13297,25.0,0,2,7136,87455,94593,94593,53096,41497,1.0,1.0,1.0
0500000US13297,100.0,11560,33144,49153,736,83033,94593,53096,41497,0.8777922256403751,0.8778250715684798,0.8777501988095525
0500000US13297,250.0,17166,48275,29152,0,77427,94593,53096,41497,0.8185277980400241,0.7982522223896339,0.8444706846278044
0500000US13297,1000.0,64975,29618,0,0,29618,94593,53096,41497,0.31310984956603555,0.38550926623474463,0.22047376918813408
0500000US13299,25.0,0,1,4831,30902,35734,35734,25211,10523,1.0,1.0,1.0
0500000US13299,100.0,4854,24894,5897,89,30880,35734,25211,10523,0.8641629820339173,0.9861568363016143,0.5718901453957996
0500000US13299,250.0,34653,1081,0,0,1081,35734,25211,10523,0.030251301281692507,0.041450160644163264,0.0034210776394564286
0500000US13299,1000.0,34674,1060,0,0,1060,35734,25211,10523,0.029663625678625398,0.04061719090873032,0.0034210776394564286
0500000US13303,250.0,6706,13652,16,0,13668,20374,6919,13455,0.6708550112888976,1.0,0.5015979189892233
0500000US13303,1000.0,17270,3104,0,0,3104,20374,6919,13455,0.15235103563365074,0.0,0.23069490895577852
0500000US13305,25.0,0,1,5442,24484,29927,29927,12308,17619,1.0,1.0,1.0
0500000US13305,100.0,6592,22312,1023,0,23335,29927,12308,17619,0.7797306779830921,0.8464413389665258,0.7331290084567796
0500000US13305,250.0,8839,21088,0,0,21088,29927,12308,17619,0.704647976743409,0.8464413389665258,0.6055962313411658
0500000US13305,1000.0,29927,0,0,0,0,29927,12308,17619,0.0,0.0,0.0
0500000US13311,25.0,0,2,1843,28952,30797,30797,4692,26105,1.0,1.0,1.0
0500000US13311,100.0,2954,19067,7893,883,27843,30797,4692,26105,0.9040815663863363,0.9582267689684569,0.894349741428845
0500000US13311,250.0,5708,19337,5158,594,25089,30797,4692,26105,0.8146572718121895,0.943307757885763,0.7915341888527102
0500000US13311,1000.0,10024,19322,1451,0,20773,30797,4692,26105,0.6745137513394162,0.9011082693947144,0.6337866309136181
0500000US13313,1000.0,0,95221,9406,0,104627,104627,73904,30723,1.0,1.0,1.0
0500000US13317,1000.0,0,9777,0,0,9777,9777,3081,6696,1.0,1.0,1.0
0500000US13321,25.0,0,0,6953,13294,20247,20247,6269,13978,1.0,1.0,1.0
0500000US13321,100.0,7047,13065,135,0,13200,20247,6269,13978,0.6519484368054527,0.9980858191099059,0.4967091143225068
0500000US13321,250.0,7642,12586,19,0,12605,20247,6269,13978,0.622561367116116,0.9966501834423352,0.45478609243096296
0500000US13321,1000.0,20247,0,0,0,0,20247,6269,13978,0.0,0.0,0.0
0500000US15001,25.0,0,13371,133840,54302,201513,201513,119477,82036,1.0,1.0,1.0
0500000US15001,100.0,17249,147670,36594,0,184264,201513,119477,82036,0.914402544748974,0.9682030851126158,0.8360475888634258
0500000US15001,250.0,17249,147670,36594,0,184264,201513,119477,82036,0.914402544748974,0.9682030851126158,0.8360475888634258
0500000US15001,1000.0,148579,52934,0,0,52934,201513,119477,82036,0.26268280458332716,0.2020388861454506,0.3510044370764055
0500000US15003,25.0,0,6524,276359,691680,974563,974563,963306,11257,1.0,1.0,1.0
0500000US15003,100.0,6524,278937,677813,11289,968039,974563,963306,11257,0.9933057175369884,0.9949413789595414,0.8533357022297238
0500000US15003,250.0,6524,282233,685425,381,968039,974563,963306,11257,0.9933057175369884,0.9949413789595414,0.8533357022297238
0500000US15003,1000.0,287018,687539,6,0,687545,974563,963306,11257,0.7054905634628034,0.7082474312419937,0.46957448698587545
0500000US15007,25.0,171,3408,60805,7909,72122,72293,61372,10921,0.9976346257590638,1.0,0.9843420932149071
0500000US15007,100.0,3579,61010,7704,0,68714,72293,61372,10921,0.9504931321151425,0.9903702013947728,0.7263986814394287
0500000US15007,250.0,3579,61010,7704,0,68714,72293,61372,10921,0.9504931321151425,0.9903702013947728,0.7263986814394287
0500000US15007,1000.0,64575,7718,0,0,7718,72293,61372,10921,0.10675999059383343,0.11063677246953008,0.08497390348869151
0500000US15009,25.0,0,6351,135029,26037,167417,167417,138214,29203,1.0,1.0,1.0
0500000US15009,100.0,6371,135355,25691,0,161046,167417,138214,29203,0.9619453221596374,0.9981767404170344,0.7904667328699106
0500000US15009,250.0,8222,134830,24365,0,159195,167417,138214,29203,0.9508890972840273,0.9981767404170344,0.7270828339554155
0500000US15009,1000.0,141694,25723,0,0,25723,167417,138214,29203,0.15364628442750736,0.16406442183859812,0.10433859534979283
0500000US16001,25.0,0,15,4171,477354,481540,481540,440358,41182,1.0,1.0,1.0
0500000US16001,100.0,24465,139985,312261,4829,457075,481540,440358,41182,0.9491942517755534,0.98698331811844,0.5451167986013307
0500000US16001,250.0,28604,328326,122894,1716,452936,481540,440358,41182,0.9405989118245629,0.9819283401232634,0.4986644650575494
0500000US16001,1000.0,471926,9614,0,0,9614,481540,440358,41182,0.019965111932549736,0.02010409712097884,0.01847894711281628
0500000US16005,25.0,0,6,4405,83393,87804,87804,71508,16296,1.0,1.0,1.0
0500000US16005,100.0,12042,45361,22550,7851,75762,87804,71508,16296,0.8628536285362853,0.9731498573586173,0.3788659793814433
0500000US16005,250.0,12515,71788,3501,0,75289,87804,71508,16296,0.8574666302218578,0.9694579627454271,0.36604074619538535
0500000US16005,1000.0,87715,89,0,0,89,87804,71508,16296,0.0010136212473235843,0.0,0.0054614629356897395
0500000US16009,25.0,0,0,2221,7077,9298,9298,2550,6748,1.0,1.0,1.0
0500000US16009,100.0,8924,374,0,0,374,9298,2550,6748,0.0402237040223704,0.0,0.05542382928275044
0500000US16009,250.0,9169,129,0,0,129,9298,2550,6748,0.01387395138739514,0.0,0.019116775340841732
0500000US16009,1000.0,9298,0,0,0,0,9298,2550,6748,0.0,0.0,0.0
0500000US16011,25.0,0,0,723,46081,46804,46804,19691,27113,1.0,1.0,1.0
0500000US16011,100.0,17425,29319,60,0,29379,46804,19691,27113,0.627702760447825,0.9833934284698593,0.3693800022129606
0500000US16011,250.0,17719,29025,60,0,29085,46804,19691,27113,0.6214212460473464,0.9833934284698593,0.35853649540810684
0500000US16011,1000.0,46674,130,0,0,130,46804,19691,27113,0.002777540381164003,0.0010156924483266468,0.004057094382768414
0500000US16013,25.0,0,0,1834,21187,23021,23021,14786,8235,1.0,1.0,1.0
0500000US16013,100.0,5257,17396,368,0,17764,23021,14786,8235,0.7716432822205812,0.9005139997294739,0.5402550091074682
0500000US16013,250.0,5257,17396,368,0,17764,23021,14786,8235,0.7716432822205812,0.9005139997294739,0.5402550091074682
0500000US16013,1000.0,22941,80,0,0,80,23021,14786,8235,0.0034750879631640676,0.005410523468145543,0.0
0500000US16017,25.0,0,0,115,45621,45736,45736,11649,34087,1.0,1.0,1.0
0500000US16017,100.0,24731,19545,1460,0,21005,45736,11649,34087,0.4592662235438167,0.9342432826852091,0.296946049813712
0500000US16017,250.0,41712,4024,0,0,4024,45736,11649,34087,0.0879832079762113,0.04463902480899648,0.10279578725027136
0500000US16017,1000.0,45361,375,0,0,375,45736,11649,34087,0.00819923036557635,0.00987209202506653,0.007627541291401414
0500000US16019,25.0,0,0,2417,116627,119044,119044,96710,22334,1.0,1.0,1.0
0500000US16019,100.0,14497,55801,37123,11623,104547,119044,96710,22334,0.8782214979335372,0.9805811188088098,0.43498701531297573
0500000US16019,250.0,15717,81666,18961,2700,103327,119044,96710,22334,0.8679731863848661,0.9782028745734671,0.39065998029909554
0500000US16019,1000.0,99581,18828,635,0,19463,119044,96710,22334,0.16349417022277477,0.16640471512770139,0.15089101817856185
0500000US16021,25.0,0,0,221,12024,12245,12245,2771,9474,1.0,1.0,1.0
0500000US16021,100.0,9244,3001,0,0,3001,12245,2771,9474,0.24507962433646385,0.6207145434861061,0.13521215959468016
0500000US16021,250.0,9244,3001,0,0,3001,12245,2771,9474,0.24507962433646385,0.6207145434861061,0.13521215959468016
0500000US16021,1000.0,9244,3001,0,0,3001,12245,2771,9474,0.24507962433646385,0.6207145434861061,0.13521215959468016
0500000US16027,25.0,0,0,318,229471,229789,229789,171098,58691,1.0,1.0,1.0
0500000US16027,100.0,38919,94357,95068,1445,190870,229789,171098,58691,0.8306315794054546,0.961185986978223,0.45003492869434836
0500000US16027,250.0,46293,151521,31975,0,183496,229789,171098,58691,0.7985412704698658,0.9517761750575694,0.3518256632192329
0500000US16027,1000.0,229789,0,0,0,0,229789,171098,58691,0.0,0.0,0.0
0500000US16029,25.0,0,0,1385,5769,7154,7154,2612,4542,1.0,1.0,1.0
0500000US16029,100.0,5009,2145,0,0,2145,7154,2612,4542,0.299832261671792,0.6094946401225115,0.12175253192426244
0500000US16029,250.0,5009,2145,0,0,2145,7154,2612,4542,0.299832261671792,0.6094946401225115,0.12175253192426244
0500000US16029,1000.0,5009,2145,0,0,2145,7154,2612,4542,0.299832261671792,0.6094946401225115,0.12175253192426244
0500000US16031,25.0,0,0,591,23439,24030,24030,11237,12793,1.0,1.0,1.0
0500000US16031,100.0,10830,13200,0,0,13200,24030,11237,12793,0.5493133583021224,0.9413544540357747,0.20495583522238725
0500000US16031,250.0,10843,13187,0,0,13187,24030,11237,12793,0.5487723678734915,0.9413544540357747,0.2039396544985539
0500000US16031,1000.0,22676,1354,0,0,1354,24030,11237,12793,0.05634623387432376,0.0,0.10583913077464238
0500000US16035,25.0,0,0,4312,4444,8756,8756,3545,5211,1.0,1.0,1.0
0500000US16035,100.0,8736,20,0,0,20,8756,3545,5211,0.0022841480127912287,0.0,0.0038380349261178275
0500000US16035,250.0,8755,1,0,0,1,8756,3545,5211,0.00011420740063956144,0.0,0.00019190174630589137
0500000US16035,1000.0,8756,0,0,0,0,8756,3545,5211,0.0,0.0,0.0
0500000US16039,25.0,0,0,6327,21183,27510,27510,18703,8807,1.0,1.0,1.0
0500000US16039,100.0,9585,13381,4544,0,17925,27510,18703,8807,0.6515812431842967,0.8294925947708923,0.27375950948109457
0500000US16039,250.0,27501,9,0,0,9,27510,18703,8807,0.0003271537622682661,0.0,0.001021914386283638
0500000US16039,1000.0,27510,0,0,0,0,27510,18703,8807,0.0,0.0,0.0
0500000US16041,25.0,0,1,765,13109,13875,13875,4394,9481,1.0,1.0,1.0
0500000US16041,100.0,12492,1383,0,0,1383,13875,4394,9481,0.09967567567567567,0.0,0.14587068874591289
0500000US16041,250.0,12721,1154,0,0,1154,13875,4394,9481,0.08317117117117118,0.0,0.12171711844742115
0500000US16041,1000.0,13875,0,0,0,0,13875,4394,9481,0.0,0.0,0.0
0500000US16043,25.0,0,0,608,12491,13099,13099,3585,9514,1.0,1.0,1.0
0500000US16043,100.0,7874,5076,149,0,5225,13099,3585,9514,0.39888541110008396,0.9338912133891213,0.19728820685305865
0500000US16043,250.0,7990,4960,149,0,5109,13099,3585,9514,0.3900297732651347,0.9338912133891213,0.1850956485179735
0500000US16043,1000.0,12836,263,0,0,263,13099,3585,9514,0.020077868539583175,0.003905160390516039,0.026171957115829304
0500000US16045,25.0,0,4,495,17612,18111,18111,9396,8715,1.0,1.0,1.0
0500000US16045,100.0,4521,10205,3385,0,13590,18111,9396,8715,0.7503727016730164,0.9869093231162197,0.4953528399311532
0500000US16045,250.0,5315,12796,0,0,12796,18111,9396,8715,0.7065319419137541,0.9863771817794806,0.40481927710843374
0500000US16045,1000.0,18109,2,0,0,2,18111,9396,8715,0.00011043012533819226,0.0,0.00022948938611589215
0500000US16047,25.0,0,0,259,14920,15179,15179,6303,8876,1.0,1.0,1.0
0500000US16047,100.0,7270,7909,0,0,7909,15179,6303,8876,0.5210488174451545,0.9781056639695384,0.19648490310950878
0500000US16047,250.0,7270,7909,0,0,7909,15179,6303,8876,0.5210488174451545,0.9781056639695384,0.19648490310950878
0500000US16047,1000.0,15179,0,0,0,0,15179,6303,8876,0.0,0.0,0.0
0500000US16049,25.0,0,0,4567,12100,16667,16667,3182,13485,1.0,1.0,1.0
0500000US16049,100.0,16659,8,0,0,8,16667,3182,13485,0.00047999040019199615,0.0,0.0005932517612161661
0500000US16049,250.0,16659,8,0,0,8,16667,3182,13485,0.00047999040019199615,0.0,0.0005932517612161661
0500000US16049,1000.0,16667,0,0,0,0,16667,3182,13485,0.0,0.0,0.0
0500000US16051,25.0,0,3,2104,27754,29861,29861,9137,20724,1.0,1.0,1.0
0500000US16051,100.0,9839,10602,8051,1369,20022,29861,9137,20724,0.6705066809550919,0.9793148735908942,0.5343563018722255
0500000US16051,250.0,14881,13620,1360,0,14980,29861,9137,20724,0.5016576805867184,0.9463718944949108,0.3055877243775333
0500000US16051,1000.0,27993,1868,0,0,1868,29861,9137,20724,0.06255651183818359,0.10638065010397285,0.04323489673808145
0500000US16053,25.0,0,0,117,24294,24411,24411,11088,13323,1.0,1.0,1.0
0500000US16053,100.0,9256,13290,1865,0,15155,24411,11088,13323,0.6208266764982999,0.9753787878787878,0.3257524581550702
0500000US16053,250.0,9830,14581,0,0,14581,24411,11088,13323,0.5973126869034452,0.9753787878787878,0.2826690685281093
0500000US16053,1000.0,24411,0,0,0,0,24411,11088,13323,0.0,0.0,0.0
0500000US16055,25.0,0,2,1997,163690,165689,165689,117699,47990,1.0,1.0,1.0
0500000US16055,100.0,27718,137093,878,0,137971,165689,117699,47990,0.8327106808538889,0.9994817288167274,0.42369243592415085
0500000US16055,250.0,27912,137434,343,0,137777,165689,117699,47990,0.8315398125403618,0.9994817288167274,0.4196499270681392
0500000US16055,1000.0,165689,0,0,0,0,165689,117699,47990,0.0,0.0,0.0
0500000US16057,250.0,13579,26529,0,0,26529,40108,24395,15713,0.6614391143911439,1.0,0.13581111181823968
0500000US16057,1000.0,40108,0,0,0,0,40108,24395,15713,0.0,0.0,0.0
0500000US16059,25.0,0,0,3504,4523,8027,8027,2560,5467,1.0,1.0,1.0
0500000US16059,100.0,4314,3704,9,0,3713,8027,2560,5467,0.4625638470163199,0.990625,0.2152917505030181
0500000US16059,250.0,4805,3213,9,0,3222,8027,2560,5467,0.40139529089323533,0.990625,0.12548015364916773
0500000US16059,1000.0,5631,2387,9,0,2396,8027,2560,5467,0.2984925875171297,0.684375,0.117797695262484
0500000US16065,25.0,0,0,383,39522,39905,39905,27084,12821,1.0,1.0,1.0
0500000US16065,100.0,6097,10259,10674,12875,33808,39905,27084,12821,0.847212128805914,0.9656993058632403,0.59691131736994
0500000US16065,250.0,10641,15460,11684,2120,29264,39905,27084,12821,0.7333416865054504,0.9491581745680107,0.2774354574526168
0500000US16065,1000.0,23582,15830,493,0,16323,39905,27084,12821,0.4090464854028317,0.5276916260522818,0.1584119803447469
0500000US16067,25.0,0,0,40,20998,21038,21038,11297,9741,1.0,1.0,1.0
0500000US16067,100.0,7388,13222,428,0,13650,21038,11297,9741,0.6488259340241468,0.9468000354076304,0.30325428600759674
0500000US16067,250.0,7404,13206,428,0,13634,21038,11297,9741,0.6480654054567925,0.9468000354076304,0.3016117441741094
0500000US16067,1000.0,21038,0,0,0,0,21038,11297,9741,0.0,0.0,0.0
0500000US16069,25.0,0,0,5372,35036,40408,40408,32205,8203,1.0,1.0,1.0
0500000US16069,100.0,6056,23106,11246,0,34352,40408,32205,8203,0.8501286873886359,0.9941313460642758,0.28477386322077286
0500000US16069,250.0,6681,33616,111,0,33727,40408,32205,8203,0.8346614531775886,0.9941313460642758,0.2085822260148726
0500000US16069,1000.0,40408,0,0,0,0,40408,32205,8203,0.0,0.0,0.0
0500000US16073,25.0,0,0,2349,9474,11823,11823,2580,9243,1.0,1.0,1.0
0500000US16073,100.0,4346,5553,1924,0,7477,11823,2580,9243,0.6324114015055401,0.9782945736434109,0.5358649789029536
0500000US16073,250.0,7682,4141,0,0,4141,11823,2580,9243,0.3502495136598156,0.9782945736434109,0.17494320025965596
0500000US16073,1000.0,11823,0,0,0,0,11823,2580,9243,0.0,0.0,0.0
0500000US16075,25.0,0,1,1162,22784,23947,23947,13105,10842,1.0,1.0,1.0
0500000US16075,100.0,6090,12897,4960,0,17857,23947,13105,10842,0.7456883952060801,0.9648988935520794,0.480723113816639
0500000US16075,250.0,6090,12897,4960,0,17857,23947,13105,10842,0.7456883952060801,0.9648988935520794,0.480723113816639
0500000US16075,1000.0,17658,6289,0,0,6289,23947,13105,10842,0.2626216227502401,0.30293780999618464,0.21389042612064194
0500000US16077,25.0,0,0,545,7136,7681,7681,4272,3409,1.0,1.0,1.0
0500000US16077,100.0,1447,2801,3433,0,6234,7681,4272,3409,0.8116130712146856,0.9964887640449438,0.5799354649457319
0500000US16077,250.0,2837,4844,0,0,4844,7681,4272,3409,0.6306470511652129,0.961376404494382,0.2161924317981813
0500000US16077,1000.0,7088,593,0,0,593,7681,4272,3409,0.07720348912901966,0.0,0.17395130536814316
0500000US16079,25.0,0,0,3689,9193,12882,12882,5549,7333,1.0,1.0,1.0
0500000US16079,100.0,12882,0,0,0,0,12882,5549,7333,0.0,0.0,0.0
0500000US16079,250.0,12882,0,0,0,0,12882,5549,7333,0.0,0.0,0.0
0500000US16079,1000.0,12882,0,0,0,0,12882,5549,7333,0.0,0.0,0.0
0500000US16083,25.0,0,0,1444,85433,86877,86877,58627,28250,1.0,1.0,1.0
0500000US16083,100.0,15807,48002,23015,53,71070,86877,58627,28250,0.8180531095687006,0.9725553072816279,0.49741592920353983
0500000US16083,250.0,16452,62572,7800,53,70425,86877,58627,28250,0.8106288200559412,0.9682398894707217,0.48353982300884957
0500000US16083,1000.0,86877,0,0,0,0,86877,58627,28250,0.0,0.0,0.0
0500000US16087,25.0,0,0,1114,9080,10194,10194,5351,4843,1.0,1.0,1.0
0500000US16087,100.0,4554,5640,0,0,5640,10194,5351,4843,0.5532666274278988,0.9794430947486451,0.08238695023745612
0500000US16087,250.0,4554,5640,0,0,5640,10194,5351,4843,0.5532666274278988,0.9794430947486451,0.08238695023745612
0500000US16087,1000.0,10194,0,0,0,0,10194,5351,4843,0.0,0.0,0.0
0500000US17001,25.0,0,0,6497,58938,65435,65435,43827,21608,1.0,1.0,1.0
0500000US17001,100.0,6768,19664,38410,593,58667,65435,43827,21608,0.8965691143883243,0.9990873206014558,0.6886338393187709
0500000US17001,250.0,6768,19664,38410,593,58667,65435,43827,21608,0.8965691143883243,0.9990873206014558,0.6886338393187709
0500000US17001,1000.0,15193,49639,603,0,50242,65435,43827,21608,0.7678153893176435,0.8714034727451114,0.5577101073676416
0500000US17003,25.0,0,0,5756,5,5761,5761,2334,3427,1.0,1.0,1.0
0500000US17003,100.0,5761,0,0,0,0,5761,2334,3427,0.0,0.0,0.0
0500000US17003,250.0,5761,0,0,0,0,5761,2334,3427,0.0,0.0,0.0
0500000US17003,1000.0,5761,0,0,0,0,5761,2334,3427,0.0,0.0,0.0
0500000US17005,25.0,0,0,0,16426,16426,16426,5735,10691,1.0,1.0,1.0
0500000US17005,100.0,8667,7684,75,0,7759,16426,5735,10691,0.4723608912699379,0.9649520488230166,0.2081189785801141
0500000US17005,250.0,10095,6256,75,0,6331,16426,5735,10691,0.3854255448678924,0.9649520488230166,0.07454868581049481
0500000US17005,1000.0,16410,16,0,0,16,16426,5735,10691,0.0009740655059052721,0.0,0.0014965859133850904
0500000US17007,25.0,0,0,1541,52003,53544,53544,43033,10511,1.0,1.0,1.0
0500000US17007,100.0,5035,42615,5718,176,48509,53544,43033,10511,0.9059651875093381,0.9963748750958566,0.5358196175435258
0500000US17007,250.0,5121,42908,5339,176,48423,53544,43033,10511,0.904359031824294,0.9963283991355472,0.52782798972505
0500000US17007,1000.0,53364,180,0,0,180,53544,43033,10511,0.0033617212012550424,0.004182836427857691,0.0
0500000US17009,25.0,0,0,1322,5256,6578,6578,3792,2786,1.0,1.0,1.0
0500000US17009,100.0,1820,2672,2086,0,4758,6578,3792,2786,0.7233201581027668,0.9981540084388185,0.3492462311557789
0500000US17009,250.0,1820,2672,2086,0,4758,6578,3792,2786,0.7233201581027668,0.9981540084388185,0.3492462311557789
0500000US17009,1000.0,1820,2672,2086,0,4758,6578,3792,2786,0.7233201581027668,0.9981540084388185,0.3492462311557789
0500000US17011,25.0,0,0,0,32628,32628,32628,13269,19359,1.0,1.0,1.0
0500000US17011,100.0,9862,22680,86,0,22766,32628,13269,19359,0.6977442687262474,0.9798025472906775,0.504416550441655
0500000US17011,250.0,9875,22753,0,0,22753,32628,13269,19359,0.6973458379306118,0.9798025472906775,0.5037450281522806
0500000US17011,1000.0,32580,48,0,0,48,32628,13269,19359,0.001471129091577786,0.0006029090360991785,0.002066222428844465
0500000US17015,25.0,0,0,1189,13116,14305,14305,2446,11859,1.0,1.0,1.0
0500000US17015,100.0,4405,9703,197,0,9900,14305,2446,11859,0.6920657112897588,0.9697465249386754,0.6347921409899654
0500000US17015,250.0,4579,9529,197,0,9726,14305,2446,11859,0.6799021321216357,0.9693376941946035,0.6202040644236445
0500000US17015,1000.0,14086,219,0,0,219,14305,2446,11859,0.015309332401258301,0.016353229762878167,0.015094021418332068
0500000US17017,25.0,0,0,810,11337,12147,12147,6040,6107,1.0,1.0,1.0
0500000US17017,100.0,12147,0,0,0,0,12147,6040,6107,0.0,0.0,0.0
0500000US17017,250.0,12147,0,0,0,0,12147,6040,6107,0.0,0.0,0.0
0500000US17017,1000.0,12147,0,0,0,0,12147,6040,6107,0.0,0.0,0.0
0500000US17019,25.0,0,0,6657,203032,209689,209689,180510,29179,1.0,1.0,1.0
0500000US17019,100.0,17376,100957,73819,17537,192313,209689,180510,29179,0.9171344228834131,0.9833194836851143,0.5076938894410363
0500000US17019,250.0,17987,142195,43013,6494,191702,209689,180510,29179,0.9142205838169861,0.9817461636474434,0.49648719969841326
0500000US17019,1000.0,160063,43136,6490,0,49626,209689,180510,29179,0.2366647749762744,0.272788211179436,0.013194420644984406
0500000US17021,100.0,0,4955,9694,17655,32304,32304,17429,14875,1.0,1.0,1.0
0500000US17021,250.0,5188,14705,12338,73,27116,32304,17429,14875,0.8394006934125805,0.9885248723392047,0.664672268907563
0500000US17021,1000.0,19384,12919,1,0,12920,32304,17429,14875,0.39995047052996535,0.6522462562396006,0.10433613445378151
0500000US17023,25.0,0,0,2973,12468,15441,15441,6150,9291,1.0,1.0,1.0
0500000US17023,100.0,6347,9014,80,0,9094,15441,6150,9291,0.5889514927789651,0.9842276422764228,0.3273059950489721
0500000US17023,250.0,6369,9072,0,0,9072,15441,6150,9291,0.5875267145910239,0.9842276422764228,0.3249381121515445
0500000US17023,1000.0,15441,0,0,0,0,15441,6150,9291,0.0,0.0,0.0
0500000US17025,100.0,2311,9661,1211,1,10873,13184,4487,8697,0.8247117718446602,1.0,0.7342761871909854
0500000US17025,250.0,5331,6641,1212,0,7853,13184,4487,8697,0.5956462378640777,0.3369734789391576,0.7291019891916752
0500000US17025,1000.0,5343,7841,0,0,7841,13184,4487,8697,0.5947360436893204,0.3369734789391576,0.727722203058526
0500000US17027,25.0,0,0,16,37546,37562,37562,19099,18463,1.0,1.0,1.0
0500000US17027,100.0,4058,14309,19032,163,33504,37562,19099,18463,0.8919652840636814,0.9999476412377611,0.7802632291610248
0500000US17027,250.0,10576,26823,163,0,26986,37562,19099,18463,0.7184388477716841,0.9985339546573119,0.4286952282944267
0500000US17027,1000.0,37418,144,0,0,144,37562,19099,18463,0.003833661679356797,0.007225509188962773,0.00032497427287006444
0500000US17029,25.0,0,0,5118,45503,50621,50621,37611,13010,1.0,1.0,1.0
0500000US17029,100.0,7686,19732,22533,670,42935,50621,37611,13010,0.8481657809999802,0.96035734226689,0.5238278247501922
0500000US17029,250.0,10538,39007,1076,0,40083,50621,37611,13010,0.7918255269552162,0.9389274414400043,0.3665641813989239
0500000US17029,1000.0,49411,1210,0,0,1210,50621,37611,13010,0.02390312320973509,0.02443434101725559,0.0223674096848578
0500000US17031,25.0,0,0,40693,5109540,5150233,5150233,5147731,2502,1.0,1.0,1.0
0500000US17031,100.0,56686,1137942,2916836,1038769,5093547,5150233,5147731,2502,0.9889935076723714,0.989043328021608,0.8864908073541167
0500000US17031,250.0,81759,3051988,1843198,173288,5068474,5150233,5147731,2502,0.9841251842392373,0.9841858480950151,0.8593125499600319
0500000US17031,1000.0,3940866,1179593,28410,1364,1209367,5150233,5147731,2502,0.23481791988828465,0.2349137901727965,0.037569944044764186
0500000US17033,25.0,0,0,3890,14777,18667,18667,7003,11664,1.0,1.0,1.0
0500000US17033,100.0,6949,11718,0,0,11718,18667,7003,11664,0.6277387903787432,0.9934313865486221,0.408179012345679
0500000US17033,250.0,7161,11506,0,0,11506,18667,7003,11664,0.6163818503241013,0.9934313865486221,0.3900034293552812
0500000US17033,1000.0,18667,0,0,0,0,18667,7003,11664,0.0,0.0,0.0
0500000US17037,25.0,0,6,3664,101217,104887,104887,82809,22078,1.0,1.0,1.0
0500000US17037,100.0,9768,44175,50029,915,95119,104887,82809,22078,0.9068712042483816,0.9565989204072021,0.7203551046290425
0500000US17037,250.0,10717,46899,47250,21,94170,104887,82809,22078,0.8978233718191959,0.9565989204072021,0.6773711386900988
0500000US17037,1000.0,56775,48112,0,0,48112,104887,82809,22078,0.4587031757987167,0.5283362919489427,0.19752694990488268
0500000US17039,25.0,0,0,1898,13740,15638,15638,7809,7829,1.0,1.0,1.0
0500000US17039,100.0,4774,10778,86,0,10864,15638,7809,7829,0.6947179946284691,0.9614547317198104,0.4286626644526759
0500000US17039,250.0,4880,10681,77,0,10758,15638,7809,7829,0.6879396342243254,0.9578691253681649,0.4186997062204624
0500000US17039,1000.0,15570,68,0,0,68,15638,7809,7829,0.004348382146054482,0.008323729030605711,0.00038319070123898327
0500000US17041,25.0,0,0,3381,16084,19465,19465,7331,12134,1.0,1.0,1.0
0500000US17041,100.0,5297,12360,1808,0,14168,19465,7331,12134,0.7278705368610326,0.9776292456690765,0.5769737926487556
0500000US17041,250.0,6529,12823,113,0,12936,19465,7331,12134,0.6645774466992037,0.9744918837812031,0.47733641008735783
0500000US17041,1000.0,19361,104,0,0,104,19465,7331,12134,0.005342923195479065,0.01268585459009685,0.0009065435965056865
0500000US17043,25.0,0,7,6410,916504,922921,922921,922387,534,1.0,1.0,1.0
0500000US17043,100.0,11912,346920,490495,73594,911009,922921,922387,534,0.9870931531517866,0.9873458754297274,0.550561797752809
0500000US17043,250.0,13886,687177,218243,3615,909035,922921,922387,534,0.9849542918624671,0.9852057758836584,0.550561797752809
0500000US17043,1000.0,841714,81207,0,0,81207,922921,922387,534,0.0879891128276418,0.08803680017172835,0.0056179775280898875
0500000US17045,25.0,0,0,1337,15824,17161,17161,8204,8957,1.0,1.0,1.0
0500000US17045,100.0,6536,10468,157,0,10625,17161,8204,8957,0.6191364139618903,0.9901267674305217,0.2793345986379368
0500000US17045,250.0,6590,10571,0,0,10571,17161,8204,8957,0.6159897441874017,0.9901267674305217,0.2733057943507871
0500000US17045,1000.0,17161,0,0,0,0,17161,8204,8957,0.0,0.0,0.0
0500000US17049,25.0,0,0,1606,32402,34008,34008,13442,20566,1.0,1.0,1.0
0500000US17049,100.0,8323,15726,8839,1120,25685,34008,13442,20566,0.7552634674194307,0.9938253236125577,0.5993387143829622
0500000US17049,250.0,8576,21261,4153,18,25432,34008,13442,20566,0.7478240414020231,0.9938253236125577,0.5870368569483614
0500000US17049,1000.0,25091,8773,144,0,8917,34008,13442,20566,0.26220301105622207,0.16448445171849427,0.326072157930565
0500000US17051,25.0,0,0,9442,11894,21336,21336,6537,14799,1.0,1.0,1.0
0500000US17051,100.0,16420,4829,87,0,4916,21336,6537,14799,0.23040869891263593,0.04788129111213095,0.3110345293600919
0500000US17051,250.0,16460,4794,82,0,4876,21336,6537,14799,0.2285339332583427,0.04268012849931161,0.3106290965605784
0500000US17051,1000.0,21174,162,0,0,162,21336,6537,14799,0.007592800899887514,0.0016827290806180205,0.010203392121089262
0500000US17053,25.0,0,0,1319,11642,12961,12961,7195,5766,1.0,1.0,1.0
0500000US17053,100.0,4788,8167,6,0,8173,12961,7195,5766,0.6305840598719235,0.9948575399583044,0.17603191120360737
0500000US17053,250.0,4940,8015,6,0,8021,12961,7195,5766,0.6188565697091274,0.9897150799166088,0.15608740894901144
0500000US17053,1000.0,12953,8,0,0,8,12961,7195,5766,0.0006172363243576885,0.0,0.001387443635102324
0500000US17055,25.0,0,0,708,37761,38469,38469,19480,18989,1.0,1.0,1.0
0500000US17055,100.0,8963,29092,414,0,29506,38469,19480,18989,0.767007200603083,0.9658110882956878,0.5630628258465428
0500000US17055,250.0,9090,28965,414,0,29379,38469,19480,18989,0.763705841066833,0.9651437371663244,0.5570593501500869
0500000US17055,1000.0,38469,0,0,0,0,38469,19480,18989,0.0,0.0,0.0
0500000US17057,25.0,0,0,6626,27714,34340,34340,12435,21905,1.0,1.0,1.0
0500000US17057,100.0,8282,9055,16965,38,26058,34340,12435,21905,0.7588235294117647,0.9392038600723763,0.6564254736361561
0500000US17057,250.0,9614,8406,16298,22,24726,34340,12435,21905,0.7200349446709376,0.9392038600723763,0.595617438940881
0500000US17057,1000.0,15461,18849,30,0,18879,34340,12435,21905,0.5497670355270822,0.7399276236429433,0.4418169367724264
0500000US17061,25.0,0,0,1183,11786,12969,12969,3698,9271,1.0,1.0,1.0
0500000US17061,100.0,6631,6335,3,0,6338,12969,3698,9271,0.4887038322152826,0.9832341806381828,0.29144644590659047
0500000US17061,250.0,6745,6224,0,0,6224,12969,3698,9271,0.47991364021898375,0.9832341806381828,0.2791500377521303
0500000US17061,1000.0,12969,0,0,0,0,12969,3698,9271,0.0,0.0,0.0
0500000US17063,25.0,0,0,10,51042,51052,51052,38297,12755,1.0,1.0,1.0
0500000US17063,100.0,6997,37119,6936,0,44055,51052,38297,12755,0.8629436652824571,0.9703371021228817,0.5404939239513916
0500000US17063,250.0,7662,42199,1191,0,43390,51052,38297,12755,0.8499177309410013,0.960989111418649,0.5164249313994512
0500000US17063,1000.0,49951,1101,0,0,1101,51052,38297,12755,0.02156624618036512,0.027573961406898714,0.0035280282242257936
0500000US17065,25.0,0,0,1985,6131,8116,8116,2416,5700,1.0,1.0,1.0
0500000US17065,100.0,2618,4445,995,58,5498,8116,2416,5700,0.6774273040906851,0.9929635761589404,0.5436842105263158
0500000US17065,250.0,4540,2566,1010,0,3576,8116,2416,5700,0.4406111384918679,0.9929635761589404,0.20649122807017545
0500000US17065,1000.0,8116,0,0,0,0,8116,2416,5700,0.0,0.0,0.0
0500000US17067,25.0,0,0,3398,14310,17708,17708,4765,12943,1.0,1.0,1.0
0500000US17067,100.0,4441,9916,3298,53,13267,17708,4765,12943,0.7492093968827649,0.9641133263378804,0.6700919415900487
0500000US17067,250.0,4512,9875,3303,18,13196,17708,4765,12943,0.745199909645358,0.9636935991605456,0.6647608746040331
0500000US17067,1000.0,15434,2266,8,0,2274,17708,4765,12943,0.12841653489948046,0.0,0.17569342501738391
0500000US17071,25.0,0,0,0,6646,6646,6646,26,6620,1.0,1.0,1.0
0500000US17071,100.0,2869,2230,1547,0,3777,6646,26,6620,0.5683117664760758,0.0,0.5705438066465257
0500000US17071,250.0,3308,1956,1382,0,3338,6646,26,6620,0.5022569966897382,0.0,0.5042296072507553
0500000US17071,1000.0,6646,0,0,0,0,6646,26,6620,0.0,0.0,0.0
0500000US17073,25.0,0,0,0,48913,48913,48913,24292,24621,1.0,1.0,1.0
0500000US17073,100.0,8195,32136,8431,151,40718,48913,24292,24621,0.8324576288512257,0.9939074592458422,0.6731651841923562
0500000US17073,250.0,9427,39383,103,0,39486,48913,24292,24621,0.8072700509067119,0.9939074592458422,0.6231265992445474
0500000US17073,1000.0,48796,117,0,0,117,48913,24292,24621,0.002392002126224112,0.0,0.0047520409406604115
0500000US17075,25.0,0,0,5767,21347,27114,27114,7431,19683,1.0,1.0,1.0
0500000US17075,100.0,14486,12576,52,0,12628,27114,7431,19683,0.4657372575053478,0.6149912528596421,0.40938881268099375
0500000US17075,250.0,14889,12173,52,0,12225,27114,7431,19683,0.4508740871874308,0.6057058269411923,0.3924198546969466
0500000US17075,1000.0,27056,58,0,0,58,27114,7431,19683,0.0021391163236704285,0.0,0.00294670527866687
0500000US17077,25.0,0,0,23,56727,56750,56750,33947,22803,1.0,1.0,1.0
0500000US17077,100.0,12548,37519,6214,469,44202,56750,33947,22803,0.7788898678414097,0.9247061596017321,0.5618120422751393
0500000US17077,250.0,14467,41298,985,0,42283,56750,33947,22803,0.7450748898678414,0.9089757563260377,0.5010744200324518
0500000US17077,1000.0,56285,465,0,0,465,56750,33947,22803,0.008193832599118944,0.013697823077149675,0.0
0500000US17079,25.0,0,0,4794,4816,9610,9610,2472,7138,1.0,1.0,1.0
0500000US17079,100.0,5991,3445,164,10,3619,9610,2472,7138,0.3765868886576483,0.9870550161812298,0.16517231717567946
0500000US17079,250.0,5995,3576,39,0,3615,9610,2472,7138,0.3761706555671176,0.9870550161812298,0.16461193611655925
0500000US17079,1000.0,8976,634,0,0,634,9610,2472,7138,0.0659729448491155,0.0,0.08882039787055197
0500000US17081,250.0,15820,21548,316,0,21864,37684,15036,22648,0.5801931854367901,1.0,0.30148357470858356
0500000US17081,1000.0,37522,162,0,0,162,37684,15036,22648,0.004298906697802781,0.0,0.007152949487813493
0500000US17083,25.0,0,0,327,21446,21773,21773,8852,12921,1.0,1.0,1.0
0500000US17083,100.0,8223,11695,1855,0,13550,21773,8852,12921,0.6223304092224314,0.996046091278807,0.3663029177308258
0500000US17083,250.0,8565,11353,1855,0,13208,21773,8852,12921,0.6066228815505442,0.996046091278807,0.3398343781441065
0500000US17083,1000.0,17713,4060,0,0,4060,21773,8852,12921,0.18646948054930418,0.16516041572525983,0.2010680287903413
0500000US17085,25.0,0,0,2458,18777,21235,21235,5569,15666,1.0,1.0,1.0
0500000US17085,100.0,6415,11033,3787,0,14820,21235,5569,15666,0.6979044031080763,0.9962291255162506,0.5918549725520235
0500000US17085,250.0,6656,10910,3669,0,14579,21235,5569,15666,0.6865552154461974,0.9917399892260729,0.5780671517936934
0500000US17085,1000.0,16608,4627,0,0,4627,21235,5569,15666,0.21789498469507887,0.3304004309570839,0.1779011872845653
0500000US17089,25.0,0,0,4955,527448,532403,532403,511140,21263,1.0,1.0,1.0
0500000US17089,100.0,12579,148059,254560,117205,519824,532403,511140,21263,0.9763731609326018,0.9906190084908244,0.6339180736490617
0500000US17089,250.0,13823,246156,237602,34822,518580,532403,511140,21263,0.9740365850680781,0.9886312947529052,0.6231952217466962
0500000US17089,1000.0,320260,197672,14471,0,212143,532403,511140,21263,0.3984631942344427,0.40924012990570097,0.13939707473075294
0500000US17091,25.0,0,0,2469,107393,109862,109862,81885,27977,1.0,1.0,1.0
0500000US17091,100.0,7766,44642,50365,7089,102096,109862,81885,27977,0.9293113178351022,0.9915857605177993,0.7470422132465954
0500000US17091,250.0,14162,83382,12318,0,95700,109862,81885,27977,0.8710928255447744,0.9835012517555107,0.5420881438324338
0500000US17091,1000.0,105126,4736,0,0,4736,109862,81885,27977,0.04310862718683439,0.040483605055871036,0.05079172177145513
0500000US17093,25.0,0,0,1555,127426,128981,128981,111212,17769,1.0,1.0,1.0
0500000US17093,100.0,8564,28936,60646,30835,120417,128981,111212,17769,0.9336026236422419,0.9902078912347588,0.5793235409983679
0500000US17093,250.0,8642,38903,71334,10102,120339,128981,111212,17769,0.9329978834091843,0.9897493076286732,0.5778040407451179
0500000US17093,1000.0,43670,75484,9827,0,85311,128981,111212,17769,0.661423000286864,0.7094018631082977,0.36113456018909335
0500000US17095,25.0,0,0,0,49699,49699,49699,36654,13045,1.0,1.0,1.0
0500000US17095,100.0,2850,41226,5274,349,46849,49699,36654,13045,0.9426547817863539,0.9959622415016096,0.7928708317362975
0500000US17095,250.0,4960,40775,3960,4,44739,49699,36654,13045,0.9001991991790579,0.9959076771975773,0.6312763510923726
0500000US17095,1000.0,42072,7609,18,0,7627,49699,36654,13045,0.1534638523913962,0.07739946526982049,0.36719049444231505
0500000US17097,25.0,0,0,6427,690108,696535,696535,687458,9077,1.0,1.0,1.0
0500000US17097,100.0,11832,287179,397275,249,684703,696535,687458,9077,0.983013057491727,0.9855423894987039,0.7914509199074584
0500000US17097,250.0,14951,646516,35068,0,681584,696535,687458,9077,0.9785351777010488,0.9811101187272532,0.7835187837391209
0500000US17097,1000.0,663376,33159,0,0,33159,696535,687458,9077,0.04760564795738908,0.04796511205048163,0.020381183210311776
0500000US17099,25.0,0,0,0,108669,108669,108669,76021,32648,1.0,1.0,1.0
0500000US17099,100.0,19379,82387,6903,0,89290,108669,76021,32648,0.8216694733548666,0.9894897462543245,0.43089928938985544
0500000US17099,250.0,20072,87290,1307,0,88597,108669,76021,32648,0.8152923096743322,0.9890293471540759,0.4107449154618966
0500000US17099,1000.0,107166,1503,0,0,1503,108669,76021,32648,0.013830991359081246,0.0025650807013851435,0.04006370987503063
0500000US17101,25.0,0,0,3489,12189,15678,15678,6621,9057,1.0,1.0,1.0
0500000US17101,100.0,6213,9465,0,0,9465,15678,6621,9057,0.6037122081898201,0.9735689472889292,0.3333333333333333
0500000US17101,250.0,6213,9465,0,0,9465,15678,6621,9057,0.6037122081898201,0.9735689472889292,0.3333333333333333
0500000US17101,1000.0,15678,0,0,0,0,15678,6621,9057,0.0,0.0,0.0
0500000US17103,25.0,0,0,0,34096,34096,34096,15329,18767,1.0,1.0,1.0
0500000US17103,100.0,12634,21329,133,0,21462,34096,15329,18767,0.6294580009385266,0.8874029617065693,0.4187669846006288
0500000US17103,250.0,12634,21329,133,0,21462,34096,15329,18767,0.6294580009385266,0.8874029617065693,0.4187669846006288
0500000US17103,1000.0,34022,74,0,0,74,34096,15329,18767,0.0021703425621773815,0.0003261791375823602,0.003676666489049928
0500000US17105,25.0,0,0,0,35648,35648,35648,19732,15916,1.0,1.0,1.0
0500000US17105,100.0,10609,25007,32,0,25039,35648,19732,15916,0.7023956463195691,0.9670079059395905,0.37434028650414675
0500000US17105,250.0,10886,24739,23,0,24762,35648,19732,15916,0.6946252244165171,0.9625988242448814,0.3624026137220407
0500000US17105,1000.0,35601,47,0,0,47,35648,19732,15916,0.001318447037701975,0.001165619298601257,0.0015079165619502387
0500000US17107,25.0,0,0,1856,26762,28618,28618,16531,12087,1.0,1.0,1.0
0500000US17107,100.0,6188,22324,106,0,22430,28618,16531,12087,0.7837724509050248,0.9779202710059888,0.5182427401340283
0500000US17107,250.0,6204,22323,91,0,22414,28618,16531,12087,0.783213362219582,0.9779202710059888,0.5169190038884752
0500000US17107,1000.0,28502,116,0,0,116,28618,16531,12087,0.004053392969459781,0.005504809146452121,0.0020683378836766774
0500000US17109,25.0,0,0,354,29328,29682,29682,20039,9643,1.0,1.0,1.0
0500000US17109,100.0,1329,12093,13021,3239,28353,29682,20039,9643,0.9552253891247221,0.9866759818354209,0.8898682982474334
0500000US17109,250.0,1338,12182,13229,2933,28344,29682,20039,9643,0.9549221750555893,0.9866759818354209,0.8889349787410556
0500000US17109,1000.0,25763,3919,0,0,3919,29682,20039,9643,0.13203288188127485,0.16417984929387694,0.06522866327906253
0500000US17111,25.0,0,0,896,306878,307774,307774,276623,31151,1.0,1.0,1.0
0500000US17111,100.0,12488,173829,120807,650,295286,307774,276623,31151,0.9594247727228421,0.9958969427704855,0.6355494205643478
0500000US17111,250.0,13735,281263,12776,0,294039,307774,276623,31151,0.9553730984423635,0.9951160966369391,0.6024525697409393
0500000US17111,1000.0,297191,10583,0,0,10583,307774,276623,31151,0.034385620617725994,0.032853378063284686,0.0479920387788514
0500000US17113,25.0,0,0,4054,167463,171517,171517,140598,30919,1.0,1.0,1.0
0500000US17113,100.0,14939,39885,110992,5701,156578,171517,140598,30919,0.9129007620235895,0.9931151225479736,0.5481419192082538
0500000US17113,250.0,15125,41400,112880,2112,156392,171517,140598,30919,0.9118163214142039,0.9930795601644404,0.5422879135806462
0500000US17113,1000.0,53305,116225,1987,0,118212,171517,140598,30919,0.6892144801972983,0.8338312067027981,0.03159869336006986
0500000US17115,25.0,0,0,669,103340,104009,104009,87110,16899,1.0,1.0,1.0
0500000US17115,100.0,6493,18907,53139,25470,97516,104009,87110,16899,0.9375727100539376,0.9897485937320629,0.6686194449375703
0500000US17115,250.0,12038,90633,1338,0,91971,104009,87110,16899,0.8842600159601572,0.9824360004591896,0.3781880584649979
0500000US17115,1000.0,102775,1234,0,0,1234,104009,87110,16899,0.011864357892105491,0.013833084605670991,0.0017160778744304396
0500000US17117,25.0,0,0,7216,37710,44926,44926,18551,26375,1.0,1.0,1.0
0500000US17117,100.0,12169,31929,822,6,32757,44926,18551,26375,0.7291323509771624,0.9908899789768746,0.5450236966824644
0500000US17117,250.0,26949,17977,0,0,17977,44926,18551,26375,0.4001469082491208,0.6409357986092394,0.2307867298578199
0500000US17117,1000.0,44904,22,0,0,22,44926,18551,26375,0.0004896941637359212,0.0,0.0008341232227488151
0500000US17119,25.0,0,0,271,262695,262966,262966,226959,36007,1.0,1.0,1.0
0500000US17119,100.0,4839,152654,88004,17469,258127,262966,226959,36007,0.9815983815398188,0.9951400913821439,0.8962423973116338
0500000US17119,250.0,19944,196105,45669,1248,243022,262966,226959,36007,0.924157495645825,0.977458483690887,0.5881911850473519
0500000US17119,1000.0,219988,42221,757,0,42978,262966,226959,36007,0.16343557722291094,0.1856414594706533,0.023467659066292664
0500000US17121,25.0,0,0,2866,34339,37205,37205,19758,17447,1.0,1.0,1.0
0500000US17121,100.0,8949,17399,10759,98,28256,37205,19758,17447,0.759467813465932,0.9996457131288592,0.4874763569668138
0500000US17121,250.0,8949,17430,10728,98,28256,37205,19758,17447,0.759467813465932,0.9996457131288592,0.4874763569668138
0500000US17121,1000.0,22562,14579,64,0,14643,37205,19758,17447,0.3935761322402903,0.39168944225124,0.3957127299822319
0500000US17125,25.0,0,0,2734,10625,13359,13359,2906,10453,1.0,1.0,1.0
0500000US17125,100.0,10312,3047,0,0,3047,13359,2906,10453,0.2280859345759413,0.0,0.29149526451736346
0500000US17125,250.0,10312,3047,0,0,3047,13359,2906,10453,0.2280859345759413,0.0,0.29149526451736346
0500000US17125,1000.0,10731,2628,0,0,2628,13359,2906,10453,0.19672131147540983,0.0,0.2514110781593801
0500000US17127,25.0,0,0,3658,10114,13772,13772,6944,6828,1.0,1.0,1.0
0500000US17127,100.0,5476,8296,0,0,8296,13772,6944,6828,0.6023816439151902,0.9668778801843319,0.23169302870533098
0500000US17127,250.0,13759,13,0,0,13,13772,6944,6828,0.000943944234679059,0.0018721198156682027,0.0
0500000US17127,1000.0,13772,0,0,0,0,13772,6944,6828,0.0,0.0,0.0
0500000US17129,25.0,0,0,463,11733,12196,12196,2906,9290,1.0,1.0,1.0
0500000US17129,100.0,11410,786,0,0,786,12196,2906,9290,0.06444735979009511,0.0,0.08460710441334769
0500000US17129,250.0,11410,786,0,0,786,12196,2906,9290,0.06444735979009511,0.0,0.08460710441334769
0500000US17129,1000.0,12196,0,0,0,0,12196,2906,9290,0.0,0.0,0.0
0500000US17131,25.0,0,0,0,15437,15437,15437,3514,11923,1.0,1.0,1.0
0500000US17131,100.0,5010,8862,1565,0,10427,15437,3514,11923,0.6754550754680314,0.9954467842914058,0.5811456848108697
0500000US17131,250.0,8228,7131,78,0,7209,15437,3514,11923,0.4669948824253417,0.9840637450199203,0.31460202969051415
0500000US17131,1000.0,15437,0,0,0,0,15437,3514,11923,0.0,0.0,0.0
0500000US17133,25.0,0,0,540,34095,34635,34635,19963,14672,1.0,1.0,1.0
0500000US17133,100.0,5699,8391,20545,0,28936,34635,19963,14672,0.8354554641258842,0.9989981465711566,0.6129362050163577
0500000US17133,250.0,10334,18723,5578,0,24301,34635,19963,14672,0.7016312978201241,0.9912838751690628,0.3075245365321701
0500000US17133,1000.0,27517,7118,0,0,7118,34635,19963,14672,0.20551465280785333,0.24740770425286782,0.14851417666303163
0500000US17135,25.0,0,0,3781,24633,28414,28414,16248,12166,1.0,1.0,1.0
0500000US17135,100.0,7518,10128,8239,2529,20896,28414,16248,12166,0.7354121207855283,0.9316223535204333,0.4733684037481506
0500000US17135,250.0,9533,12394,6456,31,18881,28414,16248,12166,0.6644963750263955,0.9316223535204333,0.307742890021371
0500000US17135,1000.0,21494,6920,0,0,6920,28414,16248,12166,0.24354191595692265,0.366014278680453,0.07997698504027619
0500000US17137,25.0,0,0,3470,30188,33658,33658,20590,13068,1.0,1.0,1.0
0500000US17137,100.0,10977,22454,227,0,22681,33658,20590,13068,0.6738665399013607,0.9800874210781932,0.1913835322926232
0500000US17137,250.0,11202,22388,68,0,22456,33658,20590,13068,0.667181650721968,0.9799417192812044,0.1743954698500153
0500000US17137,1000.0,33116,542,0,0,542,33658,20590,13068,0.016103155267692675,0.0,0.041475359657177836
0500000US17139,100.0,833,4385,8321,962,13668,14501,4321,10180,0.9425556858147714,1.0,0.9181728880157171
0500000US17139,250.0,6550,7603,348,0,7951,14501,4321,10180,0.5483070133094269,0.9729229345059014,0.36807465618860513
0500000US17139,1000.0,14377,124,0,0,124,14501,4321,10180,0.008551134404523826,0.0,0.01218074656188605
0500000US17141,25.0,0,0,2059,48584,50643,50643,26135,24508,1.0,1.0,1.0
0500000US17141,100.0,13623,36985,35,0,37020,50643,26135,24508,0.7309993483798353,0.9836234933996556,0.46160437408193244
0500000US17141,250.0,13874,36750,19,0,36769,50643,26135,24508,0.7260430859151314,0.983470441936101,0.45152603231597843
0500000US17141,1000.0,50553,90,0,0,90,50643,26135,24508,0.001777145903678692,0.0,0.0036722702790925412
0500000US17143,25.0,0,0,0,179179,179179,179179,151229,27950,1.0,1.0,1.0
0500000US17143,100.0,9940,126180,41608,1451,169239,179179,151229,27950,0.9445247489940227,0.9892216439968524,0.7026833631484795
0500000US17143,250.0,11314,126201,40235,1429,167865,179179,151229,27950,0.9368564396497358,0.9892084190201614,0.6535957066189624
0500000US17143,1000.0,137963,40361,855,0,41216,179179,151229,27950,0.23002695628393952,0.23984156477924207,0.17692307692307693
0500000US17145,25.0,0,0,856,20060,20916,20916,11705,9211,1.0,1.0,1.0
0500000US17145,100.0,5609,13595,1671,41,15307,20916,11705,9211,0.7318320902658252,0.9565143101238787,0.4463141895559657
0500000US17145,250.0,5652,14477,787,0,15264,20916,11705,9211,0.729776247848537,0.9565143101238787,0.44164585821300617
0500000US17145,1000.0,20916,0,0,0,0,20916,11705,9211,0.0,0.0,0.0
0500000US17147,25.0,0,0,635,15709,16344,16344,5140,11204,1.0,1.0,1.0
0500000US17147,100.0,4258,9453,2550,83,12086,16344,5140,11204,0.7394762604013705,0.9933852140077821,0.6229917886469118
0500000US17147,250.0,4758,9273,2230,83,11586,16344,5140,11204,0.7088839941262849,0.9931906614785992,0.5784541235273116
0500000US17147,1000.0,14016,2245,83,0,2328,16344,5140,11204,0.14243759177679882,0.42587548638132294,0.012406283470189218
0500000US17149,25.0,0,0,1945,13616,15561,15561,3935,11626,1.0,1.0,1.0
0500000US17149,100.0,8807,6754,0,0,6754,15561,3935,11626,0.43403380245485507,0.9966963151207116,0.24359194907964907
0500000US17149,250.0,8840,6721,0,0,6721,15561,3935,11626,0.4319131161236424,0.9966963151207116,0.2407534835713057
0500000US17149,1000.0,8840,6721,0,0,6721,15561,3935,11626,0.4319131161236424,0.9966963151207116,0.2407534835713057
0500000US17157,25.0,0,0,1247,30535,31782,31782,17460,14322,1.0,1.0,1.0
0500000US17157,100.0,8055,20094,3572,61,23727,31782,17460,14322,0.7465546535774967,0.9884879725085911,0.45161290322580644
0500000US17157,250.0,9500,20541,1741,0,22282,31782,17460,14322,0.7010886665408093,0.9877434135166094,0.3516268677559
0500000US17157,1000.0,30160,1622,0,0,1622,31782,17460,14322,0.051035177144295514,0.0849942726231386,0.009635525764558023
0500000US17159,1000.0,5061,10452,0,0,10452,15513,8485,7028,0.6737574937149488,1.0,0.2798804780876494
0500000US17161,25.0,0,0,0,141879,141879,141879,125693,16186,1.0,1.0,1.0
0500000US17161,100.0,5610,117480,18673,116,136269,141879,125693,16186,0.9604592645846108,0.9864192914482112,0.7588656863956506
0500000US17161,250.0,6739,131698,3442,0,135140,141879,125693,16186,0.9525017796855066,0.9820196828781237,0.7232793772395898
0500000US17161,1000.0,138899,2980,0,0,2980,141879,125693,16186,0.021003813108352892,0.013174958032666894,0.0817990856295564
0500000US17163,25.0,0,0,12,259674,259686,259686,233403,26283,1.0,1.0,1.0
0500000US17163,100.0,16318,137188,103372,2808,243368,259686,233403,26283,0.9371625732615544,0.972266851754262,0.6254232774036449
0500000US17163,250.0,19323,206852,33121,390,240363,259686,233403,26283,0.925590905940251,0.9658830434913005,0.5677814556937945
0500000US17163,1000.0,226912,32384,390,0,32774,259686,233403,26283,0.1262062644886517,0.13436845284764978,0.053722938781722025
0500000US17165,25.0,0,0,3908,19583,23491,23491,13155,10336,1.0,1.0,1.0
0500000US17165,100.0,5730,15605,2082,74,17761,23491,13155,10336,0.756076795368439,0.9732421132649183,0.4796826625386997
0500000US17165,250.0,8396,14008,1087,0,15095,23491,13155,10336,0.642586522497978,0.9630558722919043,0.23471362229102166
0500000US17165,1000.0,23491,0,0,0,0,23491,13155,10336,0.0,0.0,0.0
0500000US17167,25.0,0,1,3074,191597,194672,194672,166111,28561,1.0,1.0,1.0
0500000US17167,100.0,19399,105165,68664,1444,175273,194672,166111,28561,0.9003503328675927,0.9405397595583675,0.6666083120338924
0500000US17167,250.0,22791,136274,35175,432,171881,194672,166111,28561,0.882926152708145,0.9373009614053254,0.566681838871188
0500000US17167,1000.0,160850,33693,129,0,33822,194672,166111,28561,0.1737383907290211,0.2020877605938198,0.008858233255138126
0500000US17169,1000.0,3151,3617,0,0,3617,6768,2888,3880,0.5344267139479906,1.0,0.18788659793814433
0500000US17173,100.0,4057,6984,8692,1901,17577,21634,4592,17042,0.8124711102893594,1.0,0.76194108672691
0500000US17173,250.0,11525,9886,223,0,10109,21634,4592,17042,0.46727373578626236,0.9764808362369338,0.33006689355709423
0500000US17173,1000.0,21535,99,0,0,99,21634,4592,17042,0.004576130165480263,0.00021777003484320557,0.005750498767750264
0500000US17177,25.0,0,0,1103,43395,44498,44498,25746,18752,1.0,1.0,1.0
0500000US17177,100.0,9500,34575,423,0,34998,44498,25746,18752,0.7865072587532024,0.9923871669385536,0.503839590443686
0500000US17177,250.0,9776,34411,311,0,34722,44498,25746,18752,0.7803047327969796,0.9923871669385536,0.48912116040955633
0500000US17177,1000.0,44106,392,0,0,392,44498,25746,18752,0.008809384691446806,0.011963023382272975,0.004479522184300341
0500000US17179,25.0,0,0,3208,128595,131803,131803,103888,27915,1.0,1.0,1.0
0500000US17179,100.0,12822,50496,64475,4010,118981,131803,103888,27915,0.9027184510216004,0.9772254735869398,0.6254343542898083
0500000US17179,250.0,12865,50549,64668,3721,118938,131803,103888,27915,0.9023922065506855,0.9772254735869398,0.6238939638187354
0500000US17179,1000.0,65534,65887,382,0,66269,131803,103888,27915,0.5027882521642147,0.6221411520098568,0.05860648396919219
0500000US17181,25.0,0,0,3278,13375,16653,16653,5468,11185,1.0,1.0,1.0
0500000US17181,100.0,7521,9041,91,0,9132,16653,5468,11185,0.5483696631237615,0.9568397951719093,0.348681269557443
0500000US17181,250.0,7566,8996,91,0,9087,16653,5468,11185,0.5456674473067916,0.9568397951719093,0.3446580241394725
0500000US17181,1000.0,16562,91,0,0,91,16653,5468,11185,0.00546448087431694,0.0,0.00813589628967367
0500000US17183,25.0,0,0,4095,71663,75758,75758,51053,24705,1.0,1.0,1.0
0500000US17183,100.0,15022,52210,7909,617,60736,75758,51053,24705,0.8017107104200216,0.949444694729007,0.49641772920461447
0500000US17183,250.0,16083,58346,1329,0,59675,75758,51053,24705,0.7877055888487025,0.9385148766967661,0.4760574782432706
0500000US17183,1000.0,75742,16,0,0,16,75758,51053,24705,0.0002111988172866232,0.0,0.0006476421776968225
0500000US17185,1000.0,3757,7763,0,0,7763,11520,6858,4662,0.6738715277777778,1.0,0.19412269412269412
0500000US17187,25.0,0,0,0,16844,16844,16844,8681,8163,1.0,1.0,1.0
0500000US17187,100.0,4419,4852,7490,83,12425,16844,8681,8163,0.7376513892187129,0.9981568943670084,0.46061496998652457
0500000US17187,250.0,5756,3529,7559,0,11088,16844,8681,8163,0.658275943956305,0.9981568943670084,0.2968271468822737
0500000US17187,1000.0,16790,54,0,0,54,16844,8681,8163,0.003205889337449537,0.0,0.006615214994487321
0500000US17189,25.0,0,0,1629,12258,13887,13887,3449,10438,1.0,1.0,1.0
0500000US17189,100.0,6937,5452,1498,0,6950,13887,3449,10438,0.5004680636566573,0.8405334879675268,0.3881011688062847
0500000US17189,250.0,8081,5806,0,0,5806,13887,3449,10438,0.41808886008497154,0.8405334879675268,0.2785016286644951
0500000US17189,1000.0,13887,0,0,0,0,13887,3449,10438,0.0,0.0,0.0
0500000US17191,25.0,0,0,1115,15100,16215,16215,4732,11483,1.0,1.0,1.0
0500000US17191,100.0,2901,12243,1071,0,13314,16215,4732,11483,0.8210915818686402,0.9898562975486053,0.751545763302273
0500000US17191,250.0,3005,12273,937,0,13210,16215,4732,11483,0.8146777674992292,0.9898562975486053,0.7424888966298006
0500000US17191,1000.0,9362,6853,0,0,6853,16215,4732,11483,0.42263336416897934,0.09256128486897718,0.5586519202299051
0500000US17193,25.0,0,0,2515,11022,13537,13537,4838,8699,1.0,1.0,1.0
0500000US17193,100.0,4114,9398,7,18,9423,13537,4838,8699,0.6960921917707025,0.9836709384042993,0.5361535808713646
0500000US17193,250.0,4119,9393,7,18,9418,13537,4838,8699,0.6957228337150033,0.9836709384042993,0.5355788021611679
0500000US17193,1000.0,13537,0,0,0,0,13537,4838,8699,0.0,0.0,0.0
0500000US17195,25.0,0,0,0,55175,55175,55175,34490,20685,1.0,1.0,1.0
0500000US17195,100.0,10535,42548,2092,0,44640,55175,34490,20685,0.8090620752152243,0.9767468831545375,0.5294657964708727
0500000US17195,250.0,10618,42704,1853,0,44557,55175,34490,20685,0.8075577707294971,0.9767468831545375,0.5254532269760697
0500000US17195,1000.0,53325,1850,0,0,1850,55175,34490,20685,0.03352967829632986,0.04975355175413163,0.006478124244621707
0500000US17197,25.0,0,0,3961,686782,690743,690743,662230,28513,1.0,1.0,1.0
0500000US17197,100.0,6459,204780,355276,124228,684284,690743,662230,28513,0.990649199485192,0.9921099919967383,0.9567214954582121
0500000US17197,250.0,15333,498075,173268,4067,675410,690743,662230,28513,0.9778021637569979,0.9889358682028903,0.7192157963034406
0500000US17197,1000.0,566181,121567,2995,0,124562,690743,662230,28513,0.18033045575561388,0.1823988644428673,0.13229053414232106
0500000US17199,25.0,0,0,5074,61523,66597,66597,43206,23391,1.0,1.0,1.0
0500000US17199,100.0,14029,42602,9338,628,52568,66597,43206,23391,0.7893448653843266,0.9829884738230801,0.43166175024582104
0500000US17199,250.0,15076,42014,9422,85,51521,66597,43206,23391,0.7736234364911332,0.98178493727723,0.3891240220597666
0500000US17199,1000.0,66597,0,0,0,0,66597,43206,23391,0.0,0.0,0.0
0500000US17201,25.0,0,0,4752,277820,282572,282572,259939,22633,1.0,1.0,1.0
0500000US17201,100.0,10874,266801,4897,0,271698,282572,259939,22633,0.9615177724615319,0.9898168416436164,0.6365042195024964
0500000US17201,250.0,10898,267341,4333,0,271674,282572,259939,22633,0.9614328383562419,0.9898168416436164,0.635443820969381
0500000US17201,1000.0,279673,2899,0,0,2899,282572,259939,22633,0.010259332134818737,0.010975651979887589,0.0020324305218044447
0500000US17203,25.0,0,0,0,38459,38459,38459,16986,21473,1.0,1.0,1.0
0500000US17203,100.0,6530,21055,10854,20,31929,38459,16986,21473,0.8302087937803895,0.988343341575415,0.705118055232152
0500000US17203,250.0,6944,26391,5124,0,31515,38459,16986,21473,0.8194440833094985,0.9838101966325209,0.6894239277231873
0500000US17203,1000.0,32602,5829,28,0,5857,38459,16986,21473,0.15229205127538417,0.16089720946661956,0.14548502770921623
0500000US18001,25.0,0,0,4,35771,35775,35775,16442,19333,1.0,1.0,1.0
0500000US18001,100.0,13485,22193,97,0,22290,35775,16442,19333,0.6230607966457024,0.9813283055589345,0.31836755806134587
0500000US18001,250.0,13577,22101,97,0,22198,35775,16442,19333,0.6204891684136967,0.980416007784941,0.3143847307712202
0500000US18001,1000.0,35775,0,0,0,0,35775,16442,19333,0.0,0.0,0.0
0500000US18003,25.0,0,0,3381,375861,379242,379242,332571,46671,1.0,1.0,1.0
0500000US18003,100.0,22347,42470,304390,10035,356895,379242,332571,46671,0.941074564526081,0.9871035057175761,0.6130787855413425
0500000US18003,250.0,28498,342766,7978,0,350744,379242,332571,46671,0.92485536939474,0.9765854509262684,0.5562340639797733
0500000US18003,1000.0,378821,421,0,0,421,379242,332571,46671,0.0011101091123873412,0.0,0.009020590945126524
0500000US18005,25.0,0,1,5268,78503,83772,83772,53986,29786,1.0,1.0,1.0
0500000US18005,100.0,9035,39005,31186,4546,74737,83772,53986,29786,0.8921477343265053,0.978420331196977,0.7357819109648829
0500000US18005,250.0,10312,66122,7338,0,73460,83772,53986,29786,0.8769039774626367,0.9713258993072278,0.7057678103807158
0500000US18005,1000.0,76377,7395,0,0,7395,83772,53986,29786,0.0882753187222461,0.11923461638202497,0.03216276102867119
0500000US18009,25.0,0,0,0,11758,11758,11758,5446,6312,1.0,1.0,1.0
0500000US18009,100.0,2111,9592,55,0,9647,11758,5446,6312,0.8204626637183194,0.9834741094381197,0.6798162230671736
0500000US18009,250.0,5509,6239,10,0,6249,11758,5446,6312,0.5314679367239327,0.9834741094381197,0.1414765525982256
0500000US18009,1000.0,11758,0,0,0,0,11758,5446,6312,0.0,0.0,0.0
0500000US18011,25.0,0,0,4124,63719,67843,67843,40893,26950,1.0,1.0,1.0
0500000US18011,100.0,13542,11173,24540,18588,54301,67843,40893,26950,0.8003920817180844,0.9940087545545693,0.5066048237476809
0500000US18011,250.0,14666,12059,37261,3857,53177,67843,40893,26950,0.7838244181418864,0.993739759861101,0.46530612244897956
0500000US18011,1000.0,22612,42786,2445,0,45231,67843,40893,26950,0.666701059799832,0.9096422370576871,0.2980705009276438
0500000US18015,25.0,0,2,7462,12792,20256,20256,3753,16503,1.0,1.0,1.0
0500000US18015,100.0,8060,10048,2147,1,12196,20256,3753,16503,0.6020932069510269,0.9965361044497735,0.5123916863600557
0500000US18015,250.0,8345,11301,610,0,11911,20256,3753,16503,0.5880233017377567,0.9965361044497735,0.4951220990123008
0500000US18015,1000.0,20211,45,0,0,45,20256,3753,16503,0.002221563981042654,0.0,0.002726776949645519
0500000US18017,25.0,0,0,2326,35363,37689,37689,20500,17189,1.0,1.0,1.0
0500000US18017,100.0,8632,16794,12263,0,29057,37689,20500,17189,0.7709676563453528,0.9881951219512195,0.5118971435220199
0500000US18017,250.0,9913,15723,12053,0,27776,37689,20500,17189,0.7369789593780679,0.9881951219512195,0.437372738379196
0500000US18017,1000.0,25696,11993,0,0,11993,37689,20500,17189,0.31820955716522065,0.5582439024390244,0.03193903077549596
0500000US18019,25.0,0,2,4184,114108,118294,118294,91832,26462,1.0,1.0,1.0
0500000US18019,100.0,5413,50116,60941,1824,112881,118294,91832,26462,0.954241128036925,0.9998584371460929,0.7959337918524677
0500000US18019,250.0,6658,70185,41251,200,111636,118294,91832,26462,0.9437165029502764,0.9998366582454917,0.7489607739399894
0500000US18019,1000.0,77003,41291,0,0,41291,118294,91832,26462,0.34905405176932053,0.42129105322763305,0.09836747033481974
0500000US18021,25.0,0,0,1421,24802,26223,26223,10091,16132,1.0,1.0,1.0
0500000US18021,100.0,6116,19412,695,0,20107,26223,10091,16132,0.7667696297143729,0.9888019026855613,0.6278824696255889
0500000US18021,250.0,6116,19553,554,0,20107,26223,10091,16132,0.7667696297143729,0.9888019026855613,0.6278824696255889
0500000US18021,1000.0,23814,2409,0,0,2409,26223,10091,16132,0.09186591923120925,0.0,0.1493305231837342
0500000US18023,25.0,0,0,2644,29750,32394,32394,16007,16387,1.0,1.0,1.0
0500000US18023,100.0,8185,14582,9053,574,24209,32394,16007,16387,0.7473297524232883,0.9829449615793091,0.5171782510526637
0500000US18023,250.0,9071,16700,6396,227,23323,32394,16007,16387,0.7199790084583565,0.9829449615793091,0.46311100262403126
0500000US18023,1000.0,23418,8749,227,0,8976,32394,16007,16387,0.27708834969438784,0.29755731867308055,0.25709403795691704
0500000US18027,25.0,0,0,131,33219,33350,33350,12951,20399,1.0,1.0,1.0
0500000US18027,100.0,3997,25873,3381,99,29353,33350,12951,20399,0.8801499250374812,0.988495096903714,0.8113633021226531
0500000US18027,250.0,3997,25873,3381,99,29353,33350,12951,20399,0.8801499250374812,0.988495096903714,0.8113633021226531
0500000US18027,1000.0,20421,12929,0,0,12929,33350,12951,20399,0.3876761619190405,0.08092039224770288,0.5824305112995735
0500000US18029,25.0,0,0,1983,47475,49458,49458,23007,26451,1.0,1.0,1.0
0500000US18029,100.0,2269,36234,10668,287,47189,49458,23007,26451,0.9541226899591573,0.9925674794627722,0.9206835280329666
0500000US18029,250.0,2269,36234,10668,287,47189,49458,23007,26451,0.9541226899591573,0.9925674794627722,0.9206835280329666
0500000US18029,1000.0,37194,11880,384,0,12264,49458,23007,26451,0.24796797282542762,0.22949537097405137,0.2640353861857775
0500000US18031,25.0,0,0,6488,20071,26559,26559,11902,14657,1.0,1.0,1.0
0500000US18031,100.0,9941,5612,10977,29,16618,26559,11902,14657,0.6257012688730751,0.9910099143001176,0.3290577880876032
0500000US18031,250.0,10683,4870,10977,29,15876,26559,11902,14657,0.597763470010166,0.9910099143001176,0.2784335129972027
0500000US18031,1000.0,13329,13230,0,0,13230,26559,11902,14657,0.4981362250084717,0.9199294236262813,0.15562529849218804
0500000US18033,25.0,0,0,759,42711,43470,43470,24924,18546,1.0,1.0,1.0
0500000US18033,100.0,10578,18115,14777,0,32892,43470,24924,18546,0.7566597653554176,0.9865190178141551,0.44775153671950824
0500000US18033,250.0,11406,17349,14715,0,32064,43470,24924,18546,0.7376121463077985,0.9863585299309902,0.4033214709371293
0500000US18033,1000.0,28306,15164,0,0,15164,43470,24924,18546,0.3488382792730619,0.4992778045257583,0.146662353068047
0500000US18035,25.0,0,0,0,114135,114135,114135,87242,26893,1.0,1.0,1.0
0500000US18035,100.0,10825,62933,40377,0,103310,114135,87242,26893,0.9051561747053928,0.9702780770729694,0.6938980403822556
0500000US18035,250.0,10851,87349,15935,0,103284,114135,87242,26893,0.9049283742935997,0.9702780770729694,0.6929312460491578
0500000US18035,1000.0,98199,15936,0,0,15936,114135,87242,26893,0.13962412932054147,0.18180463538204075,0.0027888298070129773
0500000US18037,25.0,0,0,8826,33907,42733,42733,21409,21324,1.0,1.0,1.0
0500000US18037,100.0,10192,8273,12860,11408,32541,42733,21409,21324,0.7614957994992161,0.9999065813442944,0.5221346839242168
0500000US18037,250.0,10221,8326,12799,11387,32512,42733,21409,21324,0.7608171670605854,0.9999065813442944,0.5207747139373476
0500000US18037,1000.0,14174,14420,13999,140,28559,42733,21409,21324,0.6683125453396672,0.8733710121911346,0.46243669105233537
0500000US18039,25.0,0,0,4813,201523,206336,206336,163375,42961,1.0,1.0,1.0
0500000US18039,100.0,27124,137429,40988,795,179212,206336,163375,42961,0.8685445099255583,0.9421208875286916,0.5887432787877377
0500000US18039,250.0,28650,143868,33772,46,177686,206336,163375,42961,0.8611488058312655,0.9412517214996174,0.55652801377994
0500000US18039,1000.0,162977,43357,2,0,43359,206336,163375,42961,0.21013783343672457,0.1972762050497322,0.2590489048206513
0500000US18041,25.0,0,0,0,23102,23102,23102,14390,8712,1.0,1.0,1.0
0500000US18041,100.0,5436,2805,14753,108,17666,23102,14390,8712,0.7646956973422214,0.9867963863794301,0.39784205693296604
0500000US18041,250.0,5436,2805,14784,77,17666,23102,14390,8712,0.7646956973422214,0.9867963863794301,0.39784205693296604
0500000US18041,1000.0,8066,14959,77,0,15036,23102,14390,8712,0.6508527400225089,0.9524669909659486,0.1526629935720845
0500000US18043,250.0,2234,46303,29980,0,76283,78517,62320,16197,0.9715475629481514,1.0,0.8620732234364389
0500000US18043,1000.0,48537,29980,0,0,29980,78517,62320,16197,0.3818281391291058,0.47424582798459564,0.026239427054392788
0500000US18045,25.0,0,0,1741,14605,16346,16346,5313,11033,1.0,1.0,1.0
0500000US18045,100.0,7600,8676,70,0,8746,16346,5313,11033,0.5350544475712713,0.9934123847167325,0.31432973805855163
0500000US18045,250.0,7600,8676,70,0,8746,16346,5313,11033,0.5350544475712713,0.9934123847167325,0.31432973805855163
0500000US18045,1000.0,16346,0,0,0,0,16346,5313,11033,0.0,0.0,0.0
0500000US18047,1000.0,13753,8936,69,0,9005,22758,2484,20274,0.3956850338342561,1.0,0.32164348426556183
0500000US18049,250.0,6592,5768,7614,0,13382,19974,6525,13449,0.6699709622509262,1.0,0.5098520336084468
0500000US18049,1000.0,19974,0,0,0,0,19974,6525,13449,0.0,0.0,0.0
0500000US18051,250.0,6693,7173,19750,43,26966,33659,15480,18179,0.8011527377521613,1.0,0.6318279333296661
0500000US18051,1000.0,10914,22745,0,0,22745,33659,15480,18179,0.6757479426007903,0.9901808785529715,0.4079982397271577
0500000US18053,25.0,0,0,3828,61941,65769,65769,45724,20045,1.0,1.0,1.0
0500000US18053,100.0,11754,40524,11028,2463,54015,65769,45724,20045,0.82128358345117,0.9626016971393578,0.49892741332002993
0500000US18053,250.0,13979,43252,7080,1458,51790,65769,45724,20045,0.7874530553908377,0.9544003149330768,0.4066350710900474
0500000US18053,1000.0,56134,8177,1458,0,9635,65769,45724,20045,0.14649759005002358,0.18561368209255533,0.057271139935145925
0500000US18055,25.0,0,0,4320,27602,31922,31922,8143,23779,1.0,1.0,1.0
0500000US18055,100.0,10030,18926,2966,0,21892,31922,8143,23779,0.6857966292838794,0.9954562200663146,0.5797552462256613
0500000US18055,250.0,10108,18935,2879,0,21814,31922,8143,23779,0.6833531733600652,0.9954562200663146,0.5764750410025653
0500000US18055,1000.0,31922,0,0,0,0,31922,8143,23779,0.0,0.0,0.0
0500000US18057,25.0,0,2,532,337416,337950,337950,311427,26523,1.0,1.0,1.0
0500000US18057,100.0,17055,84693,153672,82530,320895,337950,311427,26523,0.9495339547270306,0.9867288321179603,0.5128002111375033
0500000US18057,250.0,17919,131951,148108,39972,320031,337950,311427,26523,0.9469773635153129,0.9841118464359224,0.5109527579836368
0500000US18057,1000.0,150272,163123,24555,0,187678,337950,311427,26523,0.5553425062879124,0.5819533951776821,0.24288353504505525
0500000US18059,25.0,0,3,749,77399,78151,78151,53546,24605,1.0,1.0,1.0
0500000US18059,100.0,1114,22250,40663,14124,77037,78151,53546,24605,0.9857455438829957,0.9921749523773952,0.9717537085958139
0500000US18059,250.0,1162,33278,33467,10244,76989,78151,53546,24605,0.98513134828729,0.9918948194076121,0.9704125177809388
0500000US18059,1000.0,28657,43716,5778,0,49494,78151,53546,24605,0.6333124336220906,0.5395360998020393,0.8373907742328794
0500000US18061,100.0,3869,24681,11965,0,36646,40515,5679,34836,0.9045045045045045,1.0,0.8889367321162016
0500000US18061,250.0,19824,20526,165,0,20691,40515,5679,34836,0.5106997408367271,0.9874977989082585,0.432971638534849
0500000US18061,1000.0,40515,0,0,0,0,40515,5679,34836,0.0,0.0,0.0
0500000US18063,25.0,0,1,4776,165494,170271,170271,136928,33343,1.0,1.0,1.0
0500000US18063,100.0,11580,55607,79902,23182,158691,170271,136928,33343,0.9319907676586148,0.9687573031082028,0.7810035089823951
0500000US18063,250.0,13072,94426,54181,8592,157199,170271,136928,33343,0.9232282655296556,0.9683629352652489,0.7378760159553729
0500000US18063,1000.0,128783,41488,0,0,41488,170271,136928,33343,0.24365863828837558,0.2254907688712316,0.31826770236631374
0500000US18065,25.0,0,0,794,47178,47972,47972,26823,21149,1.0,1.0,1.0
0500000US18065,100.0,6199,15204,14846,11723,41773,47972,26823,21149,0.8707787876261153,0.9244678074786564,0.8026857061799613
0500000US18065,250.0,6237,17270,16705,7760,41735,47972,26823,21149,0.8699866588843492,0.9244678074786564,0.8008889309187196
0500000US18065,1000.0,20545,19510,7370,547,27427,47972,26823,21149,0.5717293421162345,0.732207433918652,0.3681970778760225
0500000US18067,25.0,0,0,3076,79466,82542,82542,64666,17876,1.0,1.0,1.0
0500000US18067,100.0,7131,42062,33349,0,75411,82542,64666,17876,0.9136076179399578,0.9752884050351035,0.6904788543298277
0500000US18067,250.0,7136,68553,6853,0,75406,82542,64666,17876,0.9135470427176468,0.9752110846503572,0.6904788543298277
0500000US18067,1000.0,76248,6294,0,0,6294,82542,64666,17876,0.07625208984516973,0.09703708285652429,0.0010628776012530767
0500000US18069,25.0,0,0,27,36492,36519,36519,17685,18834,1.0,1.0,1.0
0500000US18069,100.0,8891,6010,21618,0,27628,36519,17685,18834,0.7565376927079055,0.9993780039581567,0.5285122650525645
0500000US18069,250.0,13359,20599,2561,0,23160,36519,17685,18834,0.634190421424464,0.9725190839694656,0.3165020707231602
0500000US18069,1000.0,13683,22836,0,0,22836,36519,17685,18834,0.625318327445987,0.9725190839694656,0.2992991398534565
0500000US18071,25.0,0,2,550,43679,44231,44231,24474,19757,1.0,1.0,1.0
0500000US18071,100.0,4818,12113,23957,3343,39413,44231,24474,19757,0.8910718726684904,0.9990193674920324,0.7573518246697373
0500000US18071,250.0,4818,12247,26194,972,39413,44231,24474,19757,0.8910718726684904,0.9990193674920324,0.7573518246697373
0500000US18071,1000.0,9735,33863,633,0,34496,44231,24474,19757,0.7799054961452375,0.9803464901528153,0.5316090499569772
0500000US18073,25.0,0,1,4841,28718,33560,33560,10682,22878,1.0,1.0,1.0
0500000US18073,100.0,10654,20105,2801,0,22906,33560,10682,22878,0.68253873659118,0.9991574611495975,0.534705830929277
0500000US18073,250.0,18254,14476,830,0,15306,33560,10682,22878,0.4560786650774732,0.4350308930911814,0.46590611067400994
0500000US18073,1000.0,33461,99,0,0,99,33560,10682,22878,0.0029499404052443384,0.0,0.004327301337529505
0500000US18075,25.0,0,0,1031,19405,20436,20436,8721,11715,1.0,1.0,1.0
0500000US18075,100.0,8729,11673,34,0,11707,20436,8721,11715,0.5728616167547466,0.9925467262928563,0.26043533930857876
0500000US18075,250.0,8738,11664,34,0,11698,20436,8721,11715,0.5724212174593853,0.9925467262928563,0.25966709346991035
0500000US18075,1000.0,20254,182,0,0,182,20436,8721,11715,0.008905852417302799,0.0,0.015535638070849338
0500000US18077,25.0,0,1,4380,27926,32307,32307,17396,14911,1.0,1.0,1.0
0500000US18077,100.0,8289,4783,19235,0,24018,32307,17396,14911,0.7434302163617792,0.9994251552080938,0.44477231574005766
0500000US18077,250.0,8289,4783,19235,0,24018,32307,17396,14911,0.7434302163617792,0.9994251552080938,0.44477231574005766
0500000US18077,1000.0,12873,19434,0,0,19434,32307,17396,14911,0.6015414616027487,0.9319383766383077,0.21608208704982898
0500000US18079,25.0,0,1,4985,22747,27733,27733,10608,17125,1.0,1.0,1.0
0500000US18079,100.0,5466,13502,8051,714,22267,27733,10608,17125,0.8029062849313092,0.995475113122172,0.6836204379562044
0500000US18079,250.0,5466,13502,8051,714,22267,27733,10608,17125,0.8029062849313092,0.995475113122172,0.6836204379562044
0500000US18079,1000.0,18894,8839,0,0,8839,27733,10608,17125,0.31871777305015686,0.6299962292609351,0.1258978102189781
0500000US18081,25.0,0,0,5572,152584,158156,158156,131303,26853,1.0,1.0,1.0
0500000US18081,100.0,9018,24140,73725,51273,149138,158156,131303,26853,0.9429803485166545,0.9902744034789761,0.7117268089226529
0500000US18081,250.0,13923,27258,92399,24576,144233,158156,131303,26853,0.9119666658236172,0.9889644562576636,0.5354708971064686
0500000US18081,1000.0,34093,102437,19919,1707,124063,158156,131303,26853,0.7844343559523509,0.8710387424506676,0.3609652552787398
0500000US18083,25.0,0,0,0,36594,36594,36594,22697,13897,1.0,1.0,1.0
0500000US18083,100.0,5191,12449,18953,1,31403,36594,22697,13897,0.858146144176641,0.9985901220425607,0.6287687990213715
0500000US18083,250.0,5191,12449,18954,0,31403,36594,22697,13897,0.858146144176641,0.9985901220425607,0.6287687990213715
0500000US18083,1000.0,17219,19375,0,0,19375,36594,22697,13897,0.5294583811553807,0.8049962550116756,0.0794416061020364
0500000US18085,25.0,0,1,418,79035,79454,79454,42156,37298,1.0,1.0,1.0
0500000US18085,100.0,16566,46906,14885,1097,62888,79454,42156,37298,0.7915020011579027,0.9543599962045735,0.6074320338892166
0500000US18085,250.0,16817,46655,15355,627,62637,79454,42156,37298,0.788342940569386,0.953173925419869,0.6020430049868626
0500000US18085,1000.0,63915,15539,0,0,15539,79454,42156,37298,0.1955722808165731,0.3242954739538856,0.05008311437610596
0500000US18087,25.0,0,0,12474,27130,39604,39604,3295,36309,1.0,1.0,1.0
0500000US18087,100.0,29432,10118,54,0,10172,39604,3295,36309,0.25684274315725686,0.9611532625189682,0.1929273733785012
0500000US18087,250.0,29580,9970,54,0,10024,39604,3295,36309,0.2531057468942531,0.9590288315629742,0.18904403866809882
0500000US18087,1000.0,39356,248,0,0,248,39604,3295,36309,0.006261993738006262,0.0,0.006830262469360214
0500000US18089,25.0,0,0,1169,484320,485489,485489,465259,20230,1.0,1.0,1.0
0500000US18089,100.0,9090,235955,195971,44473,476399,485489,465259,20230,0.9812766097687075,0.9892318042208749,0.7983193277310925
0500000US18089,250.0,75663,307918,75241,26667,409826,485489,465259,20230,0.8441509488371518,0.8474699038600005,0.7678200692041522
0500000US18089,1000.0,420463,65026,0,0,65026,485489,465259,20230,0.1339391829681002,0.1362724847880428,0.08027681660899653
0500000US18091,25.0,0,0,557,109331,109888,109888,69985,39903,1.0,1.0,1.0
0500000US18091,100.0,11220,82321,14997,1350,98668,109888,69985,39903,0.8978960396039604,0.9672929913552905,0.7761822419366965
0500000US18091,250.0,11332,89673,8883,0,98556,109888,69985,39903,0.8968768200349446,0.9671501035936272,0.77362604315465
0500000US18091,1000.0,101351,8537,0,0,8537,109888,69985,39903,0.07768819161327897,0.1219832821318854,0.0
0500000US18093,25.0,0,0,6523,38847,45370,45370,19019,26351,1.0,1.0,1.0
0500000US18093,100.0,7664,27191,9185,1330,37706,45370,19019,26351,0.8310778047167732,0.9932173090067827,0.7140525976243786
0500000US18093,250.0,7936,34384,2761,289,37434,45370,19019,26351,0.8250826537359489,0.9929544140070455,0.7039201548328337
0500000US18093,1000.0,41881,3200,289,0,3489,45370,19019,26351,0.07690103592682389,0.007623954992376045,0.12690220484991083
0500000US18095,25.0,0,0,0,129569,129569,129569,98968,30601,1.0,1.0,1.0
0500000US18095,100.0,16746,66598,45936,289,112823,129569,98968,30601,0.8707561222205928,0.9654332713604398,0.5645567138328813
0500000US18095,250.0,16796,97489,14995,289,112773,129569,98968,30601,0.8703702274463799,0.9650291003152535,0.5642299271265645
0500000US18095,1000.0,112506,17063,0,0,17063,129569,98968,30601,0.13169045064791732,0.12308018753536497,0.15953727002385543
0500000US18097,25.0,0,0,715,963827,964542,964542,958415,6127,1.0,1.0,1.0
0500000US18097,100.0,19333,214683,612164,118362,945209,964542,958415,6127,0.9799562901356291,0.9799773584511928,0.9766606822262118
0500000US18097,250.0,21358,430984,432576,79624,943184,964542,958415,6127,0.9778568481206624,0.977914577714247,0.9688265056308144
0500000US18097,1000.0,506508,454763,3271,0,458034,964542,958415,6127,0.4748720117941987,0.4764293129802852,0.23127142157662803
0500000US18099,25.0,0,0,0,46258,46258,46258,16669,29589,1.0,1.0,1.0
0500000US18099,100.0,16596,21585,7846,231,29662,46258,16669,29589,0.6412296251459207,0.9520067190593317,0.4661529622494846
0500000US18099,250.0,17114,26233,2680,231,29144,46258,16669,29589,0.6300315621081759,0.95044693742876,0.44952516137753895
0500000US18099,1000.0,46199,59,0,0,59,46258,16669,29589,0.0012754550564226727,0.0035395044693742874,0.0
0500000US18101,25.0,0,0,1411,8844,10255,10255,2672,7583,1.0,1.0,1.0
0500000US18101,100.0,2844,6309,1102,0,7411,10255,2672,7583,0.722671867381765,0.9973802395209581,0.6258736647764737
0500000US18101,250.0,2844,6365,1046,0,7411,10255,2672,7583,0.722671867381765,0.9973802395209581,0.6258736647764737
0500000US18101,1000.0,7592,2663,0,0,2663,10255,2672,7583,0.2596782057532911,0.0,0.35118027166029275
0500000US18103,25.0,0,0,1703,33813,35516,35516,18727,16789,1.0,1.0,1.0
0500000US18103,100.0,13156,13914,8446,0,22360,35516,18727,16789,0.6295754026354319,0.8350509958882897,0.4003812019774853
0500000US18103,250.0,13289,13781,8446,0,22227,35516,18727,16789,0.6258306115553554,0.8350509958882897,0.3924593483828697
0500000US18103,1000.0,26877,8639,0,0,8639,35516,18727,16789,0.24324248226151593,0.43861803812676886,0.025314193817380426
0500000US18105,25.0,0,2,8482,139942,148426,148426,115440,32986,1.0,1.0,1.0
0500000US18105,100.0,13506,44235,83114,7571,134920,148426,115440,32986,0.9090051608208805,0.9312110187110187,0.8312920632995816
0500000US18105,250.0,14789,103610,29534,493,133637,148426,115440,32986,0.9003611227143492,0.930483367983368,0.794943309282726
0500000US18105,1000.0,120166,28053,207,0,28260,148426,115440,32986,0.19039790872219153,0.22083333333333333,0.08388407203055842
0500000US18107,25.0,0,0,7889,30449,38338,38338,17767,20571,1.0,1.0,1.0
0500000US18107,100.0,13733,3915,12780,7910,24605,38338,17767,20571,0.6417914340862851,0.9876737772274441,0.34305575810607164
0500000US18107,250.0,14582,4450,15947,3359,23756,38338,17767,20571,0.6196463039282174,0.9876737772274441,0.30178406494579746
0500000US18107,1000.0,18112,16867,3359,0,20226,38338,17767,20571,0.5275705566278888,0.9820453650025328,0.13504448009333528
0500000US18109,25.0,0,2,3654,66831,70487,70487,35680,34807,1.0,1.0,1.0
0500000US18109,100.0,15164,32952,20501,1870,55323,70487,35680,34807,0.7848681317122306,0.8897701793721973,0.6773350188180538
0500000US18109,250.0,21069,39791,8924,703,49418,70487,35680,34807,0.7010938187183452,0.801317264573991,0.5983566523975062
0500000US18109,1000.0,57434,13053,0,0,13053,70487,35680,34807,0.18518308340545064,0.0961883408071749,0.27640991754532135
0500000US18113,25.0,0,0,5040,42702,47742,47742,15060,32682,1.0,1.0,1.0
0500000US18113,100.0,10401,25228,11768,345,37341,47742,15060,32682,0.7821415106195803,0.9989375830013281,0.6822409889235664
0500000US18113,250.0,17515,21804,8423,0,30227,47742,15060,32682,0.6331322525239831,0.9986055776892431,0.46472064133161983
0500000US18113,1000.0,37474,10268,0,0,10268,47742,15060,32682,0.21507268233421306,0.5118857901726428,0.07829998164127043
0500000US18117,25.0,0,1,1739,17906,19646,19646,3029,16617,1.0,1.0,1.0
0500000US18117,100.0,2733,12190,4019,704,16913,19646,3029,16617,0.8608877125114527,0.9993397160779135,0.835650237708371
0500000US18117,250.0,2754,14319,2573,0,16892,19646,3029,16617,0.8598187926295429,0.9993397160779135,0.8343864716856232
0500000US18117,1000.0,11511,8135,0,0,8135,19646,3029,16617,0.41407920187315483,0.0006602839220864972,0.48943852680989347
0500000US18121,25.0,0,0,4374,12562,16936,16936,4089,12847,1.0,1.0,1.0
0500000US18121,100.0,6969,6729,3238,0,9967,16936,4089,12847,0.5885096835144071,0.7209586696013696,0.5463532342181054
0500000US18121,250.0,6972,6726,3238,0,9964,16936,4089,12847,0.5883325460557393,0.7209586696013696,0.5461197166653693
0500000US18121,1000.0,16328,608,0,0,608,16936,4089,12847,0.03589985829003307,0.0,0.04732622402117226
0500000US18123,25.0,0,0,3132,16037,19169,19169,8671,10498,1.0,1.0,1.0
0500000US18123,100.0,3132,7751,8286,0,16037,19169,8671,10498,0.8366111951588502,0.9911198247030331,0.7089921889883788
0500000US18123,250.0,5132,14008,29,0,14037,19169,8671,10498,0.7322760707392143,0.821358551493484,0.6586968946465993
0500000US18123,1000.0,5132,14008,29,0,14037,19169,8671,10498,0.7322760707392143,0.821358551493484,0.6586968946465993
0500000US18127,25.0,0,0,0,170387,170387,170387,134729,35658,1.0,1.0,1.0
0500000US18127,100.0,6504,151348,11804,731,163883,170387,134729,35658,0.9618280737380199,0.9836783469037846,0.8792697290930507
0500000US18127,250.0,6730,162829,828,0,163657,170387,134729,35658,0.9605016814663091,0.9834779446147451,0.8736889337596051
0500000US18127,1000.0,170376,11,0,0,11,170387,134729,35658,6.455891587973261e-05,0.0,0.0003084861742105558
0500000US18129,25.0,0,0,6782,18645,25427,25427,8364,17063,1.0,1.0,1.0
0500000US18129,100.0,6782,9420,8521,704,18645,25427,8364,17063,0.7332756518661265,0.9955762792922047,0.6047002285647307
0500000US18129,250.0,7380,8885,8458,704,18047,25427,8364,17063,0.7097573445550006,0.9955762792922047,0.5696536365234718
0500000US18129,1000.0,22351,3076,0,0,3076,25427,8364,17063,0.12097376804184529,0.18651362984218078,0.08884721326847565
0500000US18131,25.0,0,0,3686,8667,12353,12353,2163,10190,1.0,1.0,1.0
0500000US18131,100.0,9162,3191,0,0,3191,12353,2163,10190,0.25831781753420224,0.5418400369856681,0.19813542688910696
0500000US18131,250.0,9469,2884,0,0,2884,12353,2163,10190,0.23346555492592894,0.4895977808599168,0.17909715407262022
0500000US18131,1000.0,12276,77,0,0,77,12353,2163,10190,0.006233303650934996,0.0,0.007556427870461236
0500000US18133,25.0,0,0,8834,28742,37576,37576,12937,24639,1.0,1.0,1.0
0500000US18133,100.0,11189,12841,13385,161,26387,37576,12937,24639,0.702230146902278,0.9982994511865193,0.5467754373148261
0500000US18133,250.0,12031,12251,13263,31,25545,37576,12937,24639,0.6798222269533745,0.9982994511865193,0.5126019724826495
0500000US18133,1000.0,13079,24251,246,0,24497,37576,12937,24639,0.6519320843091335,0.9825307258251527,0.4783473355249807
0500000US18135,25.0,0,0,30,24635,24665,24665,8899,15766,1.0,1.0,1.0
0500000US18135,100.0,9102,13793,1770,0,15563,24665,8899,15766,0.6309750658828299,0.9961793459939319,0.4248382595458582
0500000US18135,250.0,9110,13785,1770,0,15555,24665,8899,15766,0.6306507196432192,0.9961793459939319,0.42433083851325637
0500000US18135,1000.0,22929,1736,0,0,1736,24665,8899,15766,0.07038313399554023,0.18541409147095178,0.005454776100469364
0500000US18137,25.0,0,0,9539,18785,28324,28324,4488,23836,1.0,1.0,1.0
0500000US18137,100.0,9896,18292,136,0,18428,28324,4488,23836,0.6506143200112978,0.9913101604278075,0.586465849974828
0500000US18137,250.0,9896,18292,136,0,18428,28324,4488,23836,0.6506143200112978,0.9913101604278075,0.586465849974828
0500000US18137,1000.0,19325,8999,0,0,8999,28324,4488,23836,0.31771642423386526,0.9913101604278075,0.1908877328410807
0500000US18139,25.0,0,0,97,16484,16581,16581,6191,10390,1.0,1.0,1.0
0500000US18139,100.0,7707,7978,896,0,8874,16581,6191,10390,0.535190881129003,0.9969310289129382,0.26005774783445623
0500000US18139,250.0,13666,2915,0,0,2915,16581,6191,10390,0.17580363066160062,0.12938136003876596,0.20346487006737246
0500000US18139,1000.0,15118,1463,0,0,1463,16581,6191,10390,0.08823352029431276,0.11274430625100954,0.07362848893166506
0500000US18141,25.0,0,0,1622,270202,271824,271824,247145,24679,1.0,1.0,1.0
0500000US18141,100.0,19215,108507,141889,2213,252609,271824,247145,24679,0.9293108776266996,0.9608408019583645,0.6135580858219539
0500000US18141,250.0,20266,177464,73680,414,251558,271824,247145,24679,0.9254444052033669,0.9569847660280402,0.6095870983427205
0500000US18141,1000.0,195532,76292,0,0,76292,271824,247145,24679,0.280666902113132,0.29425640818143195,0.14457636046841443
0500000US18143,250.0,3288,12207,8378,0,20585,23873,11078,12795,0.8622711850207347,1.0,0.7430246189917936
0500000US18143,1000.0,13454,10419,0,0,10419,23873,11078,12795,0.4364344657144054,0.5642715291568875,0.32575224697147326
0500000US18145,25.0,0,1,8248,36479,44728,44728,21176,23552,1.0,1.0,1.0
0500000US18145,100.0,11649,24413,8310,356,33079,44728,21176,23552,0.7395591128599535,0.9714299206649036,0.5310801630434783
0500000US18145,250.0,14072,29702,954,0,30656,44728,21176,23552,0.6853872294759434,0.9711465810351341,0.4284561820652174
0500000US18145,1000.0,41748,2980,0,0,2980,44728,21176,23552,0.06662493292791988,0.03163959199093313,0.09808084239130435
0500000US18149,25.0,0,0,1479,21515,22994,22994,3952,19042,1.0,1.0,1.0
0500000US18149,100.0,9596,13367,31,0,13398,22994,3952,19042,0.5826737409759067,0.9832995951417004,0.49952736057136854
0500000US18149,250.0,9777,13186,31,0,13217,22994,3952,19042,0.574802122292772,0.9832995951417004,0.49002205650666947
0500000US18149,1000.0,22994,0,0,0,0,22994,3952,19042,0.0,0.0,0.0
0500000US18151,25.0,0,0,1687,32907,34594,34594,11284,23310,1.0,1.0,1.0
0500000US18151,100.0,10686,23227,681,0,23908,34594,11284,23310,0.6911025033242759,0.9788195675292449,0.5518232518232519
0500000US18151,250.0,10830,23764,0,0,23764,34594,11284,23310,0.6869399317800775,0.978730946472882,0.5456885456885456
0500000US18151,1000.0,34594,0,0,0,0,34594,11284,23310,0.0,0.0,0.0
0500000US18153,25.0,0,0,1178,19491,20669,20669,4259,16410,1.0,1.0,1.0
0500000US18153,100.0,9397,10910,274,88,11272,20669,4259,16410,0.5453577821858823,0.9995304061986382,0.42748324192565507
0500000US18153,250.0,9422,10904,343,0,11247,20669,4259,16410,0.5441482413275921,0.9995304061986382,0.4259597806215722
0500000US18153,1000.0,20669,0,0,0,0,20669,4259,16410,0.0,0.0,0.0
0500000US18157,25.0,0,3,6075,189641,195719,195719,163097,32622,1.0,1.0,1.0
0500000US18157,100.0,16676,32193,120143,26707,179043,195719,163097,32622,0.9147962129379366,0.9637393698228661,0.6700999325608485
0500000US18157,250.0,18848,32815,127248,16808,176871,195719,163097,32622,0.9036986700320357,0.954750853786397,0.6484580957635951
0500000US18157,1000.0,40727,144626,10366,0,154992,195719,163097,32622,0.7919108517824023,0.8901083404354464,0.3009625406167617
0500000US18159,25.0,0,0,0,15148,15148,15148,5453,9695,1.0,1.0,1.0
0500000US18159,100.0,4027,6041,4993,87,11121,15148,5453,9695,0.73415632426723,0.984412250137539,0.5933986591026302
0500000US18159,250.0,5437,4882,4829,0,9711,15148,5453,9695,0.6410747293372062,0.9812947001650467,0.44971634863331617
0500000US18159,1000.0,9639,5509,0,0,5509,15148,5453,9695,0.36367837338262476,0.8538419218778655,0.08798349664775658
0500000US18163,25.0,0,0,2046,179403,181449,181449,164545,16904,1.0,1.0,1.0
0500000US18163,100.0,2123,11412,36425,131489,179326,181449,164545,16904,0.9882997426274049,0.9998055243246529,0.8763014671083768
0500000US18163,250.0,2123,11412,36425,131489,179326,181449,164545,16904,0.9882997426274049,0.9998055243246529,0.8763014671083768
0500000US18163,1000.0,34729,69841,76879,0,146720,181449,164545,16904,0.8086018660890939,0.8535415843690176,0.37115475627070516
0500000US18165,25.0,0,0,534,14964,15498,15498,6052,9446,1.0,1.0,1.0
0500000US18165,100.0,3859,11563,76,0,11639,15498,6052,9446,0.7510001290489096,0.9890945142101785,0.5984543722210459
0500000US18165,250.0,3859,11563,76,0,11639,15498,6052,9446,0.7510001290489096,0.9890945142101785,0.5984543722210459
0500000US18165,1000.0,15498,0,0,0,0,15498,6052,9446,0.0,0.0,0.0
0500000US18167,25.0,0,0,3120,103918,107038,107038,80887,26151,1.0,1.0,1.0
0500000US18167,100.0,6495,63073,37309,161,100543,107038,80887,26151,0.9393206151086531,0.9997527414788532,0.7523995258307522
0500000US18167,250.0,6495,63090,37292,161,100543,107038,80887,26151,0.9393206151086531,0.9997527414788532,0.7523995258307522
0500000US18167,1000.0,106877,161,0,0,161,107038,80887,26151,0.0015041387170911264,0.0019904310952316194,0.0
0500000US18169,250.0,11682,3804,15469,41,19314,30996,14642,16354,0.6231126596980255,1.0,0.2856793445028739
0500000US18169,1000.0,14000,16996,0,0,16996,30996,14642,16354,0.5483288166214996,0.9980193962573419,0.14571358689005748
0500000US18171,25.0,0,0,940,7325,8265,8265,1729,6536,1.0,1.0,1.0
0500000US18171,100.0,6411,1854,0,0,1854,8265,1729,6536,0.22431941923774953,0.9346443030653557,0.036413708690330476
0500000US18171,250.0,6411,1854,0,0,1854,8265,1729,6536,0.22431941923774953,0.9346443030653557,0.036413708690330476
0500000US18171,1000.0,8265,0,0,0,0,8265,1729,6536,0.0,0.0,0.0
0500000US18173,250.0,10002,5409,15151,32436,52996,62998,43758,19240,0.8412330550176196,1.0,0.48014553014553013
0500000US18173,1000.0,27397,25232,10369,0,35601,62998,43758,19240,0.5651131781961332,0.709538827185886,0.23664241164241165
0500000US18175,250.0,11170,15000,1865,0,16865,28035,6337,21698,0.601569466738006,1.0,0.4852060097704858
0500000US18175,1000.0,22112,5923,0,0,5923,28035,6337,21698,0.21127162475477082,0.037241596970175164,0.26209788920637844
0500000US18177,25.0,0,0,0,65884,65884,65884,43118,22766,1.0,1.0,1.0
0500000US18177,100.0,11585,50502,3785,12,54299,65884,43118,22766,0.8241606459838504,0.9898650215687184,0.5103224106123166
0500000US18177,250.0,11988,50138,3758,0,53896,65884,43118,22766,0.8180438346184202,0.9898650215687184,0.4926205745409822
0500000US18177,1000.0,60792,5092,0,0,5092,65884,43118,22766,0.07728735353044745,0.044389813998794006,0.139594131599754
0500000US18179,25.0,0,0,1676,26617,28293,28293,13917,14376,1.0,1.0,1.0
0500000US18179,100.0,8545,7651,11425,672,19748,28293,13917,14376,0.6979818329622168,0.9809585399152116,0.4240400667779633
0500000US18179,250.0,9163,7495,10963,672,19130,28293,13917,14376,0.6761389743045984,0.9809585399152116,0.38105175292153587
0500000US18179,1000.0,16779,11514,0,0,11514,28293,13917,14376,0.40695578411621247,0.6777322698857512,0.1448247078464107
0500000US18181,25.0,0,0,2048,22054,24102,24102,7523,16579,1.0,1.0,1.0
0500000US18181,100.0,4173,13303,6618,8,19929,24102,7523,16579,0.8268608414239482,0.9754087465107005,0.75945473188974
0500000US18181,250.0,4269,16728,3105,0,19833,24102,7523,16579,0.8228777694797113,0.9647746909477602,0.758489655588395
0500000US18181,1000.0,20242,3860,0,0,3860,24102,7523,16579,0.1601526844245291,0.06274092782134787,0.20435490680981966
0500000US18183,25.0,0,0,0,33964,33964,33964,9676,24288,1.0,1.0,1.0
0500000US18183,100.0,6497,18087,8879,501,27467,33964,9676,24288,0.8087092215286774,0.9847044233154196,0.7385951910408433
0500000US18183,250.0,14540,18343,1081,0,19424,33964,9676,24288,0.5718996584619008,0.982637453493179,0.40826745718050067
0500000US18183,1000.0,33765,199,0,0,199,33964,9676,24288,0.005859144977034507,0.0,0.0081933465085639
0500000US19005,25.0,0,0,2082,11605,13687,13687,3358,10329,1.0,1.0,1.0
0500000US19005,100.0,3314,5916,3807,650,10373,13687,3358,10329,0.757872433696208,0.9794520547945206,0.6858359957401491
0500000US19005,250.0,3552,5741,3777,617,10135,13687,3358,10329,0.7404836706363703,0.9782608695652174,0.6631813341078516
0500000US19005,1000.0,12712,975,0,0,975,13687,3358,10329,0.07123547892160444,0.0,0.0943944234679059
0500000US19007,100.0,4131,2732,2799,2764,8295,12426,4944,7482,0.6675519072911636,1.0,0.44787489975942263
0500000US19007,250.0,6584,5545,297,0,5842,12426,4944,7482,0.4701432480283277,0.9987864077669902,0.12082330927559476
0500000US19007,1000.0,12390,36,0,0,36,12426,4944,7482,0.0028971511347175277,0.0,0.0048115477145148355
0500000US19011,25.0,0,0,1326,24319,25645,25645,4796,20849,1.0,1.0,1.0
0500000US19011,100.0,1336,9570,10648,4091,24309,25645,4796,20849,0.9479040748683955,0.9935362802335279,0.9374070698834477
0500000US19011,250.0,2228,10430,10440,2547,23417,25645,4796,20849,0.9131214661727433,0.9935362802335279,0.8946232433210226
0500000US19011,1000.0,7616,17106,838,85,18029,25645,4796,20849,0.7030220315851043,0.3994995829858215,0.7728428221977073
0500000US19013,25.0,0,0,93,131135,131228,131228,112654,18574,1.0,1.0,1.0
0500000US19013,100.0,808,59333,48968,22119,130420,131228,112654,18574,0.9938427774560308,0.9955971381397909,0.9832023258318079
0500000US19013,250.0,1286,64350,47530,18062,129942,131228,112654,18574,0.9902002621391777,0.993981571892698,0.9672660708517282
0500000US19013,1000.0,92031,39197,0,0,39197,131228,112654,18574,0.2986938763068857,0.3186660038702576,0.1775600301496716
0500000US19015,25.0,0,0,348,25886,26234,26234,12840,13394,1.0,1.0,1.0
0500000US19015,100.0,3724,17678,4832,0,22510,26234,12840,13394,0.8580468094838759,0.9691588785046729,0.7515305360609228
0500000US19015,250.0,3923,18895,3416,0,22311,26234,12840,13394,0.8504612335137608,0.9661214953271028,0.7395848887561595
0500000US19015,1000.0,16840,9182,212,0,9394,26234,12840,13394,0.35808492795608754,0.21246105919003117,0.49768553083470213
0500000US19017,250.0,652,4850,9113,10442,24405,25057,8757,16300,0.9739793271341342,1.0,0.96
0500000US19017,1000.0,7031,18009,17,0,18026,25057,8757,16300,0.7193997685277567,0.9966883635948384,0.5704294478527607
0500000US19019,25.0,0,0,1206,19969,21175,21175,6553,14622,1.0,1.0,1.0
0500000US19019,100.0,1950,6934,7006,5285,19225,21175,6553,14622,0.9079102715466352,0.9899282771249809,0.871153057037341
0500000US19019,250.0,3432,9011,8530,202,17743,21175,6553,14622,0.837922077922078,0.9845872119639859,0.7721925865134729
0500000US19019,1000.0,20495,680,0,0,680,21175,6553,14622,0.032113341204250294,0.004425453990538684,0.044521953221173576
0500000US19021,25.0,0,0,138,19482,19620,19620,10553,9067,1.0,1.0,1.0
0500000US19021,100.0,5088,4318,10151,63,14532,19620,10553,9067,0.7406727828746177,0.9794371268833507,0.4627771037829492
0500000US19021,250.0,6911,12639,70,0,12709,19620,10553,9067,0.6477573904179409,0.975646735525443,0.26612992169405536
0500000US19021,1000.0,19620,0,0,0,0,19620,10553,9067,0.0,0.0,0.0
0500000US19027,1000.0,6787,13378,0,0,13378,20165,9490,10675,0.6634267294817754,1.0,0.3642154566744731
0500000US19029,100.0,1044,5172,6132,488,11792,12836,5718,7118,0.9186662511685884,1.0,0.85332958696263
0500000US19029,250.0,3299,9537,0,0,9537,12836,5718,7118,0.7429884699283266,0.9716684155299056,0.5592863163810059
0500000US19029,1000.0,9423,3413,0,0,3413,12836,5718,7118,0.2658928014957931,0.0,0.4794886203989885
0500000US19031,25.0,0,0,1987,16640,18627,18627,3067,15560,1.0,1.0,1.0
0500000US19031,100.0,2982,8249,6247,1149,15645,18627,3067,15560,0.8399098083427283,0.9726116726442778,0.8137532133676093
0500000US19031,250.0,8720,7146,2761,0,9907,18627,3067,15560,0.5318623503516401,0.9540267362243234,0.44865038560411313
0500000US19031,1000.0,17216,1411,0,0,1411,18627,3067,15560,0.07575025500617383,0.014020215194000651,0.08791773778920309
0500000US19033,25.0,0,0,11,42439,42450,42450,33465,8985,1.0,1.0,1.0
0500000US19033,100.0,112,2254,13480,26604,42338,42450,33465,8985,0.9973616018845701,0.9998505901688332,0.9880912632164719
0500000US19033,250.0,445,12312,17982,11711,42005,42450,33465,8985,0.9895170789163722,0.9991035410129987,0.9538119087367836
0500000US19033,1000.0,28883,13567,0,0,13567,42450,33465,8985,0.3195995288574794,0.3179142387569102,0.3258764607679466
0500000US19035,25.0,0,0,529,10706,11235,11235,4153,7082,1.0,1.0,1.0
0500000US19035,100.0,2532,4107,4596,0,8703,11235,4153,7082,0.7746328437917223,0.981699975921021,0.6532053092346795
0500000US19035,250.0,4885,6350,0,0,6350,11235,4153,7082,0.5651980418335558,0.9764026005297375,0.3240609997175939
0500000US19035,1000.0,9671,1564,0,0,1564,11235,4153,7082,0.1392078326657766,0.0,0.22084157017791584
0500000US19037,25.0,0,0,251,11682,11933,11933,2965,8968,1.0,1.0,1.0
0500000US19037,100.0,528,6286,3042,2077,11405,11933,2965,8968,0.9557529539931283,0.9871838111298482,0.9453612845673506
0500000US19037,250.0,645,7518,3635,135,11288,11933,2965,8968,0.9459482108438784,0.9871838111298482,0.9323148974130241
0500000US19037,1000.0,11933,0,0,0,0,11933,2965,8968,0.0,0.0,0.0
0500000US19039,25.0,0,0,1092,8303,9395,9395,4731,4664,1.0,1.0,1.0
0500000US19039,100.0,2116,4758,2521,0,7279,9395,4731,4664,0.7747738158594998,0.9699852039737898,0.5767581475128645
0500000US19039,250.0,2584,6811,0,0,6811,9395,4731,4664,0.7249600851516764,0.9699852039737898,0.47641509433962265
0500000US19039,1000.0,7552,1843,0,0,1843,9395,4731,4664,0.19616817456093666,0.0,0.3951543739279588
0500000US19041,25.0,0,0,186,15830,16016,16016,10317,5699,1.0,1.0,1.0
0500000US19041,100.0,3094,1748,9625,1549,12922,16016,10317,5699,0.8068181818181818,0.9993215081903655,0.458326022109142
0500000US19041,250.0,4071,1025,9692,1228,11945,16016,10317,5699,0.7458166833166833,0.9993215081903655,0.28689243726969643
0500000US19041,1000.0,4691,11325,0,0,11325,16016,10317,5699,0.7071053946053946,0.997092177958709,0.1821372170556238
0500000US19043,100.0,4941,4707,7430,471,12608,17549,592,16957,0.7184454954698274,1.0,0.7086159108332842
0500000US19043,250.0,6095,9755,1699,0,11454,17549,592,16957,0.6526867627785059,0.9881756756756757,0.6409742289320045
0500000US19043,1000.0,16910,639,0,0,639,17549,592,16957,0.03641233118696222,0.0,0.037683552515185466
0500000US19045,25.0,0,0,1646,44783,46429,46429,31291,15138,1.0,1.0,1.0
0500000US19045,100.0,4796,37655,3978,0,41633,46429,31291,15138,0.8967024919769971,0.9932888050877249,0.6970537719645924
0500000US19045,250.0,7690,38722,17,0,38739,46429,31291,15138,0.8343707596545262,0.9932888050877249,0.505879244285903
0500000US19045,1000.0,43397,3029,3,0,3032,46429,31291,15138,0.06530401257834544,0.0,0.2002906592680671
0500000US19047,25.0,0,0,1903,14917,16820,16820,7574,9246,1.0,1.0,1.0
0500000US19047,100.0,5879,4405,6536,0,10941,16820,7574,9246,0.6504756242568371,0.9728016899920782,0.38643737832576247
0500000US19047,250.0,6919,3598,6303,0,9901,16820,7574,9246,0.5886444708680143,0.9720095062054397,0.2746052346960848
0500000US19047,1000.0,9730,7090,0,0,7090,16820,7574,9246,0.4215219976218787,0.777264325323475,0.1301103179753407
0500000US19049,25.0,0,4,1940,91481,93425,93425,56624,36801,1.0,1.0,1.0
0500000US19049,100.0,10454,38346,36794,7831,82971,93425,56624,36801,0.8881027562215681,0.9717964114156541,0.7593271921958642
0500000US19049,250.0,12305,47782,29053,4285,81120,93425,56624,36801,0.8682900722504683,0.9704012432890647,0.7111763267302519
0500000US19049,1000.0,63602,29823,0,0,29823,93425,56624,36801,0.3192186245651592,0.3651102006216445,0.24860737479959782
0500000US19055,25.0,0,0,379,16632,17011,17011,4659,12352,1.0,1.0,1.0
0500000US19055,100.0,2456,8968,5074,513,14555,17011,4659,12352,0.855622832284992,0.9903412749517064,0.8048089378238342
0500000US19055,250.0,4398,10678,1913,22,12613,17011,4659,12352,0.7414614073246723,0.9903412749517064,0.6475874352331606
0500000US19055,1000.0,9810,6621,580,0,7201,17011,4659,12352,0.4233143260243372,0.03992273019961365,0.5679242227979274
0500000US19057,25.0,0,0,2015,36952,38967,38967,28056,10911,1.0,1.0,1.0
0500000US19057,100.0,2364,30044,5158,1401,36603,38967,28056,10911,0.9393332820078528,0.9872398061020815,0.8161488406195583
0500000US19057,250.0,7142,28059,3766,0,31825,38967,28056,10911,0.8167167090101881,0.9864556601083547,0.3802584547704152
0500000US19057,1000.0,34216,4751,0,0,4751,38967,28056,10911,0.12192367901044474,0.0934915882520673,0.1950325359728714
0500000US19059,25.0,0,0,127,17130,17257,17257,11013,6244,1.0,1.0,1.0
0500000US19059,100.0,999,5562,9841,855,16258,17257,11013,6244,0.9421104479341716,0.988377372196495,0.8605060858424087
0500000US19059,250.0,1920,6515,8822,0,15337,17257,11013,6244,0.888740800834444,0.9070189775719604,0.8565022421524664
0500000US19059,1000.0,17257,0,0,0,0,17257,11013,6244,0.0,0.0,0.0
0500000US19061,25.0,0,0,1066,96244,97310,97310,70159,27151,1.0,1.0,1.0
0500000US19061,100.0,2081,47936,34100,13193,95229,97310,70159,27151,0.9786147364094132,0.9917330634701179,0.9447165850244926
0500000US19061,250.0,3373,70788,18432,4717,93937,97310,70159,27151,0.9653375809269346,0.9903219829245,0.9007771352804685
0500000US19061,1000.0,69328,26744,1238,0,27982,97310,70159,27151,0.2875552358442092,0.17970609615302385,0.5662406541195536
0500000US19063,25.0,0,0,62,9146,9208,9208,5200,4008,1.0,1.0,1.0
0500000US19063,100.0,731,2275,6202,0,8477,9208,5200,4008,0.9206125108601216,0.9582692307692308,0.8717564870259481
0500000US19063,250.0,898,3072,5238,0,8310,9208,5200,4008,0.9024761077324066,0.9582692307692308,0.8300898203592815
0500000US19063,1000.0,9208,0,0,0,0,9208,5200,4008,0.0,0.0,0.0
0500000US19065,25.0,0,0,1521,18129,19650,19650,5719,13931,1.0,1.0,1.0
0500000US19065,100.0,2157,7266,9625,602,17493,19650,5719,13931,0.8902290076335878,0.9825144255988809,0.8523436939200345
0500000US19065,250.0,2762,8342,8196,350,16888,19650,5719,13931,0.859440203562341,0.9825144255988809,0.8089153686023975
0500000US19065,1000.0,17028,2622,0,0,2622,19650,5719,13931,0.1334351145038168,0.0,0.18821333716172564
0500000US19067,25.0,0,0,120,15522,15642,15642,7158,8484,1.0,1.0,1.0
0500000US19067,100.0,250,2978,10432,1982,15392,15642,7158,8484,0.9840173890806803,0.9920368818105616,0.9772512965582273
0500000US19067,250.0,2142,6399,7101,0,13500,15642,7158,8484,0.8630609896432682,0.9918971779826767,0.7543611504007544
0500000US19067,1000.0,15642,0,0,0,0,15642,7158,8484,0.0,0.0,0.0
0500000US19069,100.0,825,1765,3709,3771,9245,10070,3842,6228,0.9180734856007945,1.0,0.867533718689788
0500000US19069,250.0,1300,4569,4189,12,8770,10070,3842,6228,0.8709036742800397,0.995575221238938,0.7939948619139371
0500000US19069,1000.0,9753,317,0,0,317,10070,3842,6228,0.03147964250248262,0.0031233732431025507,0.048972382787411686
0500000US19071,25.0,0,0,144,6816,6960,6960,2,6958,1.0,1.0,1.0
0500000US19071,100.0,3731,3189,40,0,3229,6960,2,6958,0.4639367816091954,0.0,0.464070135096292
0500000US19071,250.0,6012,908,40,0,948,6960,2,6958,0.13620689655172413,0.0,0.1362460477148606
0500000US19071,1000.0,6018,926,16,0,942,6960,2,6958,0.1353448275862069,0.0,0.1353837309571716
0500000US19073,250.0,2675,6132,81,0,6213,8888,3546,5342,0.699032403240324,1.0,0.4992512167727443
0500000US19073,1000.0,7413,1475,0,0,1475,8888,3546,5342,0.16595409540954095,0.0,0.2761138150505429
0500000US19079,25.0,0,0,320,14453,14773,14773,6959,7814,1.0,1.0,1.0
0500000US19079,100.0,1249,8808,4542,174,13524,14773,6959,7814,0.9154538685439654,0.9795947693634143,0.8583312004095214
0500000US19079,250.0,3177,7451,4002,143,11596,14773,6959,7814,0.7849455086983009,0.9788762753269148,0.6122344509854108
0500000US19079,1000.0,14690,83,0,0,83,14773,6959,7814,0.0056183578149326474,0.0,0.010621960583567954
0500000US19081,100.0,243,2171,4947,3269,10387,10630,2960,7670,0.977140169332079,1.0,0.9683181225554107
0500000US19081,250.0,1784,5904,2942,0,8846,10630,2960,7670,0.832173095014111,0.9993243243243243,0.7676662320730118
0500000US19081,1000.0,10484,146,0,0,146,10630,2960,7670,0.013734713076199435,0.0,0.019035202086049544
0500000US19083,25.0,0,0,647,16199,16846,16846,4619,12227,1.0,1.0,1.0
0500000US19083,100.0,3003,9432,3940,471,13843,16846,4619,12227,0.8217380980648226,0.9969690409179476,0.7555410157847386
0500000US19083,250.0,3685,10008,2800,353,13161,16846,4619,12227,0.7812537100795441,0.9950205672223424,0.7004988958861535
0500000US19083,1000.0,16846,0,0,0,0,16846,4619,12227,0.0,0.0,0.0
0500000US19085,25.0,0,0,0,14049,14049,14049,2557,11492,1.0,1.0,1.0
0500000US19085,100.0,4525,4098,3677,1749,9524,14049,2557,11492,0.6779130187201936,0.9784904184591318,0.611033762617473
0500000US19085,250.0,14006,43,0,0,43,14049,2557,11492,0.00306071606520037,0.0,0.0037417333797424295
0500000US19085,1000.0,14049,0,0,0,0,14049,2557,11492,0.0,0.0,0.0
0500000US19087,25.0,0,0,2137,17817,19954,19954,8145,11809,1.0,1.0,1.0
0500000US19087,100.0,7019,3149,6537,3249,12935,19954,8145,11809,0.6482409541946477,0.9997544505831799,0.40579219239563047
0500000US19087,250.0,8797,11157,0,0,11157,19954,8145,11809,0.5591360128295079,0.978146101903008,0.2701329494453383
0500000US19087,1000.0,19952,2,0,0,2,19954,8145,11809,0.00010023053021950487,0.0,0.0001693623507494284
0500000US19089,25.0,0,0,192,8966,9158,9158,3335,5823,1.0,1.0,1.0
0500000US19089,100.0,232,2923,3817,2186,8926,9158,3335,5823,0.9746669578510592,0.9940029985007496,0.9635926498368539
0500000US19089,250.0,371,4066,4721,0,8787,9158,3335,5823,0.9594889713911334,0.9865067466266867,0.9440151124849734
0500000US19089,1000.0,9158,0,0,0,0,9158,3335,5823,0.0,0.0,0.0
0500000US19091,25.0,0,0,1412,8146,9558,9558,5005,4553,1.0,1.0,1.0
0500000US19091,100.0,2046,6817,695,0,7512,9558,5005,4553,0.7859384808537351,0.9858141858141858,0.5662200746760377
0500000US19091,250.0,2799,6726,33,0,6759,9558,5005,4553,0.7071563088512242,0.9858141858141858,0.4008346145398638
0500000US19091,1000.0,8986,572,0,0,572,9558,5005,4553,0.05984515589035363,0.0,0.12563145179002855
0500000US19095,25.0,0,0,2383,13800,16183,16183,2702,13481,1.0,1.0,1.0
0500000US19095,100.0,3927,5981,4995,1280,12256,16183,2702,13481,0.7573379472285732,0.9974093264248705,0.7092203842444923
0500000US19095,250.0,6498,5500,4059,126,9685,16183,2702,13481,0.5984675276524748,0.9974093264248705,0.5185075291150508
0500000US19095,1000.0,11297,4753,133,0,4886,16183,2702,13481,0.3019217697583884,0.0,0.36243602106668643
0500000US19097,25.0,0,0,1174,18264,19438,19438,8881,10557,1.0,1.0,1.0
0500000US19097,100.0,3285,13233,2762,158,16153,19438,8881,10557,0.8310011318036835,0.9760162143902714,0.7090082409775504
0500000US19097,250.0,5425,13453,547,13,14013,19438,8881,10557,0.7209075007716843,0.9757910145253913,0.5064885857724732
0500000US19097,1000.0,14497,4828,113,0,4941,19438,8881,10557,0.25419281819117195,0.27282963630221824,0.23851472956332292
0500000US19099,25.0,0,0,3276,33908,37184,37184,15514,21670,1.0,1.0,1.0
0500000US19099,100.0,6584,18851,9678,2071,30600,37184,15514,21670,0.822934595524957,0.9794379270336471,0.7108906322104291
0500000US19099,250.0,11331,24881,972,0,25853,37184,15514,21670,0.6952721600688468,0.9702849039577156,0.49838486386709735
0500000US19099,1000.0,37184,0,0,0,0,37184,15514,21670,0.0,0.0,0.0
0500000US19101,25.0,0,0,9,18286,18295,18295,10680,7615,1.0,1.0,1.0
0500000US19101,100.0,4540,3933,8461,1361,13755,18295,10680,7615,0.7518447663295983,0.9459737827715355,0.47957977675640184
0500000US19101,250.0,6744,11304,247,0,11551,18295,10680,7615,0.6313746925389451,0.9135767790262173,0.2355876559422193
0500000US19101,1000.0,18040,255,0,0,255,18295,10680,7615,0.013938234490297895,0.023876404494382022,0.0
0500000US19103,25.0,0,0,9027,142113,151140,151140,117183,33957,1.0,1.0,1.0
0500000US19103,100.0,11380,63208,64344,12208,139760,151140,117183,33957,0.9247055709937806,0.9804749835727026,0.7322496098006303
0500000US19103,250.0,14232,93665,36876,6367,136908,151140,117183,33957,0.9058356490670901,0.9660530964389032,0.6980298612951674
0500000US19103,1000.0,107740,40404,2996,0,43400,151140,117183,33957,0.2871509858409422,0.2579043035252554,0.38807904114026565
0500000US19105,25.0,0,0,1107,19574,20681,20681,8496,12185,1.0,1.0,1.0
0500000US19105,100.0,1891,12499,5043,1248,18790,20681,8496,12185,0.908563415695566,0.9830508474576272,0.8566270004103406
0500000US19105,250.0,3310,13570,3022,779,17371,20681,8496,12185,0.8399497122963107,0.9822269303201506,0.7407468198604842
0500000US19105,1000.0,14021,6132,528,0,6660,20681,8496,12185,0.3220347178569702,0.11546610169491525,0.46606483381206404
0500000US19109,25.0,0,0,679,14134,14813,14813,4768,10045,1.0,1.0,1.0
0500000US19109,100.0,1557,5119,2446,5691,13256,14813,4768,10045,0.8948896239789375,0.9968540268456376,0.8464907914385267
0500000US19109,250.0,1813,6010,2278,4712,13000,14813,4768,10045,0.8776075069195977,0.9968540268456376,0.8210054753608761
0500000US19109,1000.0,14813,0,0,0,0,14813,4768,10045,0.0,0.0,0.0
0500000US19111,25.0,0,0,1988,31669,33657,33657,19632,14025,1.0,1.0,1.0
0500000US19111,100.0,4794,23661,4965,237,28863,33657,19632,14025,0.8575630626615562,0.9949572127139364,0.66524064171123
0500000US19111,250.0,7855,22774,3028,0,25802,33657,19632,14025,0.766616157114419,0.9949572127139364,0.4469875222816399
0500000US19111,1000.0,29060,4597,0,0,4597,33657,19632,14025,0.13658377157797782,0.09591483292583537,0.19351158645276292
0500000US19113,25.0,0,1,3260,223440,226701,226701,194407,32294,1.0,1.0,1.0
0500000US19113,100.0,6255,59970,121602,38874,220446,226701,194407,32294,0.9724085910516496,0.9857412541729464,0.8921471480770422
0500000US19113,250.0,7616,126310,71628,21147,219085,226701,194407,32294,0.9664050886409853,0.9806642764921016,0.8805660494209451
0500000US19113,1000.0,148284,70957,7460,0,78417,226701,194407,32294,0.3459049585136369,0.31781777405134587,0.5149873041431845
0500000US19117,25.0,0,0,410,8190,8600,8600,3645,4955,1.0,1.0,1.0
0500000US19117,100.0,3572,3238,1790,0,5028,8600,3645,4955,0.5846511627906976,0.9936899862825789,0.2837537840565086
0500000US19117,250.0,4203,4397,0,0,4397,8600,3645,4955,0.5112790697674419,0.9936899862825789,0.15640766902119072
0500000US19117,1000.0,8577,23,0,0,23,8600,3645,4955,0.002674418604651163,0.0,0.004641775983854692
0500000US19121,25.0,0,0,374,15964,16338,16338,4980,11358,1.0,1.0,1.0
0500000US19121,100.0,3598,12069,671,0,12740,16338,4980,11358,0.779777206512425,0.9769076305220884,0.6933438985736925
0500000US19121,250.0,8942,7396,0,0,7396,16338,4980,11358,0.4526869873913576,0.9736947791164658,0.22424722662440572
0500000US19121,1000.0,15985,353,0,0,353,16338,4980,11358,0.02160607173460644,0.0,0.031079415390033456
0500000US19123,25.0,0,0,575,21518,22093,22093,12078,10015,1.0,1.0,1.0
0500000US19123,100.0,4706,2994,13731,662,17387,22093,12078,10015,0.7869913547277418,0.9871667494618315,0.545581627558662
0500000US19123,250.0,5574,2700,13819,0,16519,22093,12078,10015,0.747702892318834,0.9871667494618315,0.45891163255117323
0500000US19123,1000.0,6052,16041,0,0,16041,22093,12078,10015,0.7260670800706106,0.9871667494618315,0.41118322516225664
0500000US19125,25.0,0,0,3279,29974,33253,33253,16798,16455,1.0,1.0,1.0
0500000US19125,100.0,5910,13502,13841,0,27343,33253,16798,16455,0.8222716747361141,0.9969639242766996,0.6439380127620784
0500000US19125,250.0,8512,20574,4167,0,24741,33253,16798,16455,0.7440230956605419,0.9932134777949756,0.48963840777879064
0500000US19125,1000.0,29574,3679,0,0,3679,33253,16798,16455,0.11063663428863561,0.16109060602452674,0.05913096323305986
0500000US19127,25.0,0,0,2165,37204,39369,39369,25320,14049,1.0,1.0,1.0
0500000US19127,100.0,9470,29089,810,0,29899,39369,25320,14049,0.7594554090782087,0.9822669826224328,0.35789024129831304
0500000US19127,250.0,9651,29263,455,0,29718,39369,25320,14049,0.7548578831059971,0.9820300157977883,0.3454338387073813
0500000US19127,1000.0,39326,43,0,0,43,39369,25320,14049,0.0010922299271000026,0.0016982622432859399,0.0
0500000US19129,25.0,0,0,0,15108,15108,15108,5949,9159,1.0,1.0,1.0
0500000US19129,100.0,3865,3256,7226,761,11243,15108,5949,9159,0.7441752713794016,0.9966380904353673,0.580194344360738
0500000US19129,250.0,7518,7363,227,0,7590,15108,5949,9159,0.5023828435266084,0.9941166582618928,0.18298940932416202
0500000US19129,1000.0,13723,1385,0,0,1385,15108,5949,9159,0.0916732856764628,0.12270969910909396,0.0715143574626051
0500000US19131,100.0,82,1120,6855,2527,10502,10584,3337,7247,0.9922524565381708,1.0,0.9886849730923141
0500000US19131,250.0,504,9474,606,0,10080,10584,3337,7247,0.9523809523809523,0.9997003296373989,0.9305919690906582
0500000US19131,1000.0,10584,0,0,0,0,10584,3337,7247,0.0,0.0,0.0
0500000US19133,25.0,0,0,23,8592,8615,8615,2391,6224,1.0,1.0,1.0
0500000US19133,100.0,3446,5009,160,0,5169,8615,2391,6224,0.6,0.903387703889586,0.48345115681233936
0500000US19133,250.0,8271,344,0,0,344,8615,2391,6224,0.03993035403366222,0.0,0.055269922879177376
0500000US19133,1000.0,8271,344,0,0,344,8615,2391,6224,0.03993035403366222,0.0,0.055269922879177376
0500000US19135,25.0,0,0,511,7196,7707,7707,3324,4383,1.0,1.0,1.0
0500000US19135,100.0,2692,2836,2179,0,5015,7707,3324,4383,0.6507071493447515,0.9984957882069796,0.38694957791467033
0500000US19135,250.0,3223,4077,407,0,4484,7707,3324,4383,0.5818087452964837,0.9981949458483754,0.26602783481633585
0500000US19135,1000.0,7326,381,0,0,381,7707,3324,4383,0.04943557804593227,0.1055956678700361,0.006844626967830253
0500000US19137,25.0,0,0,76,9841,9917,9917,4920,4997,1.0,1.0,1.0
0500000US19137,100.0,1064,7208,1635,10,8853,9917,4920,4997,0.8927094887566804,0.9729674796747968,0.8136882129277566
0500000US19137,250.0,1278,7078,1561,0,8639,9917,4920,4997,0.8711303821720279,0.9729674796747968,0.7708625175105063
0500000US19137,1000.0,6047,3819,51,0,3870,9917,4920,4997,0.39023898356357767,0.06808943089430894,0.7074244546728037
0500000US19139,25.0,0,0,3271,39393,42664,42664,31589,11075,1.0,1.0,1.0
0500000US19139,100.0,17741,20704,4219,0,24923,42664,31589,11075,0.5841693230826926,0.6937858115166672,0.2715124153498871
0500000US19139,250.0,18904,19814,3946,0,23760,42664,31589,11075,0.5569098068629289,0.6937858115166672,0.16650112866817154
0500000US19139,1000.0,23722,18942,0,0,18942,42664,31589,11075,0.44398087380461276,0.5771945930545443,0.06401805869074492
0500000US19141,25.0,0,0,0,13753,13753,13753,4235,9518,1.0,1.0,1.0
0500000US19141,100.0,1694,9745,2302,12,12059,13753,4235,9518,0.876826874136552,0.982762691853601,0.8296911115780626
0500000US19141,250.0,4864,7535,1354,0,8889,13753,4235,9518,0.6463317094452119,0.35017709563164107,0.7781046438327379
0500000US19141,1000.0,6579,5820,1354,0,7174,13753,4235,9518,0.5216316440049443,0.35017709563164107,0.5979197310359319
0500000US19143,1000.0,2707,3251,0,0,3251,5958,2324,3634,0.5456529036589459,1.0,0.25509080902586684
0500000US19145,25.0,0,0,1253,13854,15107,15107,9796,5311,1.0,1.0,1.0
0500000US19145,100.0,2627,7298,4793,389,12480,15107,9796,5311,0.8261071026676375,0.9116986525112291,0.6682357371493127
0500000US19145,250.0,3156,9537,2388,26,11951,15107,9796,5311,0.7910902230753956,0.9116986525112291,0.5686311429109395
0500000US19145,1000.0,10945,4127,35,0,4162,15107,9796,5311,0.27550142318130666,0.22386688444262964,0.3707399736396159
0500000US19147,25.0,0,0,302,8584,8886,8886,3066,5820,1.0,1.0,1.0
0500000US19147,100.0,3205,4149,1281,251,5681,8886,3066,5820,0.6393202790907044,0.9944553163731246,0.452233676975945
0500000US19147,250.0,3229,4437,1220,0,5657,8886,3066,5820,0.6366194013054243,0.9944553163731246,0.44810996563573885
0500000US19147,1000.0,8886,0,0,0,0,8886,3066,5820,0.0,0.0,0.0
0500000US19149,25.0,0,0,578,24598,25176,25176,9201,15975,1.0,1.0,1.0
0500000US19149,100.0,7135,17803,238,0,18041,25176,9201,15975,0.7165951700031776,0.9992392131290078,0.5538028169014084
0500000US19149,250.0,10426,14619,131,0,14750,25176,9201,15975,0.5858754369240546,0.9992392131290078,0.34779342723004697
0500000US19149,1000.0,10813,14319,44,0,14363,25176,9201,15975,0.5705036542739117,0.9973915878708836,0.3246322378716745
0500000US19153,25.0,0,5,12818,477334,490157,490157,458624,31533,1.0,1.0,1.0
0500000US19153,100.0,17191,185869,282699,4398,472966,490157,458624,31533,0.9649275640254041,0.9751822843985487,0.8157802936606096
0500000US19153,250.0,23464,337260,127757,1676,466693,490157,458624,31533,0.9521296237736072,0.9707407375104661,0.6814448355690863
0500000US19153,1000.0,482646,7511,0,0,7511,490157,458624,31533,0.015323661602302936,0.009888274490650294,0.09437731899914376
0500000US19155,25.0,0,0,0,93206,93206,93206,68128,25078,1.0,1.0,1.0
0500000US19155,100.0,6952,30085,54339,1830,86254,93206,68128,25078,0.9254125270905307,0.9810063410051667,0.7743839221628519
0500000US19155,250.0,16563,59485,17091,67,76643,93206,68128,25078,0.8222968478424135,0.9778211601690935,0.3997926469415424
0500000US19155,1000.0,91513,1670,23,0,1693,93206,68128,25078,0.01816406669098556,0.0073097698449976515,0.04765132785708589
0500000US19157,25.0,0,0,3907,14597,18504,18504,8363,10141,1.0,1.0,1.0
0500000US19157,100.0,5462,6842,5766,434,13042,18504,8363,10141,0.7048205793341981,0.9789549204830802,0.47874963021398287
0500000US19157,250.0,7905,10026,573,0,10599,18504,8363,10141,0.5727950713359273,0.9784766232213321,0.23824080465437333
0500000US19157,1000.0,16736,1768,0,0,1768,18504,8363,10141,0.09554690877648075,0.0,0.17434178088945862
0500000US19163,25.0,0,0,3392,169551,172943,172943,148332,24611,1.0,1.0,1.0
0500000US19163,100.0,9085,109602,44229,10027,163858,172943,148332,24611,0.9474682409811325,0.9827481595340183,0.7348340173093332
0500000US19163,250.0,10174,123595,36084,3090,162769,172943,148332,24611,0.9411713686012154,0.9803751044953213,0.7048880581853643
0500000US19163,1000.0,137198,35575,170,0,35745,172943,148332,24611,0.20668659616174115,0.22802901599115497,0.07805452846288245
0500000US19165,25.0,0,0,35,11419,11454,11454,4315,7139,1.0,1.0,1.0
0500000US19165,100.0,1000,5662,1995,2797,10454,11454,4315,7139,0.9126942552819975,0.9756662804171495,0.8746323014427791
0500000US19165,250.0,3089,4163,1651,2551,8365,11454,4315,7139,0.7303125545660905,0.9719582850521437,0.5842554979689032
0500000US19165,1000.0,11454,0,0,0,0,11454,4315,7139,0.0,0.0,0.0
0500000US19167,25.0,0,0,235,34620,34855,34855,16746,18109,1.0,1.0,1.0
0500000US19167,100.0,4187,25008,5562,98,30668,34855,16746,18109,0.8798737627313155,0.9980890959034994,0.7705560770887404
0500000US19167,250.0,19759,14928,168,0,15096,34855,16746,18109,0.43310859274135705,0.31076077869341934,0.5462477221271191
0500000US19167,1000.0,20211,14644,0,0,14644,34855,16746,18109,0.42014058241285324,0.31076077869341934,0.521287757468662
0500000US19169,25.0,0,0,4452,92665,97117,97117,77223,19894,1.0,1.0,1.0
0500000US19169,100.0,11136,57036,25407,3538,85981,97117,77223,19894,0.8853341845402968,0.9641687062144698,0.5793203981099829
0500000US19169,250.0,14346,66113,14228,2430,82771,97117,77223,19894,0.8522812689848327,0.961242116985872,0.42932542475118124
0500000US19169,1000.0,80227,16890,0,0,16890,97117,77223,19894,0.17391393885725465,0.142353961902542,0.2964210314667739
0500000US19171,25.0,0,0,2128,14726,16854,16854,4577,12277,1.0,1.0,1.0
0500000US19171,100.0,4164,7344,2505,2841,12690,16854,4577,12277,0.752936988252047,0.9665719903867162,0.67329152072982
0500000US19171,250.0,5096,7533,1721,2504,11758,16854,4577,12277,0.6976385427791623,0.9595805112519117,0.5999837093752546
0500000US19171,1000.0,12686,4110,58,0,4168,16854,4577,12277,0.2473003441319568,0.0,0.3394966196953653
0500000US19175,25.0,0,0,813,11428,12241,12241,7313,4928,1.0,1.0,1.0
0500000US19175,100.0,2413,8480,1348,0,9828,12241,7313,4928,0.8028755820602892,0.9972651442636401,0.5144074675324676
0500000US19175,250.0,3472,8708,61,0,8769,12241,7313,4928,0.7163630422351115,0.9883768631204704,0.31270292207792205
0500000US19175,1000.0,11207,1034,0,0,1034,12241,7313,4928,0.08447022302099502,0.0,0.20982142857142858
0500000US19179,25.0,0,0,1942,33027,34969,34969,24027,10942,1.0,1.0,1.0
0500000US19179,100.0,5584,26807,2578,0,29385,34969,24027,10942,0.8403157081986903,0.9715736463145628,0.5520928532261012
0500000US19179,250.0,6406,28558,5,0,28563,34969,24027,10942,0.8168091738396865,0.964664752153827,0.4921403765307988
0500000US19179,1000.0,34940,29,0,0,29,34969,24027,10942,0.0008293059567045097,0.0,0.0026503381465911168
0500000US19181,25.0,0,5,3393,48060,51458,51458,28424,23034,1.0,1.0,1.0
0500000US19181,100.0,6538,16707,18286,9927,44920,51458,28424,23034,0.8729449259590345,0.9932803264846608,0.724450811843362
0500000US19181,250.0,15155,15800,12146,8357,36303,51458,28424,23034,0.7054879707722803,0.9921193357725866,0.3517843188330294
0500000US19181,1000.0,35347,7734,8377,0,16111,51458,28424,23034,0.31309028722453264,0.5309597523219814,0.04423895111574195
0500000US19183,250.0,7903,4565,9497,0,14062,21965,6649,15316,0.6402003186888231,1.0,0.4840036563071298
0500000US19183,1000.0,10609,11356,0,0,11356,21965,6649,15316,0.5170043250625996,0.9990976086629568,0.30771741969182553
0500000US19187,25.0,0,0,1167,34737,35904,35904,23163,12741,1.0,1.0,1.0
0500000US19187,100.0,1881,28410,5327,286,34023,35904,23163,12741,0.9476102941176471,0.9660665716876052,0.9140569813986343
0500000US19187,250.0,2167,28333,5214,190,33737,35904,23163,12741,0.9396446078431373,0.9614039632171999,0.9000863354524763
0500000US19187,1000.0,26959,8587,358,0,8945,35904,23163,12741,0.24913658645276293,0.0,0.7020642021819323
0500000US19189,100.0,4,1962,5496,2892,10350,10354,3205,7149,0.9996136758740584,1.0,0.9994404811861799
0500000US19189,250.0,1968,5665,2721,0,8386,10354,3205,7149,0.8099285300367008,0.9875195007800313,0.7303119317387047
0500000US19189,1000.0,10354,0,0,0,0,10354,3205,7149,0.0,0.0,0.0
0500000US19191,25.0,0,0,2018,17973,19991,19991,7655,12336,1.0,1.0,1.0
0500000US19191,100.0,2303,12674,4224,790,17688,19991,7655,12336,0.8847981591716272,0.8485956890920967,0.9072632944228275
0500000US19191,250.0,2359,12936,3906,790,17632,19991,7655,12336,0.8819968986043719,0.8485956890920967,0.9027237354085603
0500000US19191,1000.0,19035,956,0,0,956,19991,7655,12336,0.047821519683857734,0.0,0.07749675745784695
0500000US19193,25.0,0,0,3063,100043,103106,103106,84624,18482,1.0,1.0,1.0
0500000US19193,100.0,6787,85141,11052,126,96319,103106,84624,18482,0.9341745388241227,0.974262620533182,0.7506222270317066
0500000US19193,250.0,9739,92982,385,0,93367,103106,84624,18482,0.9055438092836499,0.9735772357723578,0.5940374418352992
0500000US19193,1000.0,96044,7062,0,0,7062,103106,84624,18482,0.06849261924621264,0.0,0.3821015041662158
0500000US19197,25.0,0,0,183,12379,12562,12562,5443,7119,1.0,1.0,1.0
0500000US19197,100.0,775,3869,5928,1990,11787,12562,5443,7119,0.9383060022289444,0.9994488333639537,0.8915578030622279
0500000US19197,250.0,2007,6228,4327,0,10555,12562,5443,7119,0.8402324470625696,0.9961418335476759,0.7210282343025706
0500000US19197,1000.0,12542,20,0,0,20,12562,5443,7119,0.0015921031682853048,0.0,0.0028093833403567917
0500000US20001,100.0,3136,3883,5283,67,9233,12369,4919,7450,0.7464629315223543,1.0,0.5790604026845637
0500000US20001,250.0,4320,7924,125,0,8049,12369,4919,7450,0.6507397526073248,0.9894287456800163,0.42711409395973154
0500000US20001,1000.0,12306,63,0,0,63,12369,4919,7450,0.0050933786078098476,0.01280748119536491,0.0
0500000US20003,25.0,0,0,0,7858,7858,7858,2895,4963,1.0,1.0,1.0
0500000US20003,100.0,4857,3001,0,0,3001,7858,2895,4963,0.3819037923135658,0.9844559585492227,0.030425146080999395
0500000US20003,250.0,7858,0,0,0,0,7858,2895,4963,0.0,0.0,0.0
0500000US20003,1000.0,7858,0,0,0,0,7858,2895,4963,0.0,0.0,0.0
0500000US20005,25.0,0,0,2974,13099,16073,16073,10309,5764,1.0,1.0,1.0
0500000US20005,100.0,3771,12296,6,0,12302,16073,10309,5764,0.7653829403347229,0.9796294499951499,0.3821998612074948
0500000US20005,250.0,14871,1202,0,0,1202,16073,10309,5764,0.07478379891743918,0.0,0.2085357390700902
0500000US20005,1000.0,14871,1202,0,0,1202,16073,10309,5764,0.07478379891743918,0.0,0.2085357390700902
0500000US20009,25.0,0,0,1788,23991,25779,25779,17545,8234,1.0,1.0,1.0
0500000US20009,100.0,1788,23971,20,0,23991,25779,17545,8234,0.9306412195973467,0.9908235964662298,0.8024046635899927
0500000US20009,250.0,6138,19641,0,0,19641,25779,17545,8234,0.7618992202955894,0.9908235964662298,0.27410735972795724
0500000US20009,1000.0,25149,630,0,0,630,25779,17545,8234,0.024438496450599326,0.0,0.07651202331794997
0500000US20011,25.0,0,0,113,14421,14534,14534,7357,7177,1.0,1.0,1.0
0500000US20011,100.0,14513,21,0,0,21,14534,7357,7177,0.0014448878491812303,0.0028544243577545195,0.0
0500000US20011,250.0,14534,0,0,0,0,14534,7357,7177,0.0,0.0,0.0
0500000US20011,1000.0,14534,0,0,0,0,14534,7357,7177,0.0,0.0,0.0
0500000US20013,25.0,0,0,1959,7605,9564,9564,2871,6693,1.0,1.0,1.0
0500000US20013,100.0,8103,1461,0,0,1461,9564,2871,6693,0.1527603513174404,0.0,0.21828776333482744
0500000US20013,250.0,8132,1432,0,0,1432,9564,2871,6693,0.14972814721873692,0.0,0.2139548782309876
0500000US20013,1000.0,8132,1432,0,0,1432,9564,2871,6693,0.14972814721873692,0.0,0.2139548782309876
0500000US20015,25.0,0,0,3691,63218,66909,66909,38996,27913,1.0,1.0,1.0
0500000US20015,100.0,7049,47484,11757,619,59860,66909,38996,27913,0.894647954684721,0.9849728177248949,0.7684591409020887
0500000US20015,250.0,21341,43312,2256,0,45568,66909,38996,27913,0.6810444035929397,0.9835624166581188,0.25841005982875365
0500000US20015,1000.0,64432,2477,0,0,2477,66909,38996,27913,0.037020430734280886,0.04359421479126064,0.02783649195715258
0500000US20021,25.0,0,0,270,19669,19939,19939,9968,9971,1.0,1.0,1.0
0500000US20021,100.0,3662,12078,3151,1048,16277,19939,9968,9971,0.816339836501329,0.9890650080256822,0.6436666332363855
0500000US20021,250.0,5150,13488,1301,0,14789,19939,9968,9971,0.7417122222779478,0.9592696629213483,0.5242202386922074
0500000US20021,1000.0,11398,8455,86,0,8541,19939,9968,9971,0.428356487286223,0.41181781701444625,0.4448901815264266
0500000US20027,1000.0,818,7175,9,0,7184,8002,4030,3972,0.8977755561109723,1.0,0.7940584088620343
0500000US20029,25.0,0,0,66,8720,8786,8786,4614,4172,1.0,1.0,1.0
0500000US20029,100.0,646,8121,19,0,8140,8786,4614,4172,0.9264739358069656,0.9982661465106198,0.8470757430488974
0500000US20029,250.0,5411,3356,19,0,3375,8786,4614,4172,0.38413384930571365,0.029258777633289986,0.7766059443911792
0500000US20029,1000.0,5411,3356,19,0,3375,8786,4614,4172,0.38413384930571365,0.029258777633289986,0.7766059443911792
0500000US20031,25.0,0,0,2,8177,8179,8179,2369,5810,1.0,1.0,1.0
0500000US20031,100.0,2991,4012,1176,0,5188,8179,2369,5810,0.6343073725394303,0.9835373575348249,0.4919104991394148
0500000US20031,250.0,2993,4010,1176,0,5186,8179,2369,5810,0.6340628438684436,0.9835373575348249,0.491566265060241
0500000US20031,1000.0,6551,1628,0,0,1628,8179,2369,5810,0.19904633818315198,0.3165892781764458,0.15111876075731498
0500000US20035,25.0,0,0,1597,33311,34908,34908,23569,11339,1.0,1.0,1.0
0500000US20035,100.0,6320,28537,51,0,28588,34908,23569,11339,0.818952675604446,0.9835376978234122,0.4768498103889232
0500000US20035,250.0,8501,26383,24,0,26407,34908,23569,11339,0.7564741606508537,0.9835376978234122,0.2845048064203193
0500000US20035,1000.0,34908,0,0,0,0,34908,23569,11339,0.0,0.0,0.0
0500000US20037,25.0,0,0,1573,37245,38818,38818,25094,13724,1.0,1.0,1.0
0500000US20037,100.0,9009,4702,24522,585,29809,38818,25094,13724,0.7679169457468185,0.8983023830397705,0.5295103468376566
0500000US20037,250.0,9017,4694,24522,585,29801,38818,25094,13724,0.7677108557885517,0.8983023830397705,0.5289274264062955
0500000US20037,1000.0,11307,26915,596,0,27511,38818,25094,13724,0.708717605234685,0.8983023830397705,0.36206645292917516
0500000US20041,25.0,0,0,1697,16769,18466,18466,6245,12221,1.0,1.0,1.0
0500000US20041,100.0,1839,16131,496,0,16627,18466,6245,12221,0.9004115672045923,0.9966373098478783,0.8512396694214877
0500000US20041,250.0,14344,4043,79,0,4122,18466,6245,12221,0.22322105491172967,0.02610088070456365,0.3239505768758694
0500000US20041,1000.0,14394,3993,79,0,4072,18466,6245,12221,0.22051337593414924,0.01809447558046437,0.3239505768758694
0500000US20043,25.0,0,0,1388,6212,7600,7600,2152,5448,1.0,1.0,1.0
0500000US20043,100.0,6643,957,0,0,957,7600,2152,5448,0.12592105263157893,0.0,0.17566079295154186
0500000US20043,250.0,6643,957,0,0,957,7600,2152,5448,0.12592105263157893,0.0,0.17566079295154186
0500000US20043,1000.0,6643,957,0,0,957,7600,2152,5448,0.12592105263157893,0.0,0.17566079295154186
0500000US20045,25.0,0,0,0,122244,122244,122244,104850,17394,1.0,1.0,1.0
0500000US20045,100.0,13878,52150,56216,0,108366,122244,104850,17394,0.8864729557278885,0.9750023843586075,0.35282281246406805
0500000US20045,250.0,94517,26758,969,0,27727,122244,104850,17394,0.22681685808710447,0.24539818788745826,0.11480970449580315
0500000US20045,1000.0,95235,26914,95,0,27009,122244,104850,17394,0.2209433591832728,0.24419647114926085,0.0807749798781189
0500000US20051,1000.0,145,28408,0,0,28408,28553,20849,7704,0.9949217245123104,1.0,0.9811786085150571
0500000US20053,25.0,0,0,685,5417,6102,6102,2607,3495,1.0,1.0,1.0
0500000US20053,100.0,685,3552,1865,0,5417,6102,2607,3495,0.8877417240249099,0.9942462600690449,0.8082975679542204
0500000US20053,250.0,1480,4326,296,0,4622,6102,2607,3495,0.7574565716158637,0.9927119294207902,0.5819742489270386
0500000US20053,1000.0,4053,2049,0,0,2049,6102,2607,3495,0.3357915437561455,0.317222861526659,0.3496423462088698
0500000US20055,25.0,0,0,222,36245,36467,36467,29298,7169,1.0,1.0,1.0
0500000US20055,100.0,7347,29120,0,0,29120,36467,29298,7169,0.7985301779691227,0.9350126288483855,0.2407588227088855
0500000US20055,250.0,7488,28979,0,0,28979,36467,29298,7169,0.7946636685222256,0.9350126288483855,0.22109080764402286
0500000US20055,1000.0,36316,151,0,0,151,36467,29298,7169,0.004140729975045932,0.0012970168612191958,0.015762309945599108
0500000US20057,25.0,0,0,5659,27960,33619,33619,26141,7478,1.0,1.0,1.0
0500000US20057,100.0,6512,27107,0,0,27107,33619,26141,7478,0.8063000089235254,0.9404766458819479,0.337255950788981
0500000US20057,250.0,7469,26150,0,0,26150,33619,26141,7478,0.7778339629376245,0.9404766458819479,0.20928055629847553
0500000US20057,1000.0,33577,42,0,0,42,33619,26141,7478,0.0012492935542401619,0.0016066715121839255,0.0
0500000US20059,25.0,0,0,0,25544,25544,25544,11769,13775,1.0,1.0,1.0
0500000US20059,100.0,12399,11628,1517,0,13145,25544,11769,13775,0.5146022549326652,0.9801172572011216,0.11687840290381125
0500000US20059,250.0,25075,469,0,0,469,25544,11769,13775,0.01836047604134043,0.008072053700399354,0.027150635208711433
0500000US20059,1000.0,25503,41,0,0,41,25544,11769,13775,0.0016050735984967117,0.0034837284391197212,0.0
0500000US20061,25.0,0,0,4825,26845,31670,31670,26402,5268,1.0,1.0,1.0
0500000US20061,100.0,5352,25076,1242,0,26318,31670,26402,5268,0.8310072623934323,0.8815241269600788,0.577828397873956
0500000US20061,250.0,7061,24457,152,0,24609,31670,26402,5268,0.7770445216293022,0.8179683357321414,0.5719438116932423
0500000US20061,1000.0,30140,1530,0,0,1530,31670,26402,5268,0.048310704136406694,0.0,0.29043280182232345
0500000US20067,100.0,1039,6111,0,0,6111,7150,5640,1510,0.8546853146853147,1.0,0.3119205298013245
0500000US20067,250.0,7150,0,0,0,0,7150,5640,1510,0.0,0.0,0.0
0500000US20067,1000.0,7150,0,0,0,0,7150,5640,1510,0.0,0.0,0.0
0500000US20073,25.0,0,0,3666,2316,5982,5982,2177,3805,1.0,1.0,1.0
0500000US20073,100.0,4712,1219,51,0,1270,5982,2177,3805,0.21230357739886327,0.10978410656867249,0.2709592641261498
0500000US20073,250.0,4937,1008,37,0,1045,5982,2177,3805,0.17469073888331663,0.03628847037207166,0.25387647831800264
0500000US20073,1000.0,5034,948,0,0,948,5982,2177,3805,0.1584754262788365,0.0,0.24914586070959263
0500000US20079,25.0,0,0,5,34420,34425,34425,23255,11170,1.0,1.0,1.0
0500000US20079,100.0,4355,28931,1139,0,30070,34425,23255,11170,0.8734931009440814,0.9851214792517738,0.6410922112802149
0500000US20079,250.0,5324,28031,1070,0,29101,34425,23255,11170,0.8453449527959331,0.9851214792517738,0.5543419874664279
0500000US20079,1000.0,32502,1923,0,0,1923,34425,23255,11170,0.055860566448801746,0.037153300365512794,0.09480752014324083
0500000US20085,100.0,7055,6116,0,0,6116,13171,3126,10045,0.46435350391010555,1.0,0.2976605276256844
0500000US20085,250.0,12584,587,0,0,587,13171,3126,10045,0.044567610659782854,0.0,0.05843703334992534
0500000US20085,1000.0,12584,587,0,0,587,13171,3126,10045,0.044567610659782854,0.0,0.05843703334992534
0500000US20087,25.0,0,0,489,18553,19042,19042,228,18814,1.0,1.0,1.0
0500000US20087,100.0,10609,8366,67,0,8433,19042,228,18814,0.4428631446276652,0.8245614035087719,0.43823748272562985
0500000US20087,250.0,15792,3250,0,0,3250,19042,228,18814,0.17067534922802227,0.8245614035087719,0.16275114276602531
0500000US20087,1000.0,18953,89,0,0,89,19042,228,18814,0.004673878794244302,0.0,0.004730519825661741
0500000US20091,25.0,0,2,163,602224,602389,602389,572961,29428,1.0,1.0,1.0
0500000US20091,100.0,9472,63584,153352,375981,592917,602389,572961,29428,0.9842759412937487,0.9957710908770405,0.7604662226450999
0500000US20091,250.0,14037,86887,243084,258381,588352,602389,572961,29428,0.9766977816659999,0.9900377163541673,0.7169702324316977
0500000US20091,1000.0,99049,255302,225546,22492,503340,602389,572961,29428,0.8355730267318958,0.8575540045483026,0.40760500203887456
0500000US20095,25.0,0,0,867,6285,7152,7152,2554,4598,1.0,1.0,1.0
0500000US20095,100.0,3961,3191,0,0,3191,7152,2554,4598,0.446168903803132,0.9874706342991386,0.14549804262722923
0500000US20095,250.0,3962,3190,0,0,3190,7152,2554,4598,0.44602908277404923,0.9874706342991386,0.14528055676381035
0500000US20095,1000.0,7122,30,0,0,30,7152,2554,4598,0.0041946308724832215,0.0,0.006524575902566333
0500000US20099,25.0,0,0,4612,15006,19618,19618,8781,10837,1.0,1.0,1.0
0500000US20099,100.0,8976,10642,0,0,10642,19618,8781,10837,0.5424610051993067,0.9887256576699692,0.18086186213896835
0500000US20099,250.0,9971,9647,0,0,9647,19618,8781,10837,0.49174227750025484,0.9887256576699692,0.08904678416535941
0500000US20099,1000.0,19475,143,0,0,143,19618,8781,10837,0.007289224181873789,0.0,0.01319553381932269
0500000US20103,25.0,0,0,2978,78778,81756,81756,56339,25417,1.0,1.0,1.0
0500000US20103,100.0,15661,50345,15484,266,66095,81756,56339,25417,0.8084421938451001,0.998864019595662,0.38635558877916354
0500000US20103,250.0,31240,43525,6991,0,50516,81756,56339,25417,0.617887372180635,0.847512380411438,0.10890348979029783
0500000US20103,1000.0,73233,8523,0,0,8523,81756,56339,25417,0.10424922941435491,0.13660164362164753,0.03253727819963017
0500000US20111,25.0,0,0,43,33152,33195,33195,24113,9082,1.0,1.0,1.0
0500000US20111,100.0,7227,3109,22859,0,25968,33195,24113,9082,0.7822864889290556,0.981296396134865,0.25390883065404096
0500000US20111,250.0,8644,1771,22780,0,24551,33195,24113,9082,0.7395993372495858,0.981296396134865,0.09788592820964545
0500000US20111,1000.0,10072,23123,0,0,23123,33195,24113,9082,0.6965808103630065,0.9422718035914237,0.04426337811054834
0500000US20113,25.0,0,0,4843,23699,28542,28542,15399,13143,1.0,1.0,1.0
0500000US20113,100.0,7999,18399,2040,104,20543,28542,15399,13143,0.7197463387288907,0.9885706864082083,0.4047782089325116
0500000US20113,250.0,8129,18269,2040,104,20413,28542,15399,13143,0.7151916473968187,0.9885706864082083,0.3948870120976946
0500000US20113,1000.0,22635,4687,1220,0,5907,28542,15399,13143,0.2069581669119193,0.06578349243457367,0.37236551776611126
0500000US20115,25.0,0,0,1098,10786,11884,11884,2324,9560,1.0,1.0,1.0
0500000US20115,100.0,3613,7744,527,0,8271,11884,2324,9560,0.6959777852574891,0.9741824440619621,0.6283472803347281
0500000US20115,250.0,3657,7799,428,0,8227,11884,2324,9560,0.6922753281723325,0.9741824440619621,0.623744769874477
0500000US20115,1000.0,9154,2432,298,0,2730,11884,2324,9560,0.22972063278357455,0.012048192771084338,0.28263598326359834
0500000US20117,25.0,0,0,237,9470,9707,9707,2698,7009,1.0,1.0,1.0
0500000US20117,100.0,6802,2859,46,0,2905,9707,2698,7009,0.29926856907386423,0.0,0.4144671137109431
0500000US20117,250.0,6885,2822,0,0,2822,9707,2698,7009,0.29071803852889666,0.0,0.4026251961763447
0500000US20117,1000.0,6885,2822,0,0,2822,9707,2698,7009,0.29071803852889666,0.0,0.4026251961763447
0500000US20121,25.0,0,0,2,34234,34236,34236,16215,18021,1.0,1.0,1.0
0500000US20121,100.0,18941,14681,614,0,15295,34236,16215,18021,0.4467519570043229,0.7957446808510639,0.13273403251761834
0500000US20121,250.0,29678,4558,0,0,4558,34236,16215,18021,0.13313471199906532,0.2127659574468085,0.06148382442705732
0500000US20121,1000.0,34041,195,0,0,195,34236,16215,18021,0.005695758850332982,0.012025901942645698,0.0
0500000US20123,100.0,627,5334,16,2,5352,5979,3131,2848,0.8951329653788259,1.0,0.7798455056179775
0500000US20123,250.0,3845,2116,16,2,2134,5979,3131,2848,0.3569158722194347,0.04694985627595018,0.6976825842696629
0500000US20123,1000.0,3845,2116,16,2,2134,5979,3131,2848,0.3569158722194347,0.04694985627595018,0.6976825842696629
0500000US20125,25.0,0,0,1219,30610,31829,31829,17461,14368,1.0,1.0,1.0
0500000US20125,100.0,8158,23658,13,0,23671,31829,17461,14368,0.7436928587137516,0.9870568695950976,0.44793986636971045
0500000US20125,250.0,8273,23543,13,0,23556,31829,17461,14368,0.7400798014389394,0.9870568695950976,0.4399359688195991
0500000US20125,1000.0,31821,8,0,0,8,31829,17461,14368,0.0002513431147695498,0.0004581639081381364,0.0
0500000US20131,25.0,0,0,2692,7538,10230,10230,2416,7814,1.0,1.0,1.0
0500000US20131,100.0,8092,2127,11,0,2138,10230,2416,7814,0.20899315738025415,0.0,0.2736114665984131
0500000US20131,250.0,8971,1259,0,0,1259,10230,2416,7814,0.123069403714565,0.0,0.16112106475556692
0500000US20131,1000.0,8971,1259,0,0,1259,10230,2416,7814,0.123069403714565,0.0,0.16112106475556692
0500000US20133,250.0,5277,1833,8896,0,10729,16006,8611,7395,0.6703111333250031,1.0,0.28640973630831645
0500000US20133,1000.0,6921,9085,0,0,9085,16006,8611,7395,0.5675996501312008,0.965509232377192,0.10425963488843813
0500000US20137,1000.0,1354,3986,21,0,4007,5361,2683,2678,0.7474351800037307,1.0,0.4943988050784167
0500000US20139,25.0,0,0,0,15949,15949,15949,2410,13539,1.0,1.0,1.0
0500000US20139,100.0,10006,5888,55,0,5943,15949,2410,13539,0.37262524296194116,0.9850622406639005,0.26360883373956717
0500000US20139,250.0,10779,5170,0,0,5170,15949,2410,13539,0.3241582544360148,0.9850622406639005,0.20651451362729892
0500000US20139,1000.0,15949,0,0,0,0,15949,2410,13539,0.0,0.0,0.0
0500000US20145,25.0,0,0,634,5780,6414,6414,4290,2124,1.0,1.0,1.0
0500000US20145,100.0,1637,3647,1130,0,4777,6414,4290,2124,0.7447770502026816,0.9081585081585082,0.4147834274952919
0500000US20145,250.0,1644,3640,1130,0,4770,6414,4290,2124,0.7436856875584659,0.9081585081585082,0.4114877589453861
0500000US20145,1000.0,4554,1860,0,0,1860,6414,4290,2124,0.2899906454630496,0.25594405594405595,0.3587570621468927
0500000US20147,1000.0,1271,3963,0,0,3963,5234,2309,2925,0.7571646923958731,1.0,0.5654700854700855
0500000US20149,25.0,0,0,731,23651,24382,24382,9275,15107,1.0,1.0,1.0
0500000US20149,100.0,1848,18304,3696,534,22534,24382,9275,15107,0.9242063817570338,0.9784366576819407,0.8909114979810684
0500000US20149,250.0,2023,18584,3241,534,22359,24382,9275,15107,0.917028955787056,0.9784366576819407,0.8793274640894949
0500000US20149,1000.0,4024,19553,805,0,20358,24382,9275,15107,0.834960216553195,0.7996765498652291,0.856622757662011
0500000US20151,25.0,0,0,1885,7279,9164,9164,6132,3032,1.0,1.0,1.0
0500000US20151,100.0,2227,6639,298,0,6937,9164,6132,3032,0.7569838498472283,0.9677103718199609,0.3308047493403694
0500000US20151,250.0,2227,6639,298,0,6937,9164,6132,3032,0.7569838498472283,0.9677103718199609,0.3308047493403694
0500000US20151,1000.0,8418,746,0,0,746,9164,6132,3032,0.0814054997817547,0.026255707762557076,0.1929419525065963
0500000US20155,25.0,0,5,2130,59863,61998,61998,41441,20557,1.0,1.0,1.0
0500000US20155,100.0,11362,44467,5914,255,50636,61998,41441,20557,0.8167360237427014,0.9789821674187399,0.4896628885537773
0500000US20155,250.0,11989,48903,1106,0,50009,61998,41441,20557,0.8066227942836866,0.9789821674187399,0.4591623291336284
0500000US20155,1000.0,56605,5393,0,0,5393,61998,41441,20557,0.0869866769895803,0.002919813711059096,0.25645765432699325
0500000US20159,25.0,0,0,2103,7434,9537,9537,3283,6254,1.0,1.0,1.0
0500000US20159,100.0,2324,6129,1084,0,7213,9537,3283,6254,0.756317500262137,0.9829424307036247,0.637352094659418
0500000US20159,250.0,3319,5134,1084,0,6218,9537,3283,6254,0.6519869980077593,0.9829424307036247,0.4782539174928046
0500000US20159,1000.0,7370,2167,0,0,2167,9537,3283,6254,0.22722029988465975,0.18428266829119708,0.24976015350175887
0500000US20161,25.0,0,4,8437,65787,74228,74228,60435,13793,1.0,1.0,1.0
0500000US20161,100.0,9252,33471,31053,452,64976,74228,60435,13793,0.8753570081370912,0.8937536195912964,0.7947509606322047
0500000US20161,250.0,14004,48698,11395,131,60224,74228,60435,13793,0.8113380395538072,0.8160833953834699,0.7905459290944682
0500000US20161,1000.0,56903,15912,1413,0,17325,74228,60435,13793,0.23340248962655602,0.18351948374286423,0.4519683897629232
0500000US20167,1000.0,1221,5615,20,0,5635,6856,3985,2871,0.8219078179696616,1.0,0.5747126436781609
0500000US20169,25.0,0,0,4462,49762,54224,54224,46072,8152,1.0,1.0,1.0
0500000US20169,100.0,7566,40452,6206,0,46658,54224,46072,8152,0.860467689583948,0.9829180413266192,0.16842492639842982
0500000US20169,250.0,7594,46619,11,0,46630,54224,46072,8152,0.8599513130717026,0.9828746310123285,0.16523552502453387
0500000US20169,1000.0,53575,649,0,0,649,54224,46072,8152,0.011968869873118914,0.002257336343115124,0.06685475956820412
0500000US20171,25.0,0,0,1,4822,4823,4823,3432,1391,1.0,1.0,1.0
0500000US20171,100.0,4319,504,0,0,504,4823,3432,1391,0.10449927431059507,0.03904428904428905,0.26599568655643424
0500000US20171,250.0,4319,504,0,0,504,4823,3432,1391,0.10449927431059507,0.03904428904428905,0.26599568655643424
0500000US20171,1000.0,4823,0,0,0,0,4823,3432,1391,0.0,0.0,0.0
0500000US20173,25.0,0,3,7065,508954,516022,516022,473693,42329,1.0,1.0,1.0
0500000US20173,100.0,24367,200085,290835,735,491655,516022,473693,42329,0.95277914507521,0.9784818437257886,0.6651468260530605
0500000US20173,250.0,31470,332568,151984,0,484552,516022,473693,42329,0.9390142280755471,0.9740971473084888,0.5464102624678117
0500000US20173,1000.0,352587,161286,2149,0,163435,516022,473693,42329,0.316720992515823,0.32818724363670143,0.18840511233433344
0500000US20175,25.0,0,0,9117,12311,21428,21428,18899,2529,1.0,1.0,1.0
0500000US20175,100.0,9750,11678,0,0,11678,21428,18899,2529,0.5449878663431025,0.6092914969045982,0.06445235270858046
0500000US20175,250.0,21428,0,0,0,0,21428,18899,2529,0.0,0.0,0.0
0500000US20175,1000.0,21428,0,0,0,0,21428,18899,2529,0.0,0.0,0.0
0500000US20177,25.0,0,0,0,176875,176875,176875,148508,28367,1.0,1.0,1.0
0500000US20177,100.0,15377,94502,66712,284,161498,176875,148508,28367,0.9130628975265017,0.9754760686292995,0.5863150844290902
0500000US20177,250.0,16195,136900,23496,284,160680,176875,148508,28367,0.9084381625441696,0.969967947854661,0.5863150844290902
0500000US20177,1000.0,153055,23536,284,0,23820,176875,148508,28367,0.1346713780918728,0.15735179249602715,0.015934007825994995
0500000US20181,100.0,807,648,4462,0,5110,5917,4407,1510,0.8636133175595742,1.0,0.46556291390728477
0500000US20181,250.0,5423,494,0,0,494,5917,4407,1510,0.08348825418286293,0.0031767642387111415,0.31788079470198677
0500000US20181,1000.0,5917,0,0,0,0,5917,4407,1510,0.0,0.0,0.0
0500000US20189,100.0,1750,3735,0,0,3735,5485,3673,1812,0.6809480401093893,1.0,0.03421633554083885
0500000US20189,250.0,5485,0,0,0,0,5485,3673,1812,0.0,0.0,0.0
0500000US20189,1000.0,5485,0,0,0,0,5485,3673,1812,0.0,0.0,0.0
0500000US20191,25.0,0,0,1635,21201,22836,22836,8346,14490,1.0,1.0,1.0
0500000US20191,100.0,17516,5320,0,0,5320,22836,8346,14490,0.2329654930811,0.11035226455787203,0.3035886818495514
0500000US20191,250.0,21843,993,0,0,993,22836,8346,14490,0.04348397267472412,0.11023244668104482,0.005037957211870256
0500000US20191,1000.0,22836,0,0,0,0,22836,8346,14490,0.0,0.0,0.0
0500000US20193,100.0,758,6989,24,0,7013,7771,5235,2536,0.902457856131772,1.0,0.7011041009463722
0500000US20193,250.0,6109,1650,12,0,1662,7771,5235,2536,0.21387208853429418,0.044126074498567334,0.5642744479495269
0500000US20193,1000.0,7450,321,0,0,321,7771,5235,2536,0.04130742504182216,0.0,0.12657728706624605
0500000US20205,25.0,0,0,0,8525,8525,8525,2228,6297,1.0,1.0,1.0
0500000US20205,100.0,6298,2227,0,0,2227,8525,2228,6297,0.2612316715542522,0.9443447037701975,0.01953311100524059
0500000US20205,250.0,6298,2227,0,0,2227,8525,2228,6297,0.2612316715542522,0.9443447037701975,0.01953311100524059
0500000US20205,1000.0,8525,0,0,0,0,8525,2228,6297,0.0,0.0,0.0
0500000US20209,25.0,0,0,344,165085,165429,165429,154791,10638,1.0,1.0,1.0
0500000US20209,100.0,791,8769,98536,57333,164638,165429,154791,10638,0.9952184925254943,0.9979133153736328,0.9560067681895094
0500000US20209,250.0,1120,17921,138306,8082,164309,165429,154791,10638,0.9932297239299035,0.9979133153736328,0.9250799022372627
0500000US20209,1000.0,15148,140496,9785,0,150281,165429,154791,10638,0.9084320161519444,0.9266753235007203,0.6429780033840947
0500000US21001,25.0,0,1,4148,15053,19202,19202,4550,14652,1.0,1.0,1.0
0500000US21001,100.0,5634,6637,6931,0,13568,19202,4550,14652,0.706593063222581,0.9929670329670329,0.6176631176631177
0500000US21001,250.0,12557,4993,1652,0,6645,19202,4550,14652,0.34605770232267474,0.7142857142857143,0.23170898170898171
0500000US21001,1000.0,13353,4287,1562,0,5849,19202,4550,14652,0.30460368711592545,0.6270329670329671,0.20447720447720447
0500000US21003,25.0,0,1,234,21079,21314,21314,4471,16843,1.0,1.0,1.0
0500000US21003,100.0,1838,18325,1151,0,19476,21314,4471,16843,0.913765600075068,0.6727801386714382,0.977735557798492
0500000US21003,250.0,3382,17878,54,0,17932,21314,4471,16843,0.8413249507366051,0.3274435249384925,0.977735557798492
0500000US21003,1000.0,3512,17750,52,0,17802,21314,4471,16843,0.8352256732663976,0.29836725564750616,0.977735557798492
0500000US21005,250.0,4362,13305,5080,0,18385,22747,12937,9810,0.8082384490262452,1.0,0.5553516819571865
0500000US21005,1000.0,17667,5080,0,0,5080,22747,12937,9810,0.22332615289928343,0.3926721805673649,0.0
0500000US21009,25.0,0,0,7143,37106,44249,44249,15939,28310,1.0,1.0,1.0
0500000US21009,100.0,8268,19169,14201,2611,35981,44249,15939,28310,0.8131483197360392,0.8383210991906644,0.7989756269869304
0500000US21009,250.0,14349,21379,8521,0,29900,44249,15939,28310,0.6757214852313047,0.5125792082313821,0.7675732956552455
0500000US21009,1000.0,15853,28222,174,0,28396,44249,15939,28310,0.6417320165427467,0.4753748666792145,0.7353938537619216
0500000US21013,250.0,395,25117,520,0,25637,26032,10553,15479,0.9848263675476336,1.0,0.9744815556560501
0500000US21013,1000.0,25512,520,0,0,520,26032,10553,15479,0.01997541487400123,0.0,0.033593901414820077
0500000US21015,25.0,0,1,1005,132572,133578,133578,113584,19994,1.0,1.0,1.0
0500000US21015,100.0,1170,40492,91916,0,132408,133578,113584,19994,0.9912410726317208,0.9958004648542048,0.9653396018805642
0500000US21015,250.0,1170,40492,91916,0,132408,133578,113584,19994,0.9912410726317208,0.9958004648542048,0.9653396018805642
0500000US21015,1000.0,41101,92477,0,0,92477,133578,113584,19994,0.6923071164413301,0.6894104803493449,0.7087626287886366
0500000US21017,250.0,4418,11735,3635,0,15370,19788,10866,8922,0.7767333737618759,1.0,0.5048195471867294
0500000US21017,1000.0,15621,4167,0,0,4167,19788,10866,8922,0.210582171012735,0.30784097183876313,0.09213180901143242
0500000US21019,25.0,0,0,1228,45490,46718,46718,34576,12142,1.0,1.0,1.0
0500000US21019,100.0,2087,22391,20636,1604,44631,46718,34576,12142,0.9553277109465302,0.9924224895881536,0.8496952726074781
0500000US21019,250.0,3216,31083,12037,382,43502,46718,34576,12142,0.9311614367053385,0.9916705229060621,0.7588535661340801
0500000US21019,1000.0,38526,8192,0,0,8192,46718,34576,12142,0.17534997217346632,0.2091624248033318,0.07906440454620327
0500000US21021,25.0,0,0,228,29832,30060,30060,19278,10782,1.0,1.0,1.0
0500000US21021,100.0,5043,14489,10528,0,25017,30060,19278,10782,0.8322355289421157,0.999740636995539,0.5327397514375811
0500000US21021,250.0,5043,14489,10528,0,25017,30060,19278,10782,0.8322355289421157,0.999740636995539,0.5327397514375811
0500000US21021,1000.0,19532,10528,0,0,10528,30060,19278,10782,0.35023286759813704,0.5163398692810458,0.053236876275273605
0500000US21025,25.0,0,0,3965,8665,12630,12630,2374,10256,1.0,1.0,1.0
0500000US21025,100.0,3993,7366,1165,106,8637,12630,2374,10256,0.6838479809976247,0.8268744734625105,0.6507410296411856
0500000US21025,250.0,4497,7540,593,0,8133,12630,2374,10256,0.6439429928741093,0.8268744734625105,0.6015990639625585
0500000US21025,1000.0,12269,361,0,0,361,12630,2374,10256,0.028582739509105306,0.0,0.035198907956318255
0500000US21029,25.0,0,1,457,81215,81673,81673,55916,25757,1.0,1.0,1.0
0500000US21029,100.0,671,28721,47845,4436,81002,81673,55916,25757,0.9917843106044837,0.9997496244366549,0.9744923710059401
0500000US21029,250.0,3219,57204,21250,0,78454,81673,55916,25757,0.9605867300086932,0.9997496244366549,0.8755678068097993
0500000US21029,1000.0,63537,18136,0,0,18136,81673,55916,25757,0.22205624869908047,0.24889119393375778,0.16380013200295065
0500000US21033,25.0,0,2,4032,8713,12747,12747,5655,7092,1.0,1.0,1.0
0500000US21033,100.0,4034,8706,7,0,8713,12747,5655,7092,0.6835333804032321,0.9973474801061007,0.4333051325437112
0500000US21033,250.0,4057,8690,0,0,8690,12747,5655,7092,0.6817290342825763,0.9973474801061007,0.43006204173716867
0500000US21033,1000.0,12747,0,0,0,0,12747,5655,7092,0.0,0.0,0.0
0500000US21035,25.0,0,0,1726,37275,39001,39001,19423,19578,1.0,1.0,1.0
0500000US21035,100.0,1749,21782,14055,1415,37252,39001,19423,19578,0.9551549960257429,0.9992792050661586,0.9113801205434672
0500000US21035,250.0,1830,23223,13058,890,37171,39001,19423,19578,0.9530781262018923,0.9991762343613242,0.9073449790581265
0500000US21035,1000.0,23589,15403,9,0,15412,39001,19423,19578,0.39516935463193253,0.1969829583483499,0.5917866993564205
0500000US21037,25.0,0,0,561,93023,93584,93584,78780,14804,1.0,1.0,1.0
0500000US21037,100.0,1187,16133,73471,2793,92397,93584,78780,14804,0.9873162078987862,0.9998603706524498,0.9205620102674953
0500000US21037,250.0,1187,16133,76187,77,92397,93584,78780,14804,0.9873162078987862,0.9998603706524498,0.9205620102674953
0500000US21037,1000.0,16381,77203,0,0,77203,93584,78780,14804,0.8249593947683365,0.8505965981213506,0.6885301269927047
0500000US21041,250.0,2994,7637,0,0,7637,10631,4976,5655,0.7183708023704262,1.0,0.47055702917771886
0500000US21041,1000.0,10508,123,0,0,123,10631,4976,5655,0.011569936976766062,0.0,0.021750663129973476
0500000US21043,25.0,0,0,2746,24051,26797,26797,5629,21168,1.0,1.0,1.0
0500000US21043,100.0,5828,10639,10330,0,20969,26797,5629,21168,0.7825129678695376,0.8333629419079766,0.7689909297052154
0500000US21043,250.0,17089,9192,516,0,9708,26797,5629,21168,0.3622793596298093,0.3183513945638657,0.3739606953892668
0500000US21043,1000.0,24141,2656,0,0,2656,26797,5629,21168,0.09911557263872822,0.3172854858767099,0.04109977324263039
0500000US21047,25.0,0,0,9028,61433,70461,70461,47985,22476,1.0,1.0,1.0
0500000US21047,100.0,9543,32505,19436,8977,60918,70461,47985,22476,0.8645633754843105,0.9735125560070855,0.6319629827371418
0500000US21047,250.0,9719,42484,14386,3872,60742,70461,47985,22476,0.86206553980216,0.9733666770865895,0.6244438512190781
0500000US21047,1000.0,59791,10670,0,0,10670,70461,47985,22476,0.15143128823036858,0.13812649786391581,0.1798362697988966
0500000US21049,25.0,0,0,1219,35044,36263,36263,26023,10240,1.0,1.0,1.0
0500000US21049,100.0,5994,11218,18885,166,30269,36263,26023,10240,0.8347075531533519,0.9995004419167659,0.41591796875
0500000US21049,250.0,5994,11218,18885,166,30269,36263,26023,10240,0.8347075531533519,0.9995004419167659,0.41591796875
0500000US21049,1000.0,14912,21351,0,0,21351,36263,26023,10240,0.5887819540578552,0.6936171847980632,0.32236328125
0500000US21051,25.0,0,0,527,19374,19901,19901,4379,15522,1.0,1.0,1.0
0500000US21051,100.0,1185,5672,9530,3514,18716,19901,4379,15522,0.940455253504849,0.9543274720255767,0.9365416827728386
0500000US21051,250.0,2478,12450,1707,3266,17423,19901,4379,15522,0.8754836440379881,0.888787394382279,0.8717304471073315
0500000US21051,1000.0,12050,4388,3463,0,7851,19901,4379,15522,0.39450278880458267,0.8134277232244804,0.2763174848601984
0500000US21055,25.0,0,0,2976,5830,8806,8806,2540,6266,1.0,1.0,1.0
0500000US21055,100.0,3053,5696,57,0,5753,8806,2540,6266,0.6533045650692709,0.9933070866141732,0.5154803702521544
0500000US21055,250.0,3568,5238,0,0,5238,8806,2540,6266,0.5948217124687712,0.9933070866141732,0.4332907756144271
0500000US21055,1000.0,8668,138,0,0,138,8806,2540,6266,0.015671133318192143,0.0,0.02202361953399298
0500000US21059,25.0,0,0,9646,91864,101510,101510,73309,28201,1.0,1.0,1.0
0500000US21059,100.0,9646,52874,34928,4062,91864,101510,73309,28201,0.9049748793222343,0.9999590773302051,0.6580617708591894
0500000US21059,250.0,9646,52874,34928,4062,91864,101510,73309,28201,0.9049748793222343,0.9999590773302051,0.6580617708591894
0500000US21059,1000.0,62520,34928,4062,0,38990,101510,73309,28201,0.38410008866121564,0.5045355959022767,0.0710258501471579
0500000US21065,25.0,0,0,357,13749,14106,14106,3419,10687,1.0,1.0,1.0
0500000US21065,100.0,1103,7424,5579,0,13003,14106,3419,10687,0.9218063235502623,0.987130739982451,0.900907644802096
0500000US21065,250.0,12532,1574,0,0,1574,14106,3419,10687,0.11158372323833829,0.10441649605147704,0.11387667259286985
0500000US21065,1000.0,12670,1436,0,0,1436,14106,3419,10687,0.10180065220473557,0.10441649605147704,0.10096378777954525
0500000US21067,25.0,0,3,854,322295,323152,323152,311177,11975,1.0,1.0,1.0
0500000US21067,100.0,1253,32446,122831,166622,321899,323152,311177,11975,0.9961225677080755,0.9999871455795255,0.8956993736951984
0500000US21067,250.0,1597,54889,160825,105841,321555,323152,311177,11975,0.9950580531762143,0.9999871455795255,0.866972860125261
0500000US21067,1000.0,60025,164065,99062,0,263127,323152,311177,11975,0.8142514977471902,0.8304598347564248,0.3930688935281837
0500000US21069,25.0,0,2,108,14471,14581,14581,2807,11774,1.0,1.0,1.0
0500000US21069,100.0,3248,5986,5347,0,11333,14581,2807,11774,0.7772443590974556,0.9992874955468471,0.724307796840496
0500000US21069,250.0,4379,8770,1432,0,10202,14581,2807,11774,0.6996776627117481,0.9992874955468471,0.6282486835400034
0500000US21069,1000.0,13136,1445,0,0,1445,14581,2807,11774,0.09910157053700021,0.424652654079088,0.021488024460676065
0500000US21071,25.0,0,0,2076,33513,35589,35589,6299,29290,1.0,1.0,1.0
0500000US21071,100.0,2102,29507,3703,277,33487,35589,6299,29290,0.9409368063165585,0.9417367836164471,0.9407647661317856
0500000US21071,250.0,4090,28910,2589,0,31499,35589,6299,29290,0.885076849588356,0.8550563581520876,0.8915329463980881
0500000US21071,1000.0,35489,100,0,0,100,35589,6299,29290,0.0028098569782798056,0.0,0.003414134516899966
0500000US21073,25.0,0,3,273,50714,50990,50990,36742,14248,1.0,1.0,1.0
0500000US21073,100.0,1314,38092,11584,0,49676,50990,36742,14248,0.9742302412237693,0.9973599695171738,0.9145845030881528
0500000US21073,250.0,1318,38152,11520,0,49672,50990,36742,14248,0.9741517944695038,0.9973599695171738,0.9143037619314992
0500000US21073,1000.0,1370,39448,10172,0,49620,50990,36742,14248,0.9731319866640518,0.9973599695171738,0.9106541268950028
0500000US21075,25.0,0,0,2230,3739,5969,5969,2267,3702,1.0,1.0,1.0
0500000US21075,100.0,2265,3704,0,0,3704,5969,2267,3702,0.6205394538448651,0.9735333039258932,0.40437601296596437
0500000US21075,250.0,3483,2486,0,0,2486,5969,2267,3702,0.4164851733958787,0.9735333039258932,0.0753646677471637
0500000US21075,1000.0,5969,0,0,0,0,5969,2267,3702,0.0,0.0,0.0
0500000US21079,25.0,0,2,1439,16225,17666,17666,3793,13873,1.0,1.0,1.0
0500000US21079,100.0,4236,8764,4666,0,13430,17666,3793,13873,0.7602173666930827,0.9839177432111785,0.6990557197433864
0500000US21079,250.0,10837,5600,1229,0,6829,17666,3793,13873,0.38656175704743573,0.923543369364619,0.23974626973257407
0500000US21079,1000.0,17666,0,0,0,0,17666,3793,13873,0.0,0.0,0.0
0500000US21081,25.0,0,0,1017,24052,25069,25069,8649,16420,1.0,1.0,1.0
0500000US21081,100.0,1479,9062,12894,1634,23590,25069,8649,16420,0.9410028321831745,0.9960689097005434,0.9119975639464069
0500000US21081,250.0,2088,12438,10249,294,22981,25069,8649,16420,0.9167098807291875,0.9852006012255752,0.8806333739342266
0500000US21081,1000.0,6300,18769,0,0,18769,25069,8649,16420,0.7486936056484104,0.6884032836166031,0.7804506699147381
0500000US21083,25.0,0,0,1925,35341,37266,37266,11091,26175,1.0,1.0,1.0
0500000US21083,100.0,2005,23124,10253,1884,35261,37266,11091,26175,0.9461976063972521,0.9955820034262014,0.925272206303725
0500000US21083,250.0,4978,25669,6619,0,32288,37266,11091,26175,0.8664197928406591,0.9230907943377513,0.8424068767908309
0500000US21083,1000.0,10490,26178,598,0,26776,37266,11091,26175,0.718510170128267,0.4610044179965738,0.827621776504298
0500000US21085,25.0,0,1,2559,23867,26427,26427,6908,19519,1.0,1.0,1.0
0500000US21085,100.0,4800,9222,10463,1942,21627,26427,6908,19519,0.8183675786127824,0.9855240301100173,0.7592089758696654
0500000US21085,250.0,10712,10778,3673,1264,15715,26427,6908,19519,0.5946569796041927,0.9762594093804284,0.45960346329217683
0500000US21085,1000.0,22918,3509,0,0,3509,26427,6908,19519,0.13278086805161388,0.42689635205558774,0.028689994364465392
0500000US21089,25.0,0,0,1551,33547,35098,35098,21251,13847,1.0,1.0,1.0
0500000US21089,100.0,3591,15025,15111,1371,31507,35098,21251,13847,0.8976864778619864,0.9866359230153875,0.7611757059290821
0500000US21089,250.0,7123,22065,4920,990,27975,35098,21251,13847,0.7970539631887857,0.9827302244600254,0.512096482992706
0500000US21089,1000.0,34455,643,0,0,643,35098,21251,13847,0.01832013220126503,0.02409298385958308,0.009460532967429769
0500000US21091,25.0,0,0,7123,1599,8722,8722,931,7791,1.0,1.0,1.0
0500000US21091,100.0,8032,690,0,0,690,8722,931,7791,0.07911029580371474,0.0,0.08856372737774355
0500000US21091,250.0,8722,0,0,0,0,8722,931,7791,0.0,0.0,0.0
0500000US21091,1000.0,8722,0,0,0,0,8722,931,7791,0.0,0.0,0.0
0500000US21093,25.0,0,0,23,110933,110956,110956,71347,39609,1.0,1.0,1.0
0500000US21093,100.0,1019,24332,50001,35604,109937,110956,71347,39609,0.9908161793864234,0.9983180792464995,0.9773031381756672
0500000US21093,250.0,1143,30528,56699,22586,109813,110956,71347,39609,0.9896986192725045,0.9983180792464995,0.9741725365447247
0500000US21093,1000.0,25923,64824,20209,0,85033,110956,71347,39609,0.7663668481199755,0.7682313201676314,0.7630084071801864
0500000US21095,25.0,0,0,2368,23642,26010,26010,12669,13341,1.0,1.0,1.0
0500000US21095,100.0,15155,9060,1795,0,10855,26010,12669,13341,0.4173394848135333,0.4358670771173731,0.39974514654073906
0500000US21095,250.0,24412,1586,12,0,1598,26010,12669,13341,0.06143790849673202,0.01128739442734233,0.10906228918371937
0500000US21095,1000.0,25352,658,0,0,658,26010,12669,13341,0.025297962322183776,0.0,0.04932164005696724
0500000US21097,25.0,0,0,24,18861,18885,18885,6370,12515,1.0,1.0,1.0
0500000US21097,100.0,10073,6739,2073,0,8812,18885,6370,12515,0.4666137145882976,0.9995290423861852,0.1953655613264083
0500000US21097,250.0,10073,6739,2073,0,8812,18885,6370,12515,0.4666137145882976,0.9995290423861852,0.1953655613264083
0500000US21097,1000.0,16779,2106,0,0,2106,18885,6370,12515,0.11151707704527403,0.32543171114599684,0.0026368357970435476
0500000US21099,25.0,0,0,1797,17238,19035,19035,2434,16601,1.0,1.0,1.0
0500000US21099,100.0,1968,6104,9537,1426,17067,19035,2434,16601,0.8966115051221434,0.9971240755957272,0.8818745858683212
0500000US21099,250.0,2208,6077,9511,1239,16827,19035,2434,16601,0.8840031520882585,0.9971240755957272,0.8674176254442504
0500000US21099,1000.0,4823,14212,0,0,14212,19035,2434,16601,0.7466246388232204,0.9790468364831553,0.7125474369013914
0500000US21101,25.0,0,0,4870,40340,45210,45210,27587,17623,1.0,1.0,1.0
0500000US21101,100.0,4870,37100,3240,0,40340,45210,27587,17623,0.8922804689228047,0.987602856417878,0.7430630426147647
0500000US21101,250.0,4952,37139,3119,0,40258,45210,27587,17623,0.8904667109046671,0.987602856417878,0.7384100323440957
0500000US21101,1000.0,41956,3254,0,0,3254,45210,27587,17623,0.07197522671975226,0.11306049951063907,0.007660443738296544
0500000US21107,25.0,0,0,8068,36618,44686,44686,22769,21917,1.0,1.0,1.0
0500000US21107,100.0,8224,33519,2943,0,36462,44686,22769,21917,0.8159602560085933,0.9998682419078572,0.6249030432997217
0500000US21107,250.0,8835,34374,1477,0,35851,44686,22769,21917,0.8022870697757687,0.9998682419078572,0.5970251403020487
0500000US21107,1000.0,44661,25,0,0,25,44686,22769,21917,0.0005594593384952781,0.0010979841011902148,0.0
0500000US21111,25.0,0,0,135,766622,766757,766757,755192,11565,1.0,1.0,1.0
0500000US21111,100.0,312,186349,577669,2427,766445,766757,755192,11565,0.9995930914227062,0.999882149175309,0.9807176826632079
0500000US21111,250.0,425,304308,462000,24,766332,766757,755192,11565,0.9994457174828532,0.999882149175309,0.97094682230869
0500000US21111,1000.0,305297,461460,0,0,461460,766757,755192,11565,0.6018334361473061,0.6033988707507495,0.49961089494163424
0500000US21113,25.0,0,10,776,53329,54115,54115,39164,14951,1.0,1.0,1.0
0500000US21113,100.0,1778,18367,32715,1255,52337,54115,39164,14951,0.967144045089162,0.9989786538657951,0.8837535950772524
0500000US21113,250.0,4626,33082,15152,1255,49489,54115,39164,14951,0.9145153839046475,0.9989786538657951,0.6932646645709317
0500000US21113,1000.0,41835,11025,1255,0,12280,54115,39164,14951,0.2269241430287351,0.2160657746910428,0.2553675339442178
0500000US21115,25.0,0,0,272,21916,22188,22188,6064,16124,1.0,1.0,1.0
0500000US21115,100.0,390,13912,7739,147,21798,22188,6064,16124,0.9824229313142239,0.9929089709762533,0.9784792855370875
0500000US21115,250.0,4394,12693,5101,0,17794,22188,6064,16124,0.801965026140256,0.9388192612137203,0.7504961548002977
0500000US21115,1000.0,5339,16849,0,0,16849,22188,6064,16124,0.7593744366324139,0.8598284960422163,0.7215951376829571
0500000US21117,25.0,0,3,817,166178,166998,166998,154696,12302,1.0,1.0,1.0
0500000US21117,100.0,812,41865,124321,0,166186,166998,154696,12302,0.9951376663193571,0.9998577855923877,0.9357827995447895
0500000US21117,250.0,812,41865,124321,0,166186,166998,154696,12302,0.9951376663193571,0.9998577855923877,0.9357827995447895
0500000US21117,1000.0,41806,125192,0,0,125192,166998,154696,12302,0.7496616725948814,0.7500840357863164,0.7443505121118518
0500000US21121,25.0,0,0,1591,29554,31145,31145,11458,19687,1.0,1.0,1.0
0500000US21121,100.0,4311,12961,11398,2475,26834,31145,11458,19687,0.8615829186065179,0.9418746727177518,0.8148524406969065
0500000US21121,250.0,7676,17998,4540,931,23469,31145,11458,19687,0.7535398940439878,0.9375109094082736,0.6464672118656982
0500000US21121,1000.0,20284,8269,2592,0,10861,31145,11458,19687,0.3487237116712153,0.5248734508640251,0.24620307817341394
0500000US21123,25.0,0,0,1796,12601,14397,14397,3419,10978,1.0,1.0,1.0
0500000US21123,100.0,2334,4360,4505,3198,12063,14397,3419,10978,0.8378828922692227,0.9932728868090085,0.7894880670431773
0500000US21123,250.0,3082,5000,4737,1578,11315,14397,3419,10978,0.7859276238105161,0.9932728868090085,0.7213517944980871
0500000US21123,1000.0,6803,6724,870,0,7594,14397,3419,10978,0.527471000902966,0.7288680900848201,0.46474767717252685
0500000US21125,25.0,0,0,719,60094,60813,60813,26375,34438,1.0,1.0,1.0
0500000US21125,100.0,1184,26671,32545,413,59629,60813,26375,34438,0.9805304786805453,0.9983317535545023,0.9668970323479877
0500000US21125,250.0,2741,51957,6115,0,58072,60813,26375,34438,0.9549274003913637,0.9983317535545023,0.9216853475811604
0500000US21125,1000.0,55445,5368,0,0,5368,60813,26375,34438,0.08827060003617647,0.12379146919431279,0.06106626401068587
0500000US21127,1000.0,0,15317,0,0,15317,15317,3512,11805,1.0,1.0,1.0
0500000US21137,25.0,0,0,5177,19372,24549,24549,4511,20038,1.0,1.0,1.0
0500000US21137,100.0,8399,14710,1440,0,16150,24549,4511,20038,0.6578679375941994,0.9993349589891377,0.5809961073959476
0500000US21137,250.0,10991,13557,1,0,13558,24549,4511,20038,0.5522831887245916,0.9993349589891377,0.45164188042718834
0500000US21137,1000.0,24549,0,0,0,0,24549,4511,20038,0.0,0.0,0.0
0500000US21139,100.0,2692,5636,866,0,6502,9194,419,8775,0.7072003480530781,1.0,0.6932193732193732
0500000US21139,250.0,8245,949,0,0,949,9194,419,8775,0.10321949097237329,0.0,0.10814814814814815
0500000US21139,1000.0,9088,106,0,0,106,9194,419,8775,0.011529258211877311,0.0,0.01207977207977208
0500000US21141,25.0,0,0,7612,19490,27102,27102,6688,20414,1.0,1.0,1.0
0500000US21141,100.0,7778,18738,586,0,19324,27102,6688,20414,0.7130101099549848,0.9920753588516746,0.6215832271970216
0500000US21141,250.0,7778,18900,424,0,19324,27102,6688,20414,0.7130101099549848,0.9920753588516746,0.6215832271970216
0500000US21141,1000.0,7778,19170,154,0,19324,27102,6688,20414,0.7130101099549848,0.9920753588516746,0.6215832271970216
0500000US21145,25.0,0,0,1474,63943,65417,65417,46992,18425,1.0,1.0,1.0
0500000US21145,100.0,1474,57474,6469,0,63943,65417,46992,18425,0.9774676307381873,0.9860827374872319,0.9554952510176391
0500000US21145,250.0,58227,7167,23,0,7190,65417,46992,18425,0.10991026797315682,0.04207099080694586,0.28293080054274083
0500000US21145,1000.0,58409,6985,23,0,7008,65417,46992,18425,0.10712811654462907,0.03819799114742935,0.28293080054274083
0500000US21151,25.0,0,11,3813,89163,92987,92987,55777,37210,1.0,1.0,1.0
0500000US21151,100.0,4395,49087,38170,1335,88592,92987,55777,37210,0.9527353285943196,0.9982609319253456,0.8844934157484547
0500000US21151,250.0,5837,59627,27523,0,87150,92987,55777,37210,0.9372277845290202,0.9982609319253456,0.8457403923676431
0500000US21151,1000.0,64495,28492,0,0,28492,92987,55777,37210,0.3064084226827406,0.3700450006274988,0.21101854340231121
0500000US21155,250.0,7759,8103,3411,0,11514,19273,5373,13900,0.5974160743008353,1.0,0.4417985611510791
0500000US21155,1000.0,16264,3009,0,0,3009,19273,5373,13900,0.15612514917241738,0.447608412432533,0.04345323741007194
0500000US21157,25.0,0,0,974,30126,31100,31100,4394,26706,1.0,1.0,1.0
0500000US21157,100.0,1061,17036,12231,772,30039,31100,4394,26706,0.9658842443729904,0.9995448338643604,0.9603459896652438
0500000US21157,250.0,1292,18474,11170,164,29808,31100,4394,26706,0.9584565916398714,0.9995448338643604,0.9516962480341496
0500000US21157,1000.0,23680,7396,24,0,7420,31100,4394,26706,0.23858520900321542,0.0,0.27784018572605407
0500000US21161,25.0,0,0,0,17070,17070,17070,7592,9478,1.0,1.0,1.0
0500000US21161,100.0,3040,9737,4293,0,14030,17070,7592,9478,0.8219097832454598,0.9490252897787145,0.7200886262924667
0500000US21161,250.0,16841,229,0,0,229,17070,7592,9478,0.01341534856473345,0.011986301369863013,0.01456003376239713
0500000US21161,1000.0,17070,0,0,0,0,17070,7592,9478,0.0,0.0,0.0
0500000US21163,25.0,0,0,0,28572,28572,28572,4058,24514,1.0,1.0,1.0
0500000US21163,100.0,2526,5936,19953,157,26046,28572,4058,24514,0.9115917681646367,0.9928536224741252,0.8981398384596557
0500000US21163,250.0,2526,5936,19953,157,26046,28572,4058,24514,0.9115917681646367,0.9928536224741252,0.8981398384596557
0500000US21163,1000.0,6780,21792,0,0,21792,28572,4058,24514,0.7627047459050819,0.3472153770330212,0.8314840499306518
0500000US21167,25.0,0,0,240,21693,21933,21933,8864,13069,1.0,1.0,1.0
0500000US21167,100.0,4405,13629,3899,0,17528,21933,8864,13069,0.7991610814754023,0.9996615523465704,0.6631723926849797
0500000US21167,250.0,4405,13629,3899,0,17528,21933,8864,13069,0.7991610814754023,0.9996615523465704,0.6631723926849797
0500000US21167,1000.0,18034,3899,0,0,3899,21933,8864,13069,0.17776865909816258,0.40117328519855594,0.026245313336904125
0500000US21173,25.0,0,0,5,28152,28157,28157,11237,16920,1.0,1.0,1.0
0500000US21173,100.0,2124,16540,9493,0,26033,28157,11237,16920,0.9245658273253543,0.9904778855566432,0.8807919621749409
0500000US21173,250.0,2212,18089,7856,0,25945,28157,11237,16920,0.9214404943708492,0.9904778855566432,0.8755910165484634
0500000US21173,1000.0,20301,7856,0,0,7856,28157,11237,16920,0.2790069964840004,0.5911720210020468,0.07169030732860521
0500000US21177,25.0,0,0,6024,24598,30622,30622,9681,20941,1.0,1.0,1.0
0500000US21177,100.0,6024,23946,652,0,24598,30622,9681,20941,0.8032786885245902,0.9752091726061357,0.7237954252423475
0500000US21177,250.0,29147,1475,0,0,1475,30622,9681,20941,0.048167983802494936,0.0,0.07043598682011365
0500000US21177,1000.0,29147,1475,0,0,1475,30622,9681,20941,0.048167983802494936,0.0,0.07043598682011365
0500000US21179,25.0,0,1,1886,44346,46233,46233,19511,26722,1.0,1.0,1.0
0500000US21179,100.0,2379,26976,16878,0,43854,46233,19511,26722,0.9485432483291155,0.9853928553123878,0.9216376019759001
0500000US21179,250.0,35077,11000,156,0,11156,46233,19511,26722,0.24129950468280234,0.13874224796268772,0.31618142354614176
0500000US21179,1000.0,41178,5055,0,0,5055,46233,19511,26722,0.10933748621114787,0.13761467889908258,0.08869096624504154
0500000US21183,250.0,12665,11329,0,0,11329,23994,6315,17679,0.472159706593315,1.0,0.2836133265456191
0500000US21183,1000.0,23941,53,0,0,53,23994,6315,17679,0.002208885554722014,0.0,0.0029979071214435203
0500000US21185,25.0,0,4,947,65848,66799,66799,52479,14320,1.0,1.0,1.0
0500000US21185,100.0,2674,26173,34327,3625,64125,66799,52479,14320,0.959969460620668,0.977629146896854,0.8952513966480447
0500000US21185,250.0,2775,41934,20038,2052,64024,66799,52479,14320,0.9584574619380529,0.977629146896854,0.8881983240223463
0500000US21185,1000.0,44362,20385,2052,0,22437,66799,52479,14320,0.3358882618003263,0.3720535833380971,0.20335195530726258
0500000US21193,25.0,0,0,680,25078,25758,25758,7055,18703,1.0,1.0,1.0
0500000US21193,100.0,6215,10745,7505,1293,19543,25758,7055,18703,0.7587157387995962,0.7841247342310418,0.7491311554296102
0500000US21193,250.0,13378,8605,3282,493,12380,25758,7055,18703,0.48062737790201104,0.6870304748405386,0.4027696091536117
0500000US21193,1000.0,20010,3977,1771,0,5748,25758,7055,18703,0.22315397158164454,0.5717930545712261,0.09164305191680479
0500000US21195,25.0,0,0,3496,54380,57876,57876,7776,50100,1.0,1.0,1.0
0500000US21195,100.0,5438,43233,8649,556,52438,57876,7776,50100,0.9060405003801231,0.8721707818930041,0.9112974051896208
0500000US21195,250.0,15877,39321,2400,278,41999,57876,7776,50100,0.7256721266155228,0.46502057613168724,0.7661277445109781
0500000US21195,1000.0,57462,414,0,0,414,57876,7776,50100,0.00715322413435621,0.03227880658436214,0.003253493013972056
0500000US21197,25.0,0,0,2970,9389,12359,12359,4117,8242,1.0,1.0,1.0
0500000US21197,100.0,6862,4969,528,0,5497,12359,4117,8242,0.44477708552471884,0.6818071411221763,0.3263770929386071
0500000US21197,250.0,6868,4963,528,0,5491,12359,4117,8242,0.4442916093535076,0.6818071411221763,0.3256491142926474
0500000US21197,1000.0,6868,5491,0,0,5491,12359,4117,8242,0.4442916093535076,0.6818071411221763,0.3256491142926474
0500000US21199,25.0,0,2,1235,63742,64979,64979,29594,35385,1.0,1.0,1.0
0500000US21199,100.0,3955,28870,32077,77,61024,64979,29594,35385,0.9391341818125856,0.9997634655673447,0.8884272997032641
0500000US21199,250.0,8885,47114,8980,0,56094,64979,29594,35385,0.8632635159051386,0.9997634655673447,0.7491027271442702
0500000US21199,1000.0,56355,8624,0,0,8624,64979,29594,35385,0.13271980178211423,0.24518483476380348,0.038660449342941924
0500000US21203,25.0,0,0,800,15895,16695,16695,2773,13922,1.0,1.0,1.0
0500000US21203,100.0,1894,7970,6831,0,14801,16695,2773,13922,0.8865528601377658,0.994590695997115,0.8650337595173108
0500000US21203,250.0,6398,9026,1271,0,10297,16695,2773,13922,0.6167714884696017,0.994590695997115,0.5415170234161758
0500000US21203,1000.0,13910,2699,86,0,2785,16695,2773,13922,0.16681641209943096,0.283447529751172,0.14358569171096106
0500000US21205,250.0,1675,20011,2774,0,22785,24460,7238,17222,0.9315208503679476,1.0,0.90274068052491
0500000US21205,1000.0,22038,2422,0,0,2422,24460,7238,17222,0.0990188062142273,0.12061342912406742,0.0899430960399489
0500000US21209,25.0,0,4,678,56319,57001,57001,36422,20579,1.0,1.0,1.0
0500000US21209,100.0,8139,23022,25840,0,48862,57001,36422,20579,0.8572130313503272,0.9980231728076437,0.6079984450167647
0500000US21209,250.0,8475,22748,25778,0,48526,57001,36422,20579,0.8513183979228435,0.9980231728076437,0.5916711210457263
0500000US21209,1000.0,30931,26070,0,0,26070,57001,36422,20579,0.4573603971860143,0.6014771292076218,0.20229360027212206
0500000US21211,25.0,0,2,103,48916,49021,49021,24500,24521,1.0,1.0,1.0
0500000US21211,100.0,6294,22770,19957,0,42727,49021,24500,24521,0.8716060463882825,0.9997959183673469,0.7435259573426859
0500000US21211,250.0,7204,30741,11076,0,41817,49021,24500,24521,0.8530425735909101,0.9997959183673469,0.7064149096692631
0500000US21211,1000.0,37279,11742,0,0,11742,49021,24500,24521,0.2395299973480753,0.3624081632653061,0.11675706537253783
0500000US21213,25.0,0,0,5929,12643,18572,18572,9942,8630,1.0,1.0,1.0
0500000US21213,100.0,5929,3143,9500,0,12643,18572,9942,8630,0.6807559767391772,0.9794809897404949,0.3366164542294322
0500000US21213,250.0,6307,12265,0,0,12265,18572,9942,8630,0.6604027568382511,0.9754576543954938,0.2974507531865585
0500000US21213,1000.0,18551,21,0,0,21,18572,9942,8630,0.0011307344389403402,0.0,0.002433371958285052
0500000US21217,25.0,0,0,1570,24197,25767,25767,12245,13522,1.0,1.0,1.0
0500000US21217,100.0,2467,10747,12553,0,23300,25767,12245,13522,0.9042573834749874,0.9921600653327889,0.8246561159591776
0500000US21217,250.0,4345,18058,3364,0,21422,25767,12245,13522,0.8313734621803082,0.9921600653327889,0.6857713356012424
0500000US21217,1000.0,22687,3080,0,0,3080,25767,12245,13522,0.11953273566965499,0.1846467946100449,0.06056796331903565
0500000US21221,25.0,0,0,4434,10217,14651,14651,2977,11674,1.0,1.0,1.0
0500000US21221,100.0,4442,9937,272,0,10209,14651,2977,11674,0.6968125042659205,0.9929459187101108,0.6212951858831591
0500000US21221,250.0,4461,10190,0,0,10190,14651,2977,11674,0.6955156644597639,0.9929459187101108,0.6196676374850094
0500000US21221,1000.0,14651,0,0,0,0,14651,2977,11674,0.0,0.0,0.0
0500000US21223,25.0,0,0,1421,7050,8471,8471,461,8010,1.0,1.0,1.0
0500000US21223,100.0,1629,6842,0,0,6842,8471,461,8010,0.8076968480698855,0.9869848156182213,0.797378277153558
0500000US21223,250.0,1629,6842,0,0,6842,8471,461,8010,0.8076968480698855,0.9869848156182213,0.797378277153558
0500000US21223,1000.0,8471,0,0,0,0,8471,461,8010,0.0,0.0,0.0
0500000US21225,25.0,0,0,2737,11644,14381,14381,4681,9700,1.0,1.0,1.0
0500000US21225,100.0,2737,11077,567,0,11644,14381,4681,9700,0.8096794381475558,0.9959410382396924,0.7197938144329897
0500000US21225,250.0,2737,11644,0,0,11644,14381,4681,9700,0.8096794381475558,0.9959410382396924,0.7197938144329897
0500000US21225,1000.0,14381,0,0,0,0,14381,4681,9700,0.0,0.0,0.0
0500000US21227,25.0,0,5,8775,124115,132895,132895,88418,44477,1.0,1.0,1.0
0500000US21227,100.0,9319,95016,27436,1124,123576,132895,88418,44477,0.9298769705406524,0.9998869008572915,0.7907008116554624
0500000US21227,250.0,11965,94526,25908,496,120930,132895,88418,44477,0.9099665149177922,0.9998869008572915,0.7312093891224678
0500000US21227,1000.0,105171,27228,496,0,27724,132895,88418,44477,0.20861582452311975,0.24576443710556675,0.13476628369719182
0500000US21231,25.0,0,0,3444,16889,20333,20333,6722,13611,1.0,1.0,1.0
0500000US21231,100.0,8068,11094,1171,0,12265,20333,6722,13611,0.6032066099444253,0.4739660815233561,0.6670340166042171
0500000US21231,250.0,17103,3230,0,0,3230,20333,6722,13611,0.15885506319775733,0.18491520380839035,0.14598486518257292
0500000US21231,1000.0,18647,1686,0,0,1686,20333,6722,13611,0.08291939212118231,0.18491520380839035,0.03254720446697524
0500000US21235,25.0,0,0,1257,35007,36264,36264,12601,23663,1.0,1.0,1.0
0500000US21235,100.0,1284,24863,7868,2249,34980,36264,12601,23663,0.9645929847782925,0.9999206412189509,0.9457803321641381
0500000US21235,250.0,10842,19806,5616,0,25422,36264,12601,23663,0.7010258107213766,0.9422268073962384,0.5725816675823014
0500000US21235,1000.0,30254,6010,0,0,6010,36264,12601,23663,0.1657290977277741,0.2517260534878184,0.11993407429320035
0500000US21239,25.0,0,1,241,26492,26734,26734,16744,9990,1.0,1.0,1.0
0500000US21239,100.0,1316,3438,5949,16031,25418,26734,16744,9990,0.9507742949053639,0.9998805542283803,0.8684684684684685
0500000US21239,250.0,3609,2220,13109,7796,23125,26734,16744,9990,0.8650033664995885,0.9998805542283803,0.6389389389389389
0500000US21239,1000.0,4320,16788,5626,0,22414,26734,16744,9990,0.8384080197501309,0.9998805542283803,0.5677677677677677
0500000US22001,25.0,0,0,17358,44687,62045,62045,29810,32235,1.0,1.0,1.0
0500000US22001,100.0,17940,43909,196,0,44105,62045,29810,32235,0.7108550245789347,0.9762495806776249,0.4654257794322941
0500000US22001,250.0,19719,42256,70,0,42326,62045,29810,32235,0.682182287049722,0.9762495806776249,0.41023731968357374
0500000US22001,1000.0,62045,0,0,0,0,62045,29810,32235,0.0,0.0,0.0
0500000US22003,25.0,0,1,9976,15650,25627,25627,7859,17768,1.0,1.0,1.0
0500000US22003,100.0,19157,6470,0,0,6470,25627,7859,17768,0.25246810005072773,0.0,0.36413777577667716
0500000US22003,250.0,25627,0,0,0,0,25627,7859,17768,0.0,0.0,0.0
0500000US22003,1000.0,25627,0,0,0,0,25627,7859,17768,0.0,0.0,0.0
0500000US22005,25.0,0,2,1548,125054,126604,126604,107224,19380,1.0,1.0,1.0
0500000US22005,100.0,1597,11353,110395,3259,125007,126604,107224,19380,0.9873858645856372,0.9976591061702604,0.930546955624355
0500000US22005,250.0,1695,12823,110270,1816,124909,126604,107224,19380,0.9866117974155635,0.9967451316869358,0.930546955624355
0500000US22005,1000.0,11903,113419,1282,0,114701,126604,107224,19380,0.9059824334144261,0.9259307617697531,0.7956140350877193
0500000US22007,250.0,259,21151,481,0,21632,21891,12307,9584,0.9881686537846603,1.0,0.9729757929883138
0500000US22007,1000.0,14495,7396,0,0,7396,21891,12307,9584,0.337855739801745,0.27886568619484847,0.4136060100166945
0500000US22009,25.0,0,0,11000,29144,40144,40144,13915,26229,1.0,1.0,1.0
0500000US22009,100.0,40144,0,0,0,0,40144,13915,26229,0.0,0.0,0.0
0500000US22009,250.0,40144,0,0,0,0,40144,13915,26229,0.0,0.0,0.0
0500000US22009,1000.0,40144,0,0,0,0,40144,13915,26229,0.0,0.0,0.0
0500000US22011,25.0,0,0,21355,16142,37497,37497,12160,25337,1.0,1.0,1.0
0500000US22011,100.0,24860,12637,0,0,12637,37497,12160,25337,0.3370136277568872,0.8725328947368421,0.08000157871886963
0500000US22011,250.0,25500,11997,0,0,11997,37497,12160,25337,0.3199455956476518,0.8483552631578948,0.06634566049650709
0500000US22011,1000.0,37497,0,0,0,0,37497,12160,25337,0.0,0.0,0.0
0500000US22013,25.0,0,0,10429,2812,13241,13241,2437,10804,1.0,1.0,1.0
0500000US22013,100.0,11986,1255,0,0,1255,13241,2437,10804,0.09478136092440148,0.4940500615510874,0.00472047389855609
0500000US22013,250.0,12087,1154,0,0,1154,13241,2437,10804,0.08715353825239786,0.45260566270004104,0.00472047389855609
0500000US22013,1000.0,13241,0,0,0,0,13241,2437,10804,0.0,0.0,0.0
0500000US22015,25.0,0,0,16008,111031,127039,127039,92583,34456,1.0,1.0,1.0
0500000US22015,100.0,20887,65277,40875,0,106152,127039,92583,34456,0.8355859224332686,0.952464275298921,0.521534710935686
0500000US22015,250.0,24911,75945,26183,0,102128,127039,92583,34456,0.8039106101275986,0.9142283140533359,0.5074878105409798
0500000US22015,1000.0,95267,31772,0,0,31772,127039,92583,34456,0.2500964270814474,0.2868237149368675,0.15141049454376596
0500000US22017,25.0,0,0,9154,231050,240204,240204,204835,35369,1.0,1.0,1.0
0500000US22017,100.0,9613,158673,67854,4064,230591,240204,204835,35369,0.959979850460442,0.9863499890155492,0.8072605954366818
0500000US22017,250.0,9720,190589,38364,1531,230484,240204,204835,35369,0.9595343957636009,0.9859057290013914,0.8068082218892251
0500000US22017,1000.0,210702,29502,0,0,29502,240204,204835,35369,0.1228206024878853,0.12897209949471525,0.0871950012723006
0500000US22019,25.0,0,1,21196,182238,203435,203435,160616,42819,1.0,1.0,1.0
0500000US22019,100.0,31043,132983,39408,1,172392,203435,160616,42819,0.8474058052940743,0.9264332320565821,0.5509703636236251
0500000US22019,250.0,72407,100700,30328,0,131028,203435,160616,42819,0.6440779610194902,0.7406734073815809,0.28174408556949015
0500000US22019,1000.0,168026,35409,0,0,35409,203435,160616,42819,0.17405559515324304,0.20043457687901578,0.075106845092132
0500000US22027,25.0,0,0,7837,7833,15670,15670,2727,12943,1.0,1.0,1.0
0500000US22027,100.0,9601,6069,0,0,6069,15670,2727,12943,0.38730057434588383,0.9941327466079941,0.25944525998609286
0500000US22027,250.0,15621,49,0,0,49,15670,2727,12943,0.0031269942565411613,0.009900990099009901,0.0016997604882948312
0500000US22027,1000.0,15670,0,0,0,0,15670,2727,12943,0.0,0.0,0.0
0500000US22029,25.0,0,0,4613,14646,19259,19259,12343,6916,1.0,1.0,1.0
0500000US22029,100.0,14818,4425,16,0,4441,19259,12343,6916,0.23059348875850252,0.34181317345864054,0.03209947946790052
0500000US22029,250.0,14818,4441,0,0,4441,19259,12343,6916,0.23059348875850252,0.34181317345864054,0.03209947946790052
0500000US22029,1000.0,19259,0,0,0,0,19259,12343,6916,0.0,0.0,0.0
0500000US22031,25.0,0,0,7578,19885,27463,27463,6141,21322,1.0,1.0,1.0
0500000US22031,100.0,7677,19262,524,0,19786,27463,6141,21322,0.7204602556166478,0.9946262823644357,0.6414970453053185
0500000US22031,250.0,7677,19262,524,0,19786,27463,6141,21322,0.7204602556166478,0.9946262823644357,0.6414970453053185
0500000US22031,1000.0,27320,143,0,0,143,27463,6141,21322,0.005207005789607836,0.0,0.006706687927961729
0500000US22033,25.0,0,0,9,440050,440059,440059,409345,30714,1.0,1.0,1.0
0500000US22033,100.0,9114,130584,232676,67685,430945,440059,409345,30714,0.9792891407743053,0.9811943470666553,0.9538972455557726
0500000US22033,250.0,10107,244642,155250,30060,429952,440059,409345,30714,0.9770326251707158,0.9792033614677106,0.94810184280784
0500000US22033,1000.0,253863,150247,33880,2069,186196,440059,409345,30714,0.4231159912648077,0.43418387912396633,0.27560721495083673
0500000US22035,25.0,0,0,2284,4577,6861,6861,4518,2343,1.0,1.0,1.0
0500000US22035,100.0,2284,4577,0,0,4577,6861,4518,2343,0.6671039207112666,0.882912793271359,0.25096030729833546
0500000US22035,250.0,2284,4577,0,0,4577,6861,4518,2343,0.6671039207112666,0.882912793271359,0.25096030729833546
0500000US22035,1000.0,6861,0,0,0,0,6861,4518,2343,0.0,0.0,0.0
0500000US22039,25.0,0,0,15522,17873,33395,33395,13112,20283,1.0,1.0,1.0
0500000US22039,100.0,32043,1352,0,0,1352,33395,13112,20283,0.04048510256026351,0.029209884075655886,0.0477739979293004
0500000US22039,250.0,32043,1352,0,0,1352,33395,13112,20283,0.04048510256026351,0.029209884075655886,0.0477739979293004
0500000US22039,1000.0,33395,0,0,0,0,33395,13112,20283,0.0,0.0,0.0
0500000US22041,25.0,0,0,13579,6436,20015,20015,5060,14955,1.0,1.0,1.0
0500000US22041,100.0,13649,6366,0,0,6366,20015,5060,14955,0.3180614539095678,0.9369565217391305,0.10865931126713474
0500000US22041,250.0,13649,6366,0,0,6366,20015,5060,14955,0.3180614539095678,0.9369565217391305,0.10865931126713474
0500000US22041,1000.0,20015,0,0,0,0,20015,5060,14955,0.0,0.0,0.0
0500000US22043,25.0,0,0,14698,7691,22389,22389,3203,19186,1.0,1.0,1.0
0500000US22043,100.0,14753,7152,484,0,7636,22389,3203,19186,0.34106034213229713,0.9956290977208867,0.23178359220264777
0500000US22043,250.0,14928,7058,403,0,7461,22389,3203,19186,0.33324400375184243,0.9956290977208867,0.22266235796935266
0500000US22043,1000.0,21938,451,0,0,451,22389,3203,19186,0.020143820626200366,0.0,0.0235067236526634
0500000US22045,25.0,0,0,20,69810,69830,69830,49937,19893,1.0,1.0,1.0
0500000US22045,100.0,6364,50667,11761,1038,63466,69830,49937,19893,0.9088643849348418,0.9564050703886897,0.789523953149349
0500000US22045,250.0,17197,48483,4150,0,52633,69830,49937,19893,0.7537304883287985,0.8851552956725474,0.42381742321419597
0500000US22045,1000.0,65707,4123,0,0,4123,69830,49937,19893,0.05904339109265359,0.08222360173819011,0.0008545719599859247
0500000US22047,25.0,0,0,4881,27630,32511,32511,13537,18974,1.0,1.0,1.0
0500000US22047,100.0,4912,21395,6204,0,27599,32511,13537,18974,0.8489126757097598,0.9837482455492355,0.7527142405396858
0500000US22047,250.0,6059,26209,243,0,26452,32511,13537,18974,0.8136323090646242,0.9081037157420403,0.7462316854643196
0500000US22047,1000.0,32128,373,10,0,383,32511,13537,18974,0.011780628095106271,0.019280490507497968,0.006429851375566565
0500000US22049,25.0,0,0,14349,1395,15744,15744,5400,10344,1.0,1.0,1.0
0500000US22049,100.0,15520,224,0,0,224,15744,5400,10344,0.014227642276422764,0.0,0.02165506573859242
0500000US22049,250.0,15641,103,0,0,103,15744,5400,10344,0.0065421747967479675,0.0,0.009957463263727765
0500000US22049,1000.0,15744,0,0,0,0,15744,5400,10344,0.0,0.0,0.0
0500000US22051,25.0,0,0,6856,425637,432493,432493,427270,5223,1.0,1.0,1.0
0500000US22051,100.0,7888,138330,285120,1155,424605,432493,427270,5223,0.9817615545222698,0.9817866922554824,0.9797051502967643
0500000US22051,250.0,9188,310700,112457,148,423305,432493,427270,5223,0.9787557255261935,0.9798768928312308,0.8870381007084052
0500000US22051,1000.0,315689,116308,348,148,116804,432493,427270,5223,0.27007142312129906,0.26885341821330777,0.369710894122152
0500000US22053,25.0,0,0,7583,23785,31368,31368,15020,16348,1.0,1.0,1.0
0500000US22053,100.0,9485,21883,0,0,21883,31368,15020,16348,0.6976217801581229,0.9792276964047936,0.43889160753609
0500000US22053,250.0,18522,12846,0,0,12846,31368,15020,16348,0.4095256312165264,0.6179760319573901,0.21800831906043552
0500000US22053,1000.0,31368,0,0,0,0,31368,15020,16348,0.0,0.0,0.0
0500000US22055,25.0,0,0,6072,238315,244387,244387,222829,21558,1.0,1.0,1.0
0500000US22055,100.0,6496,64152,103025,70714,237891,244387,222829,21558,0.9734192080593485,0.9784004774961966,0.9219315335374338
0500000US22055,250.0,6526,70910,117820,49131,237861,244387,222829,21558,0.9732964519389329,0.9782658451099273,0.9219315335374338
0500000US22055,1000.0,76045,116557,49717,2068,168342,244387,222829,21558,0.6888336940999317,0.7360980841811434,0.2002968735504221
0500000US22057,25.0,0,0,537,97077,97614,97614,73762,23852,1.0,1.0,1.0
0500000US22057,100.0,599,38238,34306,24471,97015,97614,73762,23852,0.9938635851414757,0.9958650795802717,0.987673989602549
0500000US22057,250.0,13638,67746,15318,912,83976,97614,73762,23852,0.8602864343229455,0.8616225156584691,0.8561546201576388
0500000US22057,1000.0,59317,37784,513,0,38297,97614,73762,23852,0.3923310180916672,0.4196198584637076,0.30794063390910614
0500000US22059,25.0,0,0,8166,6726,14892,14892,3930,10962,1.0,1.0,1.0
0500000US22059,100.0,14787,105,0,0,105,14892,3930,10962,0.007050765511684126,0.026717557251908396,0.0
0500000US22059,250.0,14787,105,0,0,105,14892,3930,10962,0.007050765511684126,0.026717557251908396,0.0
0500000US22059,1000.0,14892,0,0,0,0,14892,3930,10962,0.0,0.0,0.0
0500000US22061,25.0,0,0,12431,34311,46742,46742,26764,19978,1.0,1.0,1.0
0500000US22061,100.0,13907,29455,3380,0,32835,46742,26764,19978,0.7024731504856446,0.890823494246002,0.4501451596756432
0500000US22061,250.0,41058,5278,406,0,5684,46742,26764,19978,0.12160369688930726,0.12445822746973546,0.11777955751326459
0500000US22061,1000.0,43457,3285,0,0,3285,46742,26764,19978,0.07027940610157887,0.08021969810192796,0.0569626589248173
0500000US22063,25.0,0,0,1914,138875,140789,140789,79985,60804,1.0,1.0,1.0
0500000US22063,100.0,2501,41690,79043,17555,138288,140789,79985,60804,0.9822358280831599,0.9862599237357005,0.9769423064272087
0500000US22063,250.0,2658,70378,61001,6752,138131,140789,79985,60804,0.9811206841443578,0.9842970556979433,0.9769423064272087
0500000US22063,1000.0,75924,56952,7913,0,64865,140789,79985,60804,0.4607249145884977,0.5067700193786335,0.4001545950924281
0500000US22065,25.0,0,0,3300,7651,10951,10951,8064,2887,1.0,1.0,1.0
0500000US22065,100.0,3300,7651,0,0,7651,10951,8064,2887,0.6986576568349923,0.9033978174603174,0.1267751991686872
0500000US22065,250.0,3300,7651,0,0,7651,10951,8064,2887,0.6986576568349923,0.9033978174603174,0.1267751991686872
0500000US22065,1000.0,10951,0,0,0,0,10951,8064,2887,0.0,0.0,0.0
0500000US22067,25.0,0,0,3365,21509,24874,24874,13077,11797,1.0,1.0,1.0
0500000US22067,100.0,3884,19160,1830,0,20990,24874,13077,11797,0.843853019216853,0.9128240422115164,0.7673984911418157
0500000US22067,250.0,5110,17942,1822,0,19764,24874,13077,11797,0.7945646056122859,0.839183298921771,0.745104687632449
0500000US22067,1000.0,24874,0,0,0,0,24874,13077,11797,0.0,0.0,0.0
0500000US22069,25.0,0,0,12466,25692,38158,38158,18618,19540,1.0,1.0,1.0
0500000US22069,100.0,12599,11816,11481,2262,25559,38158,18618,19540,0.6698202211855967,0.9610054785691267,0.39237461617195496
0500000US22069,250.0,17404,20754,0,0,20754,38158,18618,19540,0.5438964306305362,0.8394564400042969,0.26228249744114635
0500000US22069,1000.0,38158,0,0,0,0,38158,18618,19540,0.0,0.0,0.0
0500000US22071,25.0,0,2,25503,364639,390144,390144,386515,3629,1.0,1.0,1.0
0500000US22071,100.0,25567,282355,81947,275,364577,390144,386515,3629,0.9344677862532809,0.936990802426814,0.6657481399834665
0500000US22071,250.0,25596,284777,79754,17,364548,390144,386515,3629,0.9343934547244095,0.936915772997167,0.6657481399834665
0500000US22071,1000.0,309528,80587,29,0,80616,390144,386515,3629,0.20663139763779528,0.20811094006700903,0.049049324882887844
0500000US22073,25.0,0,0,4987,148292,153279,153279,115489,37790,1.0,1.0,1.0
0500000US22073,100.0,6489,92836,44864,9090,146790,153279,115489,37790,0.957665433621044,0.9774956922304289,0.8970627150039693
0500000US22073,250.0,6490,92872,44833,9084,146789,153279,115489,37790,0.9576589095701303,0.9774870333971201,0.8970627150039693
0500000US22073,1000.0,121927,31352,0,0,31352,153279,115489,37790,0.2045420442461133,0.20139580392937856,0.21415718444032814
0500000US22075,25.0,0,3,5718,17476,23197,23197,18486,4711,1.0,1.0,1.0
0500000US22075,100.0,6026,9193,7788,190,17171,23197,18486,4711,0.7402250290985903,0.8030942334739803,0.49352579070261093
0500000US22075,250.0,16842,6269,86,0,6355,23197,18486,4711,0.27395783937578133,0.27355836849507736,0.27552536616429635
0500000US22075,1000.0,19321,3876,0,0,3876,23197,18486,4711,0.16709057205673147,0.19674348155360813,0.05073232859265549
0500000US22077,25.0,0,0,3564,18166,21730,21730,9240,12490,1.0,1.0,1.0
0500000US22077,100.0,3569,12806,5166,189,18161,21730,9240,12490,0.835757017947538,0.9935064935064936,0.7190552441953563
0500000US22077,250.0,18710,3020,0,0,3020,21730,9240,12490,0.13897837091578463,0.26341991341991344,0.04691753402722178
0500000US22077,1000.0,18710,3020,0,0,3020,21730,9240,12490,0.13897837091578463,0.26341991341991344,0.04691753402722178
0500000US22079,25.0,0,0,23137,106511,129648,129648,79124,50524,1.0,1.0,1.0
0500000US22079,100.0,31368,77231,20599,450,98280,129648,79124,50524,0.7580525731210662,0.9349754815226733,0.48097933655292535
0500000US22079,250.0,34070,74872,20256,450,95578,129648,79124,50524,0.7372115265950883,0.9119104190890248,0.4636212493072599
0500000US22079,1000.0,108734,20914,0,0,20914,129648,79124,50524,0.16131371097124522,0.23316566402103028,0.048788694481830416
0500000US22083,25.0,0,0,10188,9934,20122,20122,6732,13390,1.0,1.0,1.0
0500000US22083,100.0,10344,9703,75,0,9778,20122,6732,13390,0.4859357916708081,0.988116458704694,0.23345780433159075
0500000US22083,250.0,10344,9778,0,0,9778,20122,6732,13390,0.4859357916708081,0.988116458704694,0.23345780433159075
0500000US22083,1000.0,20122,0,0,0,0,20122,6732,13390,0.0,0.0,0.0
0500000US22085,25.0,0,0,18017,5867,23884,23884,2669,21215,1.0,1.0,1.0
0500000US22085,100.0,23845,39,0,0,39,23884,2669,21215,0.0016328923128454194,0.003746721618583739,0.001366957341503653
0500000US22085,250.0,23845,39,0,0,39,23884,2669,21215,0.0016328923128454194,0.003746721618583739,0.001366957341503653
0500000US22085,1000.0,23884,0,0,0,0,23884,2669,21215,0.0,0.0,0.0
0500000US22087,25.0,0,8,2733,44503,47244,47244,44223,3021,1.0,1.0,1.0
0500000US22087,100.0,3308,21710,22226,0,43936,47244,44223,3021,0.9299805266277199,0.9412749022002126,0.7646474677259185
0500000US22087,250.0,3513,41158,2573,0,43731,47244,44223,3021,0.9256413512827025,0.9377473260520544,0.7484276729559748
0500000US22087,1000.0,44670,2574,0,0,2574,47244,44223,3021,0.054483108966217934,0.05454175429075368,0.05362462760675273
0500000US22089,25.0,0,0,1459,51641,53100,53100,46803,6297,1.0,1.0,1.0
0500000US22089,100.0,1635,18152,31278,2035,51465,53100,46803,6297,0.9692090395480226,0.9840181184966775,0.8591392726695252
0500000US22089,250.0,1662,34173,15319,1946,51438,53100,46803,6297,0.9687005649717514,0.9834412323996325,0.8591392726695252
0500000US22089,1000.0,35918,17182,0,0,17182,53100,46803,6297,0.32357815442561205,0.36230583509604086,0.03573130061934254
0500000US22093,25.0,0,0,109,20987,21096,21096,15272,5824,1.0,1.0,1.0
0500000US22093,100.0,171,11138,5857,3930,20925,21096,15272,5824,0.9918941979522184,0.997773703509691,0.9764766483516484
0500000US22093,250.0,5630,15338,128,0,15466,21096,15272,5824,0.7331247629882442,0.7580539549502358,0.6677541208791209
0500000US22093,1000.0,20694,402,0,0,402,21096,15272,5824,0.019055745164960183,0.01826872708224201,0.021119505494505496
0500000US22095,100.0,42,1913,21480,19402,42795,42837,38559,4278,0.9990195391834162,1.0,0.9901823281907434
0500000US22095,250.0,773,35572,6492,0,42064,42837,38559,4278,0.9819548521138268,0.9890816670556809,0.9177185600748013
0500000US22095,1000.0,36491,6346,0,0,6346,42837,38559,4278,0.14814296052478,0.15272698980782698,0.10682561944834035
0500000US22097,25.0,0,0,4297,77827,82124,82124,42657,39467,1.0,1.0,1.0
0500000US22097,100.0,11746,62581,7730,67,70378,82124,42657,39467,0.8569723832253665,0.9945612677872331,0.7082625991334532
0500000US22097,250.0,11746,62581,7730,67,70378,82124,42657,39467,0.8569723832253665,0.9945612677872331,0.7082625991334532
0500000US22097,1000.0,57603,24454,67,0,24521,82124,42657,39467,0.2985850664848278,0.26293457111376795,0.3371170851597537
0500000US22099,25.0,0,0,358,53073,53431,53431,26837,26594,1.0,1.0,1.0
0500000US22099,100.0,4407,46807,2040,177,49024,53431,26837,26594,0.9175197918811177,0.968401833289861,0.8661728209370535
0500000US22099,250.0,5091,47395,945,0,48340,53431,26837,26594,0.9047182347326458,0.9658680180348027,0.8430097014364142
0500000US22099,1000.0,50110,3196,125,0,3321,53431,26837,26594,0.06215492878665943,0.019972426128106718,0.1047228698202602
0500000US22101,25.0,0,0,825,48523,49348,49348,43461,5887,1.0,1.0,1.0
0500000US22101,100.0,4564,31669,12916,199,44784,49348,43461,5887,0.9075139823295777,0.9579623110374819,0.535077288941736
0500000US22101,250.0,4622,40782,3840,104,44726,49348,43461,5887,0.9063386560752209,0.9566277812291479,0.535077288941736
0500000US22101,1000.0,31956,14439,2849,104,17392,49348,43461,5887,0.35243576234092566,0.39773590115275764,0.01800577543740445
0500000US22103,25.0,0,0,3328,257091,260419,260419,193399,67020,1.0,1.0,1.0
0500000US22103,100.0,5272,110400,138747,6000,255147,260419,193399,67020,0.9797557013889155,0.9976318388409454,0.9281706953148314
0500000US22103,250.0,5796,187810,64023,2790,254623,260419,193399,67020,0.9777435594177076,0.9976111562107354,0.9204118173679499
0500000US22103,1000.0,195254,62854,2311,0,65165,260419,193399,67020,0.250231357927033,0.27258155419624713,0.18573560131304087
0500000US22105,25.0,0,2,15104,119650,134756,134756,77260,57496,1.0,1.0,1.0
0500000US22105,100.0,16007,64372,51579,2798,118749,134756,77260,57496,0.8812149366261984,0.9992234015014237,0.7226415750660915
0500000US22105,250.0,16822,101388,16546,0,117934,134756,77260,57496,0.875166968446674,0.9992234015014237,0.7084666759426743
0500000US22105,1000.0,118188,16568,0,0,16568,134756,77260,57496,0.12294814331087299,0.14172922599016308,0.097711145123139
0500000US22109,25.0,0,0,341,110120,110461,110461,87410,23051,1.0,1.0,1.0
0500000US22109,100.0,495,35478,58009,16479,109966,110461,87410,23051,0.995518780384027,0.9960645235098959,0.9934493080560496
0500000US22109,250.0,500,75477,25125,9359,109961,110461,87410,23051,0.9954735155394212,0.9960187621553598,0.9934059259901956
0500000US22109,1000.0,79041,26245,5175,0,31420,110461,87410,23051,0.28444428350277473,0.32119894748884564,0.14506962821569563
0500000US22111,25.0,0,0,14581,7527,22108,22108,3477,18631,1.0,1.0,1.0
0500000US22111,100.0,15844,6174,90,0,6264,22108,3477,18631,0.28333634883300163,0.8915731952832902,0.16982448607160108
0500000US22111,250.0,15912,6106,90,0,6196,22108,3477,18631,0.2802605391713407,0.8915731952832902,0.16617465514465138
0500000US22111,1000.0,22108,0,0,0,0,22108,3477,18631,0.0,0.0,0.0
0500000US22113,25.0,0,0,2324,57187,59511,59511,26845,32666,1.0,1.0,1.0
0500000US22113,100.0,4491,33069,20269,1682,55020,59511,26845,32666,0.9245349599233755,0.9789905010243993,0.8797832608828752
0500000US22113,250.0,17361,38783,3367,0,42150,59511,26845,32666,0.7082724202248324,0.9735146209722481,0.49029572032082286
0500000US22113,1000.0,56081,3430,0,0,3430,59511,26845,32666,0.05763640335400178,0.07390575526168747,0.04426620951447989
0500000US22115,25.0,0,0,19522,27907,47429,47429,19447,27982,1.0,1.0,1.0
0500000US22115,100.0,24116,23238,75,0,23313,47429,19447,27982,0.4915347150477556,0.7751838329819509,0.29440354513615896
0500000US22115,250.0,44962,2392,75,0,2467,47429,19447,27982,0.05201459022960636,0.06211755026482234,0.04499320992066328
0500000US22115,1000.0,47354,75,0,0,75,47429,19447,27982,0.0015813110122498892,0.0,0.0026802944750196553
0500000US22117,25.0,0,0,25058,21136,46194,46194,15679,30515,1.0,1.0,1.0
0500000US22117,100.0,36126,10049,19,0,10068,46194,15679,30515,0.21795038316664503,0.4414184578098093,0.10312960838931673
0500000US22117,250.0,42154,4040,0,0,4040,46194,15679,30515,0.08745724552972248,0.2359844377830219,0.011142061281337047
0500000US22117,1000.0,42338,3856,0,0,3856,46194,15679,30515,0.08347404424817076,0.2359844377830219,0.005112239882025233
0500000US22119,25.0,0,0,12183,26157,38340,38340,17791,20549,1.0,1.0,1.0
0500000US22119,100.0,18491,19666,183,0,19849,38340,17791,20549,0.5177099634846114,0.8731943117306503,0.20993722322254124
0500000US22119,250.0,26768,11389,183,0,11572,38340,17791,20549,0.3018257694314032,0.5338654375807993,0.10092948561973819
0500000US22119,1000.0,38193,147,0,0,147,38340,17791,20549,0.003834115805946792,0.008262604687763476,0.0
0500000US22121,25.0,0,0,2309,24156,26465,26465,17831,8634,1.0,1.0,1.0
0500000US22121,100.0,2483,13515,10467,0,23982,26465,17831,8634,0.9061779709049689,0.9445347989456564,0.826963168867269
0500000US22121,250.0,2578,19433,4454,0,23887,26465,17831,8634,0.9025883242017759,0.9431888284448432,0.8187398656474404
0500000US22121,1000.0,21422,4796,247,0,5043,26465,17831,8634,0.19055356130738713,0.2584263361561326,0.050382209867963865
0500000US22127,25.0,0,0,8330,5574,13904,13904,4699,9205,1.0,1.0,1.0
0500000US22127,100.0,8479,5425,0,0,5425,13904,4699,9205,0.3901754890678941,0.84251968503937,0.15926127104834328
0500000US22127,250.0,8865,5039,0,0,5039,13904,4699,9205,0.36241369390103567,0.7676101298148542,0.15556762629005974
0500000US22127,1000.0,13904,0,0,0,0,13904,4699,9205,0.0,0.0,0.0
0500000US23001,250.0,310,105359,2608,0,107967,108277,61106,47171,0.997136972764299,1.0,0.9934281656102266
0500000US23001,1000.0,107134,1143,0,0,1143,108277,61106,47171,0.010556258485181526,0.0,0.024230989379067647
0500000US23003,250.0,11875,46824,8356,0,55180,67055,13112,53943,0.8229065692342107,1.0,0.7798602228277998
0500000US23003,1000.0,56021,11034,0,0,11034,67055,13112,53943,0.16455148758481844,0.37911836485661987,0.11239641844168845
0500000US23005,25.0,0,1,755,294246,295002,295002,185429,109573,1.0,1.0,1.0
0500000US23005,100.0,1703,267722,25577,0,293299,295002,185429,109573,0.9942271577819811,0.999115564447848,0.985954569100052
0500000US23005,250.0,1703,285723,7576,0,293299,295002,185429,109573,0.9942271577819811,0.999115564447848,0.985954569100052
0500000US23005,1000.0,295002,0,0,0,0,295002,185429,109573,0.0,0.0,0.0
0500000US23007,25.0,0,0,2833,27365,30198,30198,4949,25249,1.0,1.0,1.0
0500000US23007,100.0,16707,10244,3174,73,13491,30198,4949,25249,0.44675144049274784,0.3433016771064862,0.4670283971642441
0500000US23007,250.0,19053,11145,0,0,11145,30198,4949,25249,0.3690641764355255,0.2796524550414225,0.3865895679036794
0500000US23007,1000.0,30198,0,0,0,0,30198,4949,25249,0.0,0.0,0.0
0500000US23009,250.0,11645,42851,491,0,43342,54987,5387,49600,0.7882226708131013,1.0,0.7652217741935484
0500000US23009,1000.0,54987,0,0,0,0,54987,5387,49600,0.0,0.0,0.0
0500000US23011,250.0,1145,120956,201,0,121157,122302,44700,77602,0.9906379290608494,1.0,0.9852452256385145
0500000US23011,1000.0,122302,0,0,0,0,122302,44700,77602,0.0,0.0,0.0
0500000US23013,250.0,4323,34998,451,0,35449,39772,12740,27032,0.8913054410137785,1.0,0.8400784255696951
0500000US23013,1000.0,39772,0,0,0,0,39772,12740,27032,0.0,0.0,0.0
0500000US23017,250.0,6357,48234,3384,0,51618,57975,9709,48266,0.8903492884864166,1.0,0.8682923797290018
0500000US23017,1000.0,54237,3738,0,0,3738,57975,9709,48266,0.06447606727037516,0.0,0.07744582107487673
0500000US23019,25.0,0,2,7975,144168,152145,152145,63084,89061,1.0,1.0,1.0
0500000US23019,100.0,23816,118454,9875,0,128329,152145,63084,89061,0.843465115514805,0.9175068163084141,0.7910196382254859
0500000US23019,250.0,26408,119442,6295,0,125737,152145,63084,89061,0.8264287357455059,0.9175068163084141,0.7619159901640449
0500000US23019,1000.0,145110,7035,0,0,7035,152145,63084,89061,0.04623878536922015,0.02854923593938241,0.05876870908703024
0500000US23023,25.0,0,1,671,35184,35856,35856,13175,22681,1.0,1.0,1.0
0500000US23023,100.0,2401,30965,2269,221,33455,35856,13175,22681,0.9330377063810799,0.9932447817836813,0.8980644592390106
0500000US23023,250.0,2516,31558,1782,0,33340,35856,13175,22681,0.929830432842481,0.9932447817836813,0.8929941360610202
0500000US23023,1000.0,35856,0,0,0,0,35856,13175,22681,0.0,0.0,0.0
0500000US23025,25.0,0,0,4390,46094,50484,50484,9841,40643,1.0,1.0,1.0
0500000US23025,100.0,22078,20506,7900,0,28406,50484,9841,40643,0.56267332224071,0.5437455543135861,0.5672563541077185
0500000US23025,250.0,24636,25450,398,0,25848,50484,9841,40643,0.5120038031851676,0.5437455543135861,0.5043180867554068
0500000US23025,1000.0,50104,380,0,0,380,50484,9841,40643,0.007527137310831155,0.0,0.009349703515980612
0500000US23027,25.0,0,0,4389,35326,39715,39715,3420,36295,1.0,1.0,1.0
0500000US23027,100.0,14948,19597,5170,0,24767,39715,3420,36295,0.6236182802467581,0.9997076023391813,0.5881801901088304
0500000US23027,250.0,17754,19000,2961,0,21961,39715,3420,36295,0.5529648747324688,0.9997076023391813,0.5108692657390825
0500000US23027,1000.0,34370,5345,0,0,5345,39715,3420,36295,0.13458391036132444,0.0,0.14726546356247416
0500000US23029,250.0,7334,22890,1155,0,24045,31379,2405,28974,0.7662768093310813,1.0,0.7468765099744599
0500000US23029,1000.0,30390,989,0,0,989,31379,2405,28974,0.0315178941330189,0.20041580041580043,0.017498446883412715
0500000US23031,25.0,0,3,2156,205481,207640,207640,80011,127629,1.0,1.0,1.0
0500000US23031,100.0,2259,182630,21394,1357,205381,207640,80011,127629,0.9891205933346177,0.9931259451825374,0.9866096263388415
0500000US23031,250.0,2259,185091,19075,1215,205381,207640,80011,127629,0.9891205933346177,0.9931259451825374,0.9866096263388415
0500000US23031,1000.0,193822,13818,0,0,13818,207640,80011,127629,0.06654787131573878,0.10433565384759595,0.04285859796754656
0500000US24001,25.0,0,0,6623,63793,70416,70416,51358,19058,1.0,1.0,1.0
0500000US24001,100.0,7248,61151,2017,0,63168,70416,51358,19058,0.8970688479890934,0.9505237742902761,0.7530171056774058
0500000US24001,250.0,25654,44762,0,0,44762,70416,51358,19058,0.6356793910474892,0.6895517738229682,0.49050267604155734
0500000US24001,1000.0,70416,0,0,0,0,70416,51358,19058,0.0,0.0,0.0
0500000US24003,25.0,0,9,13937,565288,579234,579234,546652,32582,1.0,1.0,1.0
0500000US24003,100.0,14912,60711,503157,454,564322,579234,546652,32582,0.9742556548821374,0.9738334443119205,0.9813393898471549
0500000US24003,250.0,14913,60748,503197,376,564321,579234,546652,32582,0.974253928464144,0.9738334443119205,0.9813086980541403
0500000US24003,1000.0,579141,93,0,0,93,579234,546652,32582,0.0001605568733879572,0.00017012651558944263,0.0
0500000US24005,25.0,0,1,14142,813227,827370,827370,768828,58542,1.0,1.0,1.0
0500000US24005,100.0,20205,75238,731329,598,807165,827370,768828,58542,0.9755792450777766,0.9789133590347906,0.9317925591882751
0500000US24005,250.0,20213,75230,731920,7,807157,827370,768828,58542,0.9755695758850333,0.9789029535864979,0.9317925591882751
0500000US24005,1000.0,825888,1482,0,0,1482,827370,768828,58542,0.0017912179556909243,0.0019276092962275048,0.0
0500000US24009,25.0,0,1,2043,90481,92525,92525,56146,36379,1.0,1.0,1.0
0500000US24009,100.0,2044,90481,0,0,90481,92525,56146,36379,0.977908673331532,0.9848074662487087,0.9672613320871931
0500000US24009,250.0,2044,90481,0,0,90481,92525,56146,36379,0.977908673331532,0.9848074662487087,0.9672613320871931
0500000US24009,1000.0,92525,0,0,0,0,92525,56146,36379,0.0,0.0,0.0
0500000US24011,25.0,0,0,2229,31176,33405,33405,7798,25607,1.0,1.0,1.0
0500000US24011,100.0,6735,26414,256,0,26670,33405,7798,25607,0.7983834755276156,0.9892280071813285,0.7402663334244542
0500000US24011,250.0,6735,26415,255,0,26670,33405,7798,25607,0.7983834755276156,0.9892280071813285,0.7402663334244542
0500000US24011,1000.0,33405,0,0,0,0,33405,7798,25607,0.0,0.0,0.0
0500000US24013,25.0,0,0,3801,164646,168447,168447,101475,66972,1.0,1.0,1.0
0500000US24013,100.0,7445,145050,15926,26,161002,168447,101475,66972,0.9558021217356201,0.9799063808819907,0.9192796989786777
0500000US24013,250.0,7463,149209,11749,26,160984,168447,101475,66972,0.9556952631985135,0.9797782705099778,0.9192050409126202
0500000US24013,1000.0,158358,10063,26,0,10089,168447,101475,66972,0.05989421004826444,0.09173688100517369,0.011646658304963269
0500000US24015,25.0,0,0,3293,99562,102855,102855,59210,43645,1.0,1.0,1.0
0500000US24015,100.0,4492,92941,5422,0,98363,102855,59210,43645,0.9563268679208594,0.9704779598040871,0.9371291098636728
0500000US24015,250.0,4492,92941,5422,0,98363,102855,59210,43645,0.9563268679208594,0.9704779598040871,0.9371291098636728
0500000US24015,1000.0,102855,0,0,0,0,102855,59210,43645,0.0,0.0,0.0
0500000US24017,25.0,0,4,12879,150373,163256,163256,109030,54226,1.0,1.0,1.0
0500000US24017,100.0,12883,26524,123849,0,150373,163256,109030,54226,0.9210871269662371,0.9770613592589196,0.8085420278095379
0500000US24017,250.0,13013,26394,123849,0,150243,163256,109030,54226,0.9202908315773999,0.9770613592589196,0.8061446538560838
0500000US24017,1000.0,163256,0,0,0,0,163256,109030,54226,0.0,0.0,0.0
0500000US24019,25.0,0,0,3443,28486,31929,31929,13699,18230,1.0,1.0,1.0
0500000US24019,100.0,6269,23918,1742,0,25660,31929,13699,18230,0.8036581164458643,0.9965690926344989,0.6586944596818431
0500000US24019,250.0,6854,25075,0,0,25075,31929,13699,18230,0.7853362147264242,0.9964960946054456,0.6266593527153045
0500000US24019,1000.0,31929,0,0,0,0,31929,13699,18230,0.0,0.0,0.0
0500000US24021,25.0,0,4,5815,253727,259546,259546,186952,72594,1.0,1.0,1.0
0500000US24021,100.0,18816,235592,5138,0,240730,259546,186952,72594,0.9275041803765036,0.9571868714964269,0.8510620712455574
0500000US24021,250.0,21786,232852,4908,0,237760,259546,186952,72594,0.9160611221132284,0.9436218922504173,0.8450836157258176
0500000US24021,1000.0,259546,0,0,0,0,259546,186952,72594,0.0,0.0,0.0
0500000US24023,25.0,0,0,2397,26617,29014,29014,4712,24302,1.0,1.0,1.0
0500000US24023,100.0,7319,16310,4482,903,21695,29014,4712,24302,0.7477424691528228,0.9811120543293718,0.7024936219241215
0500000US24023,250.0,16460,11058,1496,0,12554,29014,4712,24302,0.43268766802233405,0.08043293718166383,0.500987573039256
0500000US24023,1000.0,26943,2071,0,0,2071,29014,4712,24302,0.07137933411456539,0.0,0.08521932351246811
0500000US24025,25.0,0,5,2403,253033,255441,255441,207553,47888,1.0,1.0,1.0
0500000US24025,100.0,5527,44124,196534,9256,249914,255441,207553,47888,0.9783629096347102,0.9907734410006119,0.9245740060140327
0500000US24025,250.0,5527,44124,196534,9256,249914,255441,207553,47888,0.9783629096347102,0.9907734410006119,0.9245740060140327
0500000US24025,1000.0,255441,0,0,0,0,255441,207553,47888,0.0,0.0,0.0
0500000US24027,25.0,0,2,7591,318097,325690,325690,289854,35836,1.0,1.0,1.0
0500000US24027,100.0,12240,11018,302369,63,313450,325690,289854,35836,0.9624182504835886,0.9620050094185348,0.9657606875767385
0500000US24027,250.0,12240,11018,302369,63,313450,325690,289854,35836,0.9624182504835886,0.9620050094185348,0.9657606875767385
0500000US24027,1000.0,325690,0,0,0,0,325690,289854,35836,0.0,0.0,0.0
0500000US24029,25.0,0,0,426,18996,19422,19422,4834,14588,1.0,1.0,1.0
0500000US24029,100.0,4064,10163,5140,55,15358,19422,4834,14588,0.7907527546081763,0.8196110881257758,0.781190019193858
0500000US24029,250.0,4064,10163,5140,55,15358,19422,4834,14588,0.7907527546081763,0.8196110881257758,0.781190019193858
0500000US24029,1000.0,13152,6270,0,0,6270,19422,4834,14588,0.32282978066110596,0.34236657012825816,0.31635590896627364
0500000US24031,25.0,0,2,12765,1037921,1050688,1050688,1021685,29003,1.0,1.0,1.0
0500000US24031,100.0,13820,66212,775680,194976,1036868,1050688,1021685,29003,0.9868467137723091,0.9878680806706568,0.9508671516739647
0500000US24031,250.0,13966,70509,961044,5169,1036722,1050688,1021685,29003,0.9867077572028994,0.987725179482913,0.9508671516739647
0500000US24031,1000.0,1048066,2622,0,0,2622,1050688,1021685,29003,0.002495507705427301,0.0025663487278368576,0.0
0500000US24033,25.0,0,0,27184,882143,909327,909327,886255,23072,1.0,1.0,1.0
0500000US24033,100.0,27184,67011,813303,1829,882143,909327,886255,23072,0.9701053636370635,0.9719561525745976,0.8990117891816921
0500000US24033,250.0,27194,67249,814884,0,882133,909327,886255,23072,0.9700943664930217,0.9719448691403716,0.8990117891816921
0500000US24033,1000.0,909178,149,0,0,149,909327,886255,23072,0.00016385744622121636,0.00016812316996801146,0.0
0500000US24035,25.0,0,0,762,49619,50381,50381,22433,27948,1.0,1.0,1.0
0500000US24035,100.0,6151,43705,525,0,44230,50381,22433,27948,0.8779103233361784,0.979449917532207,0.7964076141405467
0500000US24035,250.0,6173,43841,367,0,44208,50381,22433,27948,0.8774736507810484,0.979449917532207,0.7956204379562044
0500000US24035,1000.0,50381,0,0,0,0,50381,22433,27948,0.0,0.0,0.0
0500000US24037,25.0,0,4,3803,109703,113510,113510,55032,58478,1.0,1.0,1.0
0500000US24037,100.0,3807,102711,6992,0,109703,113510,55032,58478,0.9664611047484803,0.9626762610844599,0.9700229146003625
0500000US24037,250.0,3807,102910,6793,0,109703,113510,55032,58478,0.9664611047484803,0.9626762610844599,0.9700229146003625
0500000US24037,1000.0,113510,0,0,0,0,113510,55032,58478,0.0,0.0,0.0
0500000US24039,25.0,0,0,2287,23329,25616,25616,13475,12141,1.0,1.0,1.0
0500000US24039,100.0,9560,15990,66,0,16056,25616,13475,12141,0.6267957526545909,0.6558070500927644,0.5945968206902232
0500000US24039,250.0,9565,16051,0,0,16051,25616,13475,12141,0.6266005621486571,0.6558070500927644,0.5941849929989292
0500000US24039,1000.0,25616,0,0,0,0,25616,13475,12141,0.0,0.0,0.0
0500000US24041,25.0,0,0,4769,32411,37180,37180,16519,20661,1.0,1.0,1.0
0500000US24041,100.0,5144,31274,762,0,32036,37180,16519,20661,0.8616460462614309,0.9831708941219202,0.7644838100769565
0500000US24041,250.0,22767,14384,29,0,14413,37180,16519,20661,0.38765465303926844,0.027241358435740663,0.675814336188955
0500000US24041,1000.0,36475,705,0,0,705,37180,16519,20661,0.018961807423345883,0.0,0.0341222593291709
0500000US24043,25.0,0,0,5013,146035,151048,151048,105631,45417,1.0,1.0,1.0
0500000US24043,100.0,8581,136205,6262,0,142467,151048,105631,45417,0.9431902441607966,0.9411347047741667,0.9479710240658784
0500000US24043,250.0,121388,29337,323,0,29660,151048,105631,45417,0.19636142153487632,0.22267137488048017,0.1351696501310082
0500000US24043,1000.0,132098,18950,0,0,18950,151048,105631,45417,0.1254568084317568,0.1709157349641677,0.01972829557214259
0500000US24045,25.0,0,1,1836,101772,103609,103609,75716,27893,1.0,1.0,1.0
0500000US24045,100.0,8582,94685,342,0,95027,103609,75716,27893,0.917169357874316,0.9492709599027946,0.8300290395439716
0500000US24045,250.0,8671,94596,342,0,94938,103609,75716,27893,0.9163103591386849,0.9492709599027946,0.8268382748359804
0500000US24045,1000.0,103609,0,0,0,0,103609,75716,27893,0.0,0.0,0.0
0500000US24047,25.0,0,1,4839,47436,52276,52276,33428,18848,1.0,1.0,1.0
0500000US24047,100.0,6587,44291,1398,0,45689,52276,33428,18848,0.8739957150508838,0.9818714849826493,0.6826719015280136
0500000US24047,250.0,6799,44181,1296,0,45477,52276,33428,18848,0.8699403167801668,0.9818714849826493,0.6714240237691002
0500000US24047,1000.0,52276,0,0,0,0,52276,33428,18848,0.0,0.0,0.0
0500000US25001,25.0,0,0,2904,210086,212990,212990,197022,15968,1.0,1.0,1.0
0500000US25001,100.0,2904,209879,207,0,210086,212990,197022,15968,0.986365557068407,0.9863264000974511,0.9868486973947895
0500000US25001,250.0,2904,209879,207,0,210086,212990,197022,15968,0.986365557068407,0.9863264000974511,0.9868486973947895
0500000US25001,1000.0,212883,107,0,0,107,212990,197022,15968,0.0005023710033334899,8.628478037985606e-05,0.005636272545090181
0500000US25003,25.0,0,0,7516,117428,124944,124944,85072,39872,1.0,1.0,1.0
0500000US25003,100.0,8532,114858,1491,63,116412,124944,85072,39872,0.9317134076066078,0.9991419033289449,0.7878461075441413
0500000US25003,250.0,8532,114858,1491,63,116412,124944,85072,39872,0.9317134076066078,0.9991419033289449,0.7878461075441413
0500000US25003,1000.0,120871,4041,32,0,4073,124944,85072,39872,0.032598604174670254,0.0010226631559149897,0.0999699036918138
0500000US25005,25.0,0,6,9070,556141,565217,565217,508943,56274,1.0,1.0,1.0
0500000US25005,100.0,9075,390756,165386,0,556142,565217,508943,56274,0.9839442196536905,0.9827898212569973,0.9943846181184917
0500000US25005,250.0,9075,390756,165386,0,556142,565217,508943,56274,0.9839442196536905,0.9827898212569973,0.9943846181184917
0500000US25005,1000.0,565217,0,0,0,0,565217,508943,56274,0.0,0.0,0.0
0500000US25007,25.0,0,0,1257,16075,17332,17332,10247,7085,1.0,1.0,1.0
0500000US25007,100.0,1257,16075,0,0,16075,17332,10247,7085,0.9274751903992615,0.9116814677466576,0.950317572335921
0500000US25007,250.0,1257,16075,0,0,16075,17332,10247,7085,0.9274751903992615,0.9116814677466576,0.950317572335921
0500000US25007,1000.0,17332,0,0,0,0,17332,10247,7085,0.0,0.0,0.0
0500000US25009,25.0,0,8,8862,780164,789034,789034,753951,35083,1.0,1.0,1.0
0500000US25009,100.0,8867,336395,443772,0,780167,789034,753951,35083,0.9887622079656897,0.9887393212556254,0.9892540546703532
0500000US25009,250.0,8867,340982,439185,0,780167,789034,753951,35083,0.9887622079656897,0.9887393212556254,0.9892540546703532
0500000US25009,1000.0,788800,234,0,0,234,789034,753951,35083,0.0002965651670270229,0.0003103649971947779,0.0
0500000US25011,25.0,0,1,12379,57800,70180,70180,31461,38719,1.0,1.0,1.0
0500000US25011,100.0,13011,56203,966,0,57169,70180,31461,38719,0.8146053006554574,0.9870951336575443,0.6744492368088019
0500000US25011,250.0,13011,57167,2,0,57169,70180,31461,38719,0.8146053006554574,0.9870951336575443,0.6744492368088019
0500000US25011,1000.0,69336,844,0,0,844,70180,31461,38719,0.012026218295810772,0.0,0.021798083628192876
0500000US25013,25.0,0,0,8669,457703,466372,466372,425465,40907,1.0,1.0,1.0
0500000US25013,100.0,8669,417523,40138,42,457703,466372,425465,40907,0.9814118343296767,0.9870353613105661,0.9229227271616105
0500000US25013,250.0,8669,417523,40138,42,457703,466372,425465,40907,0.9814118343296767,0.9870353613105661,0.9229227271616105
0500000US25013,1000.0,433473,32899,0,0,32899,466372,425465,40907,0.07054239962948033,0.07281445007227387,0.046911286576869486
0500000US25015,25.0,0,1,20434,140395,160830,160830,115828,45002,1.0,1.0,1.0
0500000US25015,100.0,20435,137483,2912,0,140395,160830,115828,45002,0.8729403718211777,0.8749179818351348,0.867850317763655
0500000US25015,250.0,20435,137483,2912,0,140395,160830,115828,45002,0.8729403718211777,0.8749179818351348,0.867850317763655
0500000US25015,1000.0,160414,416,0,0,416,160830,115828,45002,0.002586582105328608,0.0011223538349967193,0.006355273098973379
0500000US25017,25.0,0,4,21479,1590216,1611699,1611699,1560454,51245,1.0,1.0,1.0
0500000US25017,100.0,24303,209614,733888,643894,1587396,1611699,1560454,51245,0.9849208816286416,0.9846160155954613,0.994204312615865
0500000US25017,250.0,32644,443694,1129887,5474,1579055,1611699,1560454,51245,0.9797455976581235,0.9792707763253514,0.994204312615865
0500000US25017,1000.0,1611313,386,0,0,386,1611699,1560454,51245,0.00023949881460496035,0.0002473639081959481,0.0
0500000US25019,25.0,0,0,139,11260,11399,11399,8885,2514,1.0,1.0,1.0
0500000US25019,100.0,139,11260,0,0,11260,11399,8885,2514,0.9878059478901658,0.9944850872256612,0.964200477326969
0500000US25019,250.0,139,11260,0,0,11260,11399,8885,2514,0.9878059478901658,0.9944850872256612,0.964200477326969
0500000US25019,1000.0,11399,0,0,0,0,11399,8885,2514,0.0,0.0,0.0
0500000US25021,25.0,0,10,15303,691458,706771,706771,697777,8994,1.0,1.0,1.0
0500000US25021,100.0,16059,170907,378645,141160,690712,706771,697777,8994,0.9772783546580152,0.9771459936340693,0.9875472537247053
0500000US25021,250.0,16391,269812,383959,36609,690380,706771,697777,8994,0.9768086126906735,0.9766701969253787,0.9875472537247053
0500000US25021,1000.0,706771,0,0,0,0,706771,697777,8994,0.0,0.0,0.0
0500000US25023,25.0,0,8,11254,509938,521200,521200,465479,55721,1.0,1.0,1.0
0500000US25023,100.0,11260,217348,292592,0,509940,521200,465479,55721,0.9783960092095165,0.9790968013594599,0.972541770607132
0500000US25023,250.0,11260,217348,292592,0,509940,521200,465479,55721,0.9783960092095165,0.9790968013594599,0.972541770607132
0500000US25023,1000.0,520545,655,0,0,655,521200,465479,55721,0.0012567152724481964,0.0014071526320199193,0.0
0500000US25025,25.0,0,5,12660,791242,803907,803907,803265,642,1.0,1.0,1.0
0500000US25025,100.0,29441,46493,299271,428702,774466,803907,803265,642,0.9633776046234204,0.9641475727188412,0.0
0500000US25025,250.0,34559,254404,503846,11098,769348,803907,803265,642,0.9570111965687573,0.9577760763882405,0.0
0500000US25025,1000.0,803190,717,0,0,717,803907,803265,642,0.0008918942116438842,0.0008926070474874418,0.0
0500000US25027,25.0,0,2,8814,821806,830622,830622,674507,156115,1.0,1.0,1.0
0500000US25027,100.0,40329,552808,232773,4712,790293,830622,674507,156115,0.9514472287033091,0.9474771944546165,0.9686000704608781
0500000US25027,250.0,40329,552808,232773,4712,790293,830622,674507,156115,0.9514472287033091,0.9474771944546165,0.9686000704608781
0500000US25027,1000.0,830622,0,0,0,0,830622,674507,156115,0.0,0.0,0.0
0500000US26001,250.0,4445,5031,928,0,5959,10404,99,10305,0.5727604767397155,1.0,0.5686559922367783
0500000US26001,1000.0,8792,1612,0,0,1612,10404,99,10305,0.15494040753556323,0.0,0.1564289180009704
0500000US26003,25.0,0,0,2198,6910,9108,9108,2834,6274,1.0,1.0,1.0
0500000US26003,100.0,3110,2332,3666,0,5998,9108,2834,6274,0.6585419411506368,0.9978828510938603,0.5052598023589416
0500000US26003,250.0,3478,5556,74,0,5630,9108,2834,6274,0.6181379007465964,0.9978828510938603,0.44660503665922857
0500000US26003,1000.0,8971,137,0,0,137,9108,2834,6274,0.015041721563460694,0.0,0.021836149187121453
0500000US26005,25.0,0,0,11469,106604,118073,118073,41241,76832,1.0,1.0,1.0
0500000US26005,100.0,32640,69165,12679,3589,85433,118073,41241,76832,0.7235608479499971,0.9881428675347349,0.5815415451895044
0500000US26005,250.0,41437,65423,10612,601,76636,118073,41241,76832,0.6490560924174028,0.9206129822264252,0.5032928987921699
0500000US26005,1000.0,105079,12919,75,0,12994,118073,41241,76832,0.11005056194049444,0.07645304430057467,0.12808465222823823
0500000US26007,250.0,3507,10663,14235,0,24898,28405,13784,14621,0.8765358211582468,1.0,0.760139525340264
0500000US26007,1000.0,13874,14531,0,0,14531,28405,13784,14621,0.5115648653406091,0.7781485780615206,0.2602421175022228
0500000US26015,25.0,0,0,11909,49637,61546,61546,13931,47615,1.0,1.0,1.0
0500000US26015,100.0,29392,26870,5087,197,32154,61546,13931,47615,0.5224385012835927,0.9856435288206159,0.38691588785046727
0500000US26015,250.0,30587,30321,638,0,30959,61546,13931,47615,0.5030221297891009,0.9580073218003015,0.3699044418775596
0500000US26015,1000.0,60646,900,0,0,900,61546,13931,47615,0.014623208656939526,7.178235589692053e-05,0.01888060485141237
0500000US26017,25.0,0,0,5503,97623,103126,103126,70735,32391,1.0,1.0,1.0
0500000US26017,100.0,8214,54993,35253,4666,94912,103126,70735,32391,0.9203498632740531,0.9996041563582385,0.7472754777561669
0500000US26017,250.0,8269,80429,14428,0,94857,103126,70735,32391,0.9198165351123868,0.9996041563582385,0.7455774752245994
0500000US26017,1000.0,86895,16231,0,0,16231,103126,70735,32391,0.15738998894556175,0.12375768714215028,0.23083572597326418
0500000US26021,25.0,0,0,7954,145447,153401,153401,102038,51363,1.0,1.0,1.0
0500000US26021,100.0,14636,78190,52048,8527,138765,153401,102038,51363,0.904589930965248,0.9770477665183559,0.760644822148239
0500000US26021,250.0,14643,92193,40717,5848,138758,153401,102038,51363,0.9045442989289509,0.9770477665183559,0.7605085372739131
0500000US26021,1000.0,104380,43064,5422,535,49021,153401,102038,51363,0.3195611501880692,0.4056429957466826,0.1485505130152055
0500000US26023,25.0,0,0,204,43313,43517,43517,15065,28452,1.0,1.0,1.0
0500000US26023,100.0,12706,19118,11665,28,30811,43517,15065,28452,0.7080221522623342,0.9990043146365748,0.5539505131449459
0500000US26023,250.0,12721,19103,11665,28,30796,43517,15065,28452,0.7076774593836891,0.9990043146365748,0.5534233094334318
0500000US26023,1000.0,31650,11867,0,0,11867,43517,15065,28452,0.27269802605878163,0.45609027547295056,0.1755939828483059
0500000US26025,25.0,0,0,6336,127823,134159,134159,91716,42443,1.0,1.0,1.0
0500000US26025,100.0,15234,29959,54081,34885,118925,134159,91716,42443,0.8864481697090766,0.9976776135025514,0.6460900501849539
0500000US26025,250.0,35348,84208,14603,0,98811,134159,91716,42443,0.7365215900535931,0.9088926686728597,0.36404118464764507
0500000US26025,1000.0,55995,73775,4389,0,78164,134159,91716,42443,0.5826221125679232,0.8085939203628593,0.09431472798812525
0500000US26027,25.0,0,1,1238,50545,51784,51784,14561,37223,1.0,1.0,1.0
0500000US26027,100.0,1757,21506,24804,3717,50027,51784,14561,37223,0.9660706009578248,0.9660050820685393,0.9660962308250275
0500000US26027,250.0,1911,22059,24449,3365,49873,51784,14561,37223,0.9630967094083115,0.9660050820685393,0.9619590038417107
0500000US26027,1000.0,10006,37092,4686,0,41778,51784,14561,37223,0.8067742932179824,0.6128013185907561,0.882653198291379
0500000US26029,250.0,5240,5226,11041,4636,20903,26143,7548,18595,0.7995639368090884,1.0,0.7182038182307072
0500000US26029,1000.0,10469,14399,1275,0,15674,26143,7548,18595,0.5995486363462494,0.8950715421303657,0.47959128798063994
0500000US26031,1000.0,10549,9930,4797,0,14727,25276,4243,21033,0.5826475708181674,1.0,0.4984548091094946
0500000US26033,25.0,0,0,8772,28577,37349,37349,18639,18710,1.0,1.0,1.0
0500000US26033,100.0,10257,27092,0,0,27092,37349,18639,18710,0.7253741733379743,0.9998926981061216,0.45189738107963656
0500000US26033,250.0,10257,27092,0,0,27092,37349,18639,18710,0.7253741733379743,0.9998926981061216,0.45189738107963656
0500000US26033,1000.0,37349,0,0,0,0,37349,18639,18710,0.0,0.0,0.0
0500000US26035,250.0,7454,20303,2412,780,23495,30949,8676,22273,0.7591521535429254,1.0,0.6653347101872222
0500000US26035,1000.0,27264,2905,780,0,3685,30949,8676,22273,0.11906685191767101,0.26383125864453666,0.0626767835495892
0500000US26037,25.0,0,0,990,78600,79590,79590,36898,42692,1.0,1.0,1.0
0500000US26037,100.0,5273,31735,26813,15769,74317,79590,36898,42692,0.9337479582862168,0.9766111984389397,0.8967019582123115
0500000US26037,250.0,18206,29562,25931,5891,61384,79590,36898,42692,0.7712526699334087,0.9696731530164237,0.5997610793591305
0500000US26037,1000.0,47176,28693,3721,0,32414,79590,36898,42692,0.40726221887171754,0.6453737329936582,0.20146631687435584
0500000US26039,250.0,4427,4780,4792,29,9601,14028,3657,10371,0.684416880524665,1.0,0.5731366309902614
0500000US26039,1000.0,7972,6056,0,0,6056,14028,3657,10371,0.4317080125463359,0.7150669948044845,0.3317905698582586
0500000US26041,250.0,6092,29609,83,0,29692,35784,20066,15718,0.8297563156718086,1.0,0.6124188828095177
0500000US26041,1000.0,35714,70,0,0,70,35784,20066,15718,0.0019561815336463224,0.0,0.004453492810790177
0500000US26043,25.0,0,0,6756,18483,25239,25239,17162,8077,1.0,1.0,1.0
0500000US26043,100.0,6918,18321,0,0,18321,25239,17162,8077,0.7259003922500892,0.8353338771704929,0.4933762535594899
0500000US26043,250.0,6918,18321,0,0,18321,25239,17162,8077,0.7259003922500892,0.8353338771704929,0.4933762535594899
0500000US26043,1000.0,25239,0,0,0,0,25239,17162,8077,0.0,0.0,0.0
0500000US26045,25.0,0,1,5517,104739,110257,110257,68054,42203,1.0,1.0,1.0
0500000US26045,100.0,11022,46631,33902,18702,99235,110257,68054,42203,0.9000335579600388,0.9854674229288506,0.7622680852072128
0500000US26045,250.0,11191,53744,42524,2798,99066,110257,68054,42203,0.8985007754609685,0.9854674229288506,0.7582636305475914
0500000US26045,1000.0,60467,47576,2214,0,49790,110257,68054,42203,0.4515813054953427,0.5519587386487201,0.28971874037390705
0500000US26047,25.0,0,0,257,33158,33415,33415,8235,25180,1.0,1.0,1.0
0500000US26047,100.0,2628,13679,15179,1929,30787,33415,8235,25180,0.9213526859194973,0.9998785670916819,0.895671167593328
0500000US26047,250.0,2628,13755,15103,1929,30787,33415,8235,25180,0.9213526859194973,0.9998785670916819,0.895671167593328
0500000US26047,1000.0,10088,21195,2132,0,23327,33415,8235,25180,0.6980996558431842,0.649544626593807,0.713979348689436
0500000US26049,25.0,0,0,4353,401460,405813,405813,334885,70928,1.0,1.0,1.0
0500000US26049,100.0,6380,255972,137557,5904,399433,405813,334885,70928,0.9842784730898222,0.9909998954865102,0.9525434243176178
0500000US26049,250.0,7174,374932,23707,0,398639,405813,334885,70928,0.982321906888148,0.9893127491526942,0.9493147981051206
0500000US26049,1000.0,402163,3650,0,0,3650,405813,334885,70928,0.008994290473691085,0.010057183809367395,0.0039758628468305884
0500000US26051,250.0,5847,14391,5200,9,19600,25447,2666,22781,0.7702283176798836,1.0,0.7433387472016154
0500000US26051,1000.0,18950,6497,0,0,6497,25447,2666,22781,0.2553149683656227,0.7396849212303076,0.19863043764540625
0500000US26053,250.0,3031,10944,0,0,10944,13975,4901,9074,0.7831127012522361,1.0,0.6659687017853207
0500000US26053,1000.0,13975,0,0,0,0,13975,4901,9074,0.0,0.0,0.0
0500000US26055,25.0,0,0,1696,90873,92569,92569,46686,45883,1.0,1.0,1.0
0500000US26055,100.0,5414,64252,21106,1797,87155,92569,46686,45883,0.9415138977411445,0.9996358651415842,0.8823747357409062
0500000US26055,250.0,5414,65359,21440,356,87155,92569,46686,45883,0.9415138977411445,0.9996358651415842,0.8823747357409062
0500000US26055,1000.0,71642,20863,64,0,20927,92569,46686,45883,0.22606920243277986,0.287730797241143,0.16332846588060937
0500000US26057,250.0,13543,16837,10326,0,27163,40706,15217,25489,0.6672972043433401,1.0,0.46867276079877596
0500000US26057,1000.0,29959,10747,0,0,10747,40706,15217,25489,0.26401513290424017,0.4893868699480844,0.12946761348032484
0500000US26059,25.0,0,0,758,44847,45605,45605,13474,32131,1.0,1.0,1.0
0500000US26059,100.0,16855,17250,11292,208,28750,45605,13474,32131,0.6304133318715053,0.985527682944931,0.48149761912172045
0500000US26059,250.0,25129,20268,208,0,20476,45605,13474,32131,0.4489858568139458,0.8614368413240314,0.2760262674675547
0500000US26059,1000.0,32867,12711,27,0,12738,45605,13474,32131,0.2793114790044951,0.6788629953985453,0.11176122747502412
0500000US26061,25.0,0,0,5659,30025,35684,35684,21952,13732,1.0,1.0,1.0
0500000US26061,100.0,5723,27025,2936,0,29961,35684,21952,13732,0.8396199977580988,0.9918002915451894,0.5963443052723565
0500000US26061,250.0,6177,29488,19,0,29507,35684,21952,13732,0.8268972088330905,0.9918002915451894,0.5632828429944655
0500000US26061,1000.0,35684,0,0,0,0,35684,21952,13732,0.0,0.0,0.0
0500000US26063,25.0,0,0,10031,20950,30981,30981,2729,28252,1.0,1.0,1.0
0500000US26063,100.0,10155,13748,6546,532,20826,30981,2729,28252,0.6722184564733223,0.9824111396115793,0.6422554155458021
0500000US26063,250.0,10155,13749,6545,532,20826,30981,2729,28252,0.6722184564733223,0.9824111396115793,0.6422554155458021
0500000US26063,1000.0,21129,9317,535,0,9852,30981,2729,28252,0.31800135566960397,0.3360205203371198,0.31626079569587995
0500000US26065,25.0,0,0,5098,287308,292406,292406,252584,39822,1.0,1.0,1.0
0500000US26065,100.0,15431,85918,102182,88875,276975,292406,252584,39822,0.9472274850721257,0.9838746713964464,0.714780774446286
0500000US26065,250.0,19449,125876,103158,43923,272957,292406,252584,39822,0.93348631697024,0.9697645139834669,0.7033800411832656
0500000US26065,1000.0,129967,118852,43241,346,162439,292406,252584,39822,0.5555255364117015,0.6169789060273018,0.1657375320174778
0500000US26067,25.0,0,1,10,64674,64685,64685,25393,39292,1.0,1.0,1.0
0500000US26067,100.0,3704,26260,31913,2808,60981,64685,25393,39292,0.9427378835897039,0.9976371440948293,0.9072584750076351
0500000US26067,250.0,13166,46688,3831,1000,51519,64685,25393,39292,0.7964597665610265,0.9973220966408065,0.6666496996844141
0500000US26067,1000.0,55635,7921,893,236,9050,64685,25393,39292,0.13990878874545876,0.059622730673807744,0.19179476738267331
0500000US26069,250.0,3373,11214,10494,0,21708,25081,10140,14941,0.8655157290379172,1.0,0.7742453651027374
0500000US26069,1000.0,14395,10686,0,0,10686,25081,10140,14941,0.4260595670029106,0.5904339250493097,0.3145037146108025
0500000US26071,25.0,0,0,5314,5752,11066,11066,3195,7871,1.0,1.0,1.0
0500000US26071,100.0,9273,1179,614,0,1793,11066,3195,7871,0.16202783300198806,0.0,0.22779824672849702
0500000US26071,250.0,11066,0,0,0,0,11066,3195,7871,0.0,0.0,0.0
0500000US26071,1000.0,11066,0,0,0,0,11066,3195,7871,0.0,0.0,0.0
0500000US26073,25.0,0,0,75,69797,69872,69872,35993,33879,1.0,1.0,1.0
0500000US26073,100.0,8562,18620,18299,24391,61310,69872,35993,33879,0.8774616441493016,0.9998055177395605,0.7474836919625727
0500000US26073,250.0,15202,29442,17429,7799,54670,69872,35993,33879,0.7824307304785895,0.9930819881643653,0.5586351427137755
0500000US26073,1000.0,46461,17911,5500,0,23411,69872,35993,33879,0.3350555301122052,0.5309921373600422,0.12689276542991235
0500000US26075,25.0,0,0,12287,146223,158510,158510,91454,67056,1.0,1.0,1.0
0500000US26075,100.0,27849,84151,40440,6070,130661,158510,91454,67056,0.8243076146615356,0.9309379578804645,0.6788803388212837
0500000US26075,250.0,28568,107960,21862,120,129942,158510,91454,67056,0.8197716232414358,0.9307630065388064,0.6683965640658555
0500000US26075,1000.0,136674,21836,0,0,21836,158510,91454,67056,0.13775787016592014,0.2247687361952457,0.0190885230255309
0500000US26077,25.0,0,0,4630,260433,265063,265063,217207,47856,1.0,1.0,1.0
0500000US26077,100.0,5381,49047,91961,118674,259682,265063,217207,47856,0.9796991658586827,0.9966345467687505,0.9028335005015045
0500000US26077,250.0,9078,75188,156933,23864,255985,265063,217207,47856,0.965751538313533,0.9831266948118615,0.8868898361751922
0500000US26077,1000.0,70310,170677,20908,3168,194753,265063,217207,47856,0.7347423065459909,0.8250010358782176,0.3250794048813106
0500000US26079,250.0,7185,5214,5636,0,10850,18035,2653,15382,0.6016079844746327,1.0,0.5328955922506826
0500000US26079,1000.0,10689,7173,173,0,7346,18035,2653,15382,0.40731910174660385,0.8469656992084432,0.3314913535301001
0500000US26081,25.0,0,1,103,656843,656947,656947,547726,109221,1.0,1.0,1.0
0500000US26081,100.0,13853,167830,261290,213974,643094,656947,547726,109221,0.9789130630020382,0.9915870343931089,0.9153551057031157
0500000US26081,250.0,19684,301362,240911,94990,637263,656947,547726,109221,0.9700371567264939,0.9891423814096829,0.8742274837256572
0500000US26081,1000.0,350541,243152,60854,2400,306406,656947,547726,109221,0.4664090101636814,0.5463863318520574,0.0653354208439769
0500000US26087,25.0,0,0,14734,72873,87607,87607,19671,67936,1.0,1.0,1.0
0500000US26087,100.0,19728,55843,11239,797,67879,87607,19671,67936,0.7748125149816796,0.9997458187179096,0.7096826424870466
0500000US26087,250.0,19930,59740,7937,0,67677,87607,19671,67936,0.7725067631581951,0.9997458187179096,0.7067092557701365
0500000US26087,1000.0,79662,7945,0,0,7945,87607,19671,67936,0.09068910018605819,0.3779167302119872,0.007521785209609044
0500000US26089,25.0,0,0,785,20976,21761,21761,1871,19890,1.0,1.0,1.0
0500000US26089,100.0,2715,19046,0,0,19046,21761,1871,19890,0.8752355130738477,0.9914484233030465,0.8643036701860232
0500000US26089,250.0,2715,19046,0,0,19046,21761,1871,19890,0.8752355130738477,0.9914484233030465,0.8643036701860232
0500000US26089,1000.0,21615,146,0,0,146,21761,1871,19890,0.006709250494003033,0.0,0.007340372046254399
0500000US26091,25.0,0,0,5811,92637,98448,98448,46709,51739,1.0,1.0,1.0
0500000US26091,100.0,16713,36463,36926,8346,81735,98448,46709,51739,0.8302352510970259,0.983300862788756,0.6920504841608844
0500000US26091,250.0,46880,42550,9018,0,51568,98448,46709,51739,0.5238095238095238,0.7122182020595602,0.3537176984479793
0500000US26091,1000.0,79613,18689,146,0,18835,98448,46709,51739,0.19131927515033317,0.2670363313280096,0.12296333520168538
0500000US26093,25.0,0,0,1622,190371,191993,191993,120311,71682,1.0,1.0,1.0
0500000US26093,100.0,15498,92224,66700,17571,176495,191993,120311,71682,0.9192783070216102,0.9918045731479249,0.7975502915655255
0500000US26093,250.0,36361,128794,24999,1839,155632,191993,120311,71682,0.8106128869281692,0.9145049081131401,0.6362406182863202
0500000US26093,1000.0,171246,19547,1200,0,20747,191993,120311,71682,0.10806123139906143,0.15211410427974167,0.03412293183783935
0500000US26095,25.0,0,0,5984,245,6229,6229,3044,3185,1.0,1.0,1.0
0500000US26095,100.0,5984,245,0,0,245,6229,3044,3185,0.039332156044308876,0.03876478318002628,0.039874411302982735
0500000US26095,250.0,5984,245,0,0,245,6229,3044,3185,0.039332156044308876,0.03876478318002628,0.039874411302982735
0500000US26095,1000.0,6229,0,0,0,0,6229,3044,3185,0.0,0.0,0.0
0500000US26097,250.0,6914,3885,0,0,3885,10799,2370,8429,0.3597555329197148,1.0,0.17973662356151382
0500000US26097,1000.0,10716,83,0,0,83,10799,2370,8429,0.007685896842300213,0.0,0.009846956934393166
0500000US26099,25.0,0,0,12527,861445,873972,873972,848522,25450,1.0,1.0,1.0
0500000US26099,100.0,16949,123208,276710,457105,857023,873972,848522,25450,0.9806069301991368,0.987501797242735,0.7507269155206286
0500000US26099,250.0,19041,221851,415209,217871,854931,873972,848522,25450,0.9782132608367317,0.9852767518107957,0.7427111984282908
0500000US26099,1000.0,630283,243689,0,0,243689,873972,848522,25450,0.2788292988791403,0.286666698093862,0.017524557956777997
0500000US26101,25.0,0,0,5849,18709,24558,24558,9383,15175,1.0,1.0,1.0
0500000US26101,100.0,8239,7649,8670,0,16319,24558,9383,15175,0.6645085104650216,0.9996802728338484,0.4572652388797364
0500000US26101,250.0,8239,7649,8670,0,16319,24558,9383,15175,0.6645085104650216,0.9996802728338484,0.4572652388797364
0500000US26101,1000.0,15075,9483,0,0,9483,24558,9383,15175,0.38614708038113854,0.7207716082276457,0.17924217462932454
0500000US26103,25.0,0,0,7149,59550,66699,66699,38090,28609,1.0,1.0,1.0
0500000US26103,100.0,7632,58347,720,0,59067,66699,38090,28609,0.885575495884496,0.9992123917038592,0.7342794225593344
0500000US26103,250.0,7729,58922,48,0,58970,66699,38090,28609,0.8841212012174096,0.9992123917038592,0.7308888811213254
0500000US26103,1000.0,66408,291,0,0,291,66699,38090,28609,0.004362884001259389,0.0,0.010171624314027055
0500000US26105,250.0,6815,13435,8837,57,22329,29144,10797,18347,0.7661611309360418,1.0,0.6285496266419578
0500000US26105,1000.0,18357,10787,0,0,10787,29144,10797,18347,0.3701276420532528,0.6060016671297582,0.2313184716847441
0500000US26107,100.0,544,15186,16009,11714,42909,43453,14017,29436,0.9874807263019815,1.0,0.9815192281559995
0500000US26107,250.0,10276,14936,7346,10895,33177,43453,14017,29436,0.7635146019837525,0.9986445031033745,0.6515491235222177
0500000US26107,1000.0,30933,12520,0,0,12520,43453,14017,29436,0.28812740202057396,0.6667617892559036,0.10782715042804729
0500000US26109,250.0,10275,12505,0,0,12505,22780,8191,14589,0.5489464442493416,1.0,0.29570224141476453
0500000US26109,1000.0,22780,0,0,0,0,22780,8191,14589,0.0,0.0,0.0
0500000US26111,25.0,0,0,1848,81308,83156,83156,47316,35840,1.0,1.0,1.0
0500000US26111,100.0,10253,28467,31631,12805,72903,83156,47316,35840,0.8767016210495935,0.9990489475019021,0.7151785714285714
0500000US26111,250.0,12347,48609,21428,772,70809,83156,47316,35840,0.8515200346337005,0.9933849015132302,0.6642299107142857
0500000US26111,1000.0,61143,21918,95,0,22013,83156,47316,35840,0.2647193227187455,0.4572660410854679,0.010518973214285715
0500000US26115,25.0,0,0,6146,144354,150500,150500,93235,57265,1.0,1.0,1.0
0500000US26115,100.0,9432,87553,27630,25885,141068,150500,93235,57265,0.9373289036544851,0.9915375127366333,0.8490701126342443
0500000US26115,250.0,47037,63022,30642,9799,103463,150500,93235,57265,0.6874617940199336,0.7143025687778195,0.6437614598795075
0500000US26115,1000.0,125928,23672,900,0,24572,150500,93235,57265,0.16326910299003322,0.1791923633828498,0.1373439273552781
0500000US26117,250.0,17847,19244,24782,2015,46041,63888,9655,54233,0.7206517655897822,1.0,0.6709199196061438
0500000US26117,1000.0,60592,3296,0,0,3296,63888,9655,54233,0.051590282995241675,0.0,0.060774805008020946
0500000US26121,25.0,0,0,3763,169803,173566,173566,132494,41072,1.0,1.0,1.0
0500000US26121,100.0,9154,125218,37576,1618,164412,173566,132494,41072,0.9472592558450388,0.9960375564176491,0.7899055317491235
0500000US26121,250.0,117642,50662,5262,0,55924,173566,132494,41072,0.32220596199716534,0.3283393965009736,0.3024201402415271
0500000US26121,1000.0,137357,36209,0,0,36209,173566,132494,41072,0.2086180473134139,0.25275861548447476,0.06622516556291391
0500000US26123,25.0,0,0,10150,38824,48974,48974,7834,41140,1.0,1.0,1.0
0500000US26123,100.0,20875,26157,1942,0,28099,48974,7834,41140,0.5737534201821375,0.9951493489915751,0.493509965969859
0500000US26123,250.0,38356,10496,122,0,10618,48974,7834,41140,0.21680891901825458,0.41830482512126627,0.17843947496353912
0500000US26123,1000.0,48974,0,0,0,0,48974,7834,41140,0.0,0.0,0.0
0500000US26125,25.0,0,0,11839,1245745,1257584,1257584,1196142,61442,1.0,1.0,1.0
0500000US26125,100.0,14795,331134,617807,293848,1242789,1257584,1196142,61442,0.9882353783127011,0.9885189216664911,0.9827154063995313
0500000US26125,250.0,17306,743399,351903,144976,1240278,1257584,1196142,61442,0.9862386926042316,0.9869772986819291,0.9718596399856776
0500000US26125,1000.0,990174,261392,6018,0,267410,1257584,1196142,61442,0.21263788343363146,0.22198702160780243,0.030630513329644216
0500000US26127,25.0,0,0,6289,20178,26467,26467,2621,23846,1.0,1.0,1.0
0500000US26127,100.0,9799,10227,3970,2471,16668,26467,2621,23846,0.6297653681943552,0.9172071728347959,0.5981716011071039
0500000US26127,250.0,15306,6030,4828,303,11161,26467,2621,23846,0.42169494086976234,0.9172071728347959,0.36723140149291283
0500000US26127,1000.0,20281,6186,0,0,6186,26467,2621,23846,0.23372501605773227,0.6947729874093858,0.18304956806172942
0500000US26137,250.0,6111,9144,4216,5197,18557,24668,8275,16393,0.7522701475595914,1.0,0.6272189349112426
0500000US26137,1000.0,13996,5475,5197,0,10672,24668,8275,16393,0.43262526349927033,0.7053776435045317,0.2949429634600134
0500000US26139,25.0,0,0,1029,290786,291815,291815,229136,62679,1.0,1.0,1.0
0500000US26139,100.0,8722,85705,141828,55560,283093,291815,229136,62679,0.9701112005894146,0.9975691292507507,0.8697330844461463
0500000US26139,250.0,9255,162815,99876,19869,282560,291815,229136,62679,0.9682847009235304,0.9955790447594441,0.8685046028175306
0500000US26139,1000.0,181089,94034,14226,2466,110726,291815,229136,62679,0.3794390281513973,0.39944836254451505,0.306290783196924
0500000US26141,250.0,5463,4640,2215,274,7129,12592,2361,10231,0.5661531130876747,1.0,0.46603460072329195
0500000US26141,1000.0,7612,4466,514,0,4980,12592,2361,10231,0.3954891994917408,0.7683185091063108,0.30945166650376305
0500000US26143,250.0,1317,12742,9958,0,22700,24017,8129,15888,0.9451638422783861,1.0,0.917107250755287
0500000US26143,1000.0,13813,10204,0,0,10204,24017,8129,15888,0.4248657201149186,0.7074670931233854,0.28027442094662636
0500000US26145,25.0,0,0,8450,182089,190539,190539,128084,62455,1.0,1.0,1.0
0500000US26145,100.0,10646,91269,71499,17125,179893,190539,128084,62455,0.9441269241467626,0.9976812092064583,0.834296693619406
0500000US26145,250.0,14252,111726,60058,4503,176287,190539,128084,62455,0.9252016647510484,0.9976812092064583,0.7765591225682491
0500000US26145,1000.0,124857,61516,4166,0,65682,190539,128084,62455,0.344716829625431,0.360747634364948,0.31184052517812827
0500000US26147,25.0,0,0,17555,141573,159128,159128,96292,62836,1.0,1.0,1.0
0500000US26147,100.0,31047,96079,32002,0,128081,159128,96292,62836,0.8048929163943492,0.9856893615253604,0.5278343624673754
0500000US26147,250.0,31995,120167,6966,0,127133,159128,96292,62836,0.7989354481926499,0.984017363851618,0.515309695079254
0500000US26147,1000.0,151108,8020,0,0,8020,159128,96292,62836,0.05039967824644311,0.06567523781830266,0.026990896938060983
0500000US26149,25.0,0,0,5958,55006,60964,60964,27565,33399,1.0,1.0,1.0
0500000US26149,100.0,9061,27978,22990,935,51903,60964,27565,33399,0.8513713010957287,0.9768184291674225,0.747836761579688
0500000US26149,250.0,9315,28021,22986,642,51649,60964,27565,33399,0.8472049078144479,0.9768184291674225,0.7402317434653732
0500000US26149,1000.0,30801,29233,930,0,30163,60964,27565,33399,0.49476740371366706,0.5403228732087793,0.4571693763286326
0500000US26151,25.0,0,0,27080,14090,41170,41170,3651,37519,1.0,1.0,1.0
0500000US26151,100.0,31078,10092,0,0,10092,41170,3651,37519,0.24512994899198445,0.32593809915091754,0.23726645166448998
0500000US26151,250.0,31078,10092,0,0,10092,41170,3651,37519,0.24512994899198445,0.32593809915091754,0.23726645166448998
0500000US26151,1000.0,31228,9942,0,0,9942,41170,3651,37519,0.2414865193101773,0.32593809915091754,0.23326847730483222
0500000US26153,250.0,3482,4612,0,0,4612,8094,3272,4822,0.5698047936743267,1.0,0.2778929904603899
0500000US26153,1000.0,8094,0,0,0,0,8094,3272,4822,0.0,0.0,0.0
0500000US26155,25.0,0,0,5799,62323,68122,68122,29726,38396,1.0,1.0,1.0
0500000US26155,100.0,11579,25408,28594,2541,56543,68122,29726,38396,0.830025542409207,0.9996972347439952,0.6986665277633087
0500000US26155,250.0,15093,27299,25622,108,53029,68122,29726,38396,0.7784416194474619,0.9938437731279015,0.6116782998228982
0500000US26155,1000.0,68122,0,0,0,0,68122,29726,38396,0.0,0.0,0.0
0500000US26157,25.0,0,0,15694,36551,52245,52245,7341,44904,1.0,1.0,1.0
0500000US26157,100.0,19316,20414,11894,621,32929,52245,7341,44904,0.630280409608575,0.9990464514371339,0.5699937644753251
0500000US26157,250.0,20407,21299,10432,107,31838,52245,7341,44904,0.6093980285194756,0.9990464514371339,0.5456974879743453
0500000US26157,1000.0,36248,15997,0,0,15997,52245,7341,44904,0.3061919800937889,0.4030785996458248,0.2903527525387493
0500000US26159,25.0,0,0,10730,64942,75672,75672,21766,53906,1.0,1.0,1.0
0500000US26159,100.0,14319,33567,24519,3267,61353,75672,21766,53906,0.8107754519505234,0.9616833593678213,0.7498423181093014
0500000US26159,250.0,38720,33094,3858,0,36952,75672,21766,53906,0.488318004017338,0.5101993935495728,0.4794828033985085
0500000US26159,1000.0,43443,31269,960,0,32229,75672,21766,53906,0.4259039010466223,0.4881466507396858,0.40077171372388976
0500000US26161,25.0,0,0,6578,361023,367601,367601,303061,64540,1.0,1.0,1.0
0500000US26161,100.0,21150,116069,120397,109985,346451,367601,303061,64540,0.9424647919891403,0.9793242944489723,0.7693833281685776
0500000US26161,250.0,21859,170626,116500,58616,345742,367601,303061,64540,0.9405360703588945,0.977915337176344,0.7650139448404091
0500000US26161,1000.0,184471,123527,54195,5408,183130,367601,303061,64540,0.49817601149071955,0.5772501245623818,0.1268670591881004
0500000US26163,25.0,0,0,14696,1734647,1749343,1749343,1736909,12434,1.0,1.0,1.0
0500000US26163,100.0,16838,540602,700966,490937,1732505,1749343,1736909,12434,0.9903746720911794,0.9903748555623813,0.9903490429467589
0500000US26163,250.0,37587,859552,723228,128976,1711756,1749343,1736909,12434,0.9785136476951632,0.9784640415819136,0.985443139778028
0500000US26163,1000.0,1456183,290379,2781,0,293160,1749343,1736909,12434,0.1675829154145299,0.16838015117660166,0.056216824835129485
0500000US26165,25.0,0,0,11072,22556,33628,33628,11854,21774,1.0,1.0,1.0
0500000US26165,100.0,11688,8960,12900,80,21940,33628,11854,21774,0.6524324967289163,0.9982284460941454,0.4641774593551943
0500000US26165,250.0,11766,8934,12848,80,21862,33628,11854,21774,0.6501130010705365,0.9982284460941454,0.4605952052907137
0500000US26165,1000.0,20857,12771,0,0,12771,33628,11854,21774,0.3797728083739741,0.8298464653281593,0.13474786442546155
0500000US27003,25.0,0,2,2689,354218,356909,356909,304638,52271,1.0,1.0,1.0
0500000US27003,100.0,8392,100064,246481,1972,348517,356909,304638,52271,0.9764870036900162,0.9838956400711665,0.9333091006485432
0500000US27003,250.0,39625,273777,43481,26,317284,356909,304638,52271,0.8889773023375707,0.9636716364997144,0.4536549903388112
0500000US27003,1000.0,356658,251,0,0,251,356909,304638,52271,0.0007032604949721077,0.00030856295012440994,0.0030035775095177057
0500000US27005,25.0,0,0,1993,32429,34422,34422,8099,26323,1.0,1.0,1.0
0500000US27005,100.0,4636,28535,1236,15,29786,34422,8099,26323,0.8653186915344837,0.9997530559328313,0.8239562359913384
0500000US27005,250.0,13273,19914,1220,15,21149,34422,8099,26323,0.6144035791063854,0.4511668107173725,0.6646278919576036
0500000US27005,1000.0,13273,20539,595,15,21149,34422,8099,26323,0.6144035791063854,0.4511668107173725,0.6646278919576036
0500000US27007,25.0,0,1,310,46871,47182,47182,14985,32197,1.0,1.0,1.0
0500000US27007,100.0,682,21161,24933,406,46500,47182,14985,32197,0.985545335085414,0.9986653319986654,0.9794390781749852
0500000US27007,250.0,1215,45261,706,0,45967,47182,14985,32197,0.9742486541477682,0.9689022355689022,0.9767369630710936
0500000US27007,1000.0,1215,45641,326,0,45967,47182,14985,32197,0.9742486541477682,0.9689022355689022,0.9767369630710936
0500000US27009,25.0,0,0,3044,37843,40887,40887,23708,17179,1.0,1.0,1.0
0500000US27009,100.0,3807,25092,11916,72,37080,40887,23708,17179,0.9068897204490425,0.9999156402901974,0.7785086442749869
0500000US27009,250.0,16682,23635,570,0,24205,40887,23708,17179,0.5919974564042361,0.9398093470558462,0.11199720589091332
0500000US27009,1000.0,40304,583,0,0,583,40887,23708,17179,0.01425881086898036,0.023241100050615825,0.0018627393911170615
0500000US27013,25.0,0,1,544,67105,67650,67650,48100,19550,1.0,1.0,1.0
0500000US27013,100.0,1266,24774,32858,8752,66384,67650,48100,19550,0.9812860310421286,0.9991268191268191,0.9373913043478261
0500000US27013,250.0,1296,24812,32790,8752,66354,67650,48100,19550,0.9808425720620843,0.9991060291060291,0.9359079283887468
0500000US27013,1000.0,64720,2930,0,0,2930,67650,48100,19550,0.04331116038433112,0.05881496881496882,0.005166240409207161
0500000US27015,25.0,0,0,552,24456,25008,25008,15947,9061,1.0,1.0,1.0
0500000US27015,100.0,1239,12653,10791,325,23769,25008,15947,9061,0.9504558541266794,0.9760456512196651,0.9054188279439356
0500000US27015,250.0,1250,12840,10809,109,23758,25008,15947,9061,0.9500159948816379,0.9760456512196651,0.9042048339035427
0500000US27015,1000.0,24858,150,0,0,150,25008,15947,9061,0.005998080614203455,0.006835141405907067,0.004524886877828055
0500000US27017,25.0,0,0,8142,27729,35871,35871,15761,20110,1.0,1.0,1.0
0500000US27017,100.0,14342,17856,3673,0,21529,35871,15761,20110,0.60017841710574,0.9647864983186346,0.3144206862257583
0500000US27017,250.0,16072,19442,357,0,19799,35871,15761,20110,0.5519500432103928,0.9644058118139712,0.22869219293883639
0500000US27017,1000.0,35532,339,0,0,339,35871,15761,20110,0.009450531069666304,0.014212296174100627,0.005718547986076579
0500000US27019,25.0,0,1,153,104927,105081,105081,81185,23896,1.0,1.0,1.0
0500000US27019,100.0,2255,27975,54718,20133,102826,105081,81185,23896,0.9785403641000752,0.9893699575044651,0.941747572815534
0500000US27019,250.0,2408,38541,49825,14307,102673,105081,81185,23896,0.9770843444580847,0.9880766151382645,0.9397388684298628
0500000US27019,1000.0,92269,12812,0,0,12812,105081,81185,23896,0.12192499119726687,0.08278622898318655,0.25489621694007364
0500000US27023,25.0,0,0,0,11800,11800,11800,5681,6119,1.0,1.0,1.0
0500000US27023,100.0,377,5447,5969,7,11423,11800,5681,6119,0.9680508474576272,0.9873261749691956,0.9501552541264913
0500000US27023,250.0,385,5512,5903,0,11415,11800,5681,6119,0.9673728813559322,0.9873261749691956,0.9488478509560385
0500000US27023,1000.0,10923,877,0,0,877,11800,5681,6119,0.07432203389830508,0.0,0.14332407256087595
0500000US27025,25.0,0,1,4482,52081,56564,56564,24580,31984,1.0,1.0,1.0
0500000US27025,100.0,12063,36466,5955,2080,44501,56564,24580,31984,0.786737147302171,0.9928803905614321,0.6283141570785392
0500000US27025,250.0,51032,5532,0,0,5532,56564,24580,31984,0.09780072130683827,0.02160292921074044,0.15635942971485742
0500000US27025,1000.0,56326,238,0,0,238,56564,24580,31984,0.004207623223251538,0.0096826688364524,0.0
0500000US27027,25.0,0,0,983,63238,64221,64221,44115,20106,1.0,1.0,1.0
0500000US27027,100.0,9091,10534,36811,7785,55130,64221,44115,20106,0.8584419426667289,0.9906381049529639,0.5683875460061674
0500000US27027,250.0,13176,48322,2119,604,51045,64221,44115,20106,0.7948334656887934,0.9859004873625751,0.3756092708644186
0500000US27027,1000.0,57314,6809,98,0,6907,64221,44115,20106,0.10755048971520219,0.013238127620990593,0.31448323883417884
0500000US27033,25.0,0,0,0,11196,11196,11196,3993,7203,1.0,1.0,1.0
0500000US27033,100.0,897,3348,6923,28,10299,11196,3993,7203,0.919882100750268,0.9992486851990984,0.8758850478967097
0500000US27033,250.0,902,3431,6838,25,10294,11196,3993,7203,0.9194355126831011,0.9992486851990984,0.8751908926836041
0500000US27033,1000.0,6576,4595,25,0,4620,11196,3993,7203,0.41264737406216506,0.9992486851990984,0.08746355685131195
0500000US27035,25.0,0,0,3162,61893,65055,65055,23809,41246,1.0,1.0,1.0
0500000US27035,100.0,4811,32205,26829,1210,60244,65055,23809,41246,0.9260471908385213,0.9950858918896216,0.8861950249721186
0500000US27035,250.0,7328,34028,23510,189,57727,65055,23809,41246,0.8873568518945507,0.9950858918896216,0.8251709256655191
0500000US27035,1000.0,30905,34140,10,0,34150,65055,23809,41246,0.5249404350165244,0.5697845352597757,0.4990544537652136
0500000US27037,25.0,0,0,228,428788,429016,429016,405337,23679,1.0,1.0,1.0
0500000US27037,100.0,4328,122277,229597,72814,424688,429016,405337,23679,0.989911798161374,0.9920337891680256,0.9535875670425271
0500000US27037,250.0,5996,211838,178577,32605,423020,429016,405337,23679,0.9860238312790199,0.9898923611710749,0.919802356518434
0500000US27037,1000.0,416988,12021,7,0,12028,429016,405337,23679,0.028036250396255617,0.025605853894413784,0.06963976519278686
0500000US27039,1000.0,0,10113,10802,17,20932,20932,9876,11056,1.0,1.0,1.0
0500000US27041,25.0,0,0,126,38014,38140,38140,17037,21103,1.0,1.0,1.0
0500000US27041,100.0,4715,13753,14532,5140,33425,38140,17037,21103,0.8763765076035658,0.9655455772729941,0.8043880017059186
0500000US27041,250.0,5534,18699,10133,3774,32606,38140,17037,21103,0.8549029889879391,0.9504020660914481,0.777804103681941
0500000US27041,1000.0,21301,16273,566,0,16839,38140,17037,21103,0.44150498164656526,0.34155074250161416,0.5222006349808084
0500000US27043,25.0,0,0,208,13445,13653,13653,2785,10868,1.0,1.0,1.0
0500000US27043,100.0,1140,5347,4313,2853,12513,13653,2785,10868,0.9165018677213799,0.8111310592459605,0.9435038645564962
0500000US27043,250.0,1140,5370,4296,2847,12513,13653,2785,10868,0.9165018677213799,0.8111310592459605,0.9435038645564962
0500000US27043,1000.0,9059,4575,19,0,4594,13653,2785,10868,0.3364828242877023,0.46929982046678637,0.30244755244755245
0500000US27045,100.0,1789,9918,8304,1056,19278,21067,1396,19671,0.9150804575876964,1.0,0.9090539372680596
0500000US27045,250.0,1823,10615,7579,1050,19244,21067,1396,19671,0.9134665590734323,0.9992836676217765,0.9073763408062631
0500000US27045,1000.0,15323,5740,4,0,5744,21067,1396,19671,0.2726539137038971,0.6640401146131805,0.2448782471658787
0500000US27047,250.0,40,1798,14191,14252,30241,30281,16945,13336,0.9986790396618341,1.0,0.997000599880024
0500000US27047,1000.0,18701,11446,134,0,11580,30281,16945,13336,0.3824180178990126,0.3651224550014754,0.40439412117576484
0500000US27049,25.0,0,0,149,46191,46340,46340,24222,22118,1.0,1.0,1.0
0500000US27049,100.0,1451,7639,23072,14178,44889,46340,24222,22118,0.9686879585671127,0.9995045826108496,0.9349398679808301
0500000US27049,250.0,2028,9248,22067,12997,44312,46340,24222,22118,0.956236512731981,0.9994220130459912,0.9089429423998553
0500000US27049,1000.0,10142,34280,1918,0,36198,46340,24222,22118,0.7811394044022443,0.9405499133019569,0.6065647888597523
0500000US27053,25.0,0,2,305,1265531,1265838,1265838,1234251,31587,1.0,1.0,1.0
0500000US27053,100.0,14064,369237,637564,244973,1251774,1265838,1234251,31587,0.988889573547326,0.9916508068456092,0.8809953461867224
0500000US27053,250.0,19895,686915,357516,201512,1245943,1265838,1234251,31587,0.9842831389166702,0.9886546577641014,0.8134675657707284
0500000US27053,1000.0,972876,234343,58619,0,292962,1265838,1234251,31587,0.23143719812487853,0.23705469957083283,0.011935289834425555
0500000US27055,25.0,0,0,1724,16876,18600,18600,7834,10766,1.0,1.0,1.0
0500000US27055,100.0,3667,6696,7830,407,14933,18600,7834,10766,0.8028494623655914,0.9974470257850395,0.6612483745123537
0500000US27055,250.0,4520,7494,6179,407,14080,18600,7834,10766,0.7569892473118279,0.9974470257850395,0.5820174623815716
0500000US27055,1000.0,10182,8418,0,0,8418,18600,7834,10766,0.4525806451612903,0.6640285933112076,0.2987181868846368
0500000US27057,100.0,720,13981,6446,344,20771,21491,3429,18062,0.9664976036480387,1.0,0.9601373048388883
0500000US27057,250.0,3943,15593,1955,0,17548,21491,3429,18062,0.8165278488669676,0.9982502187226596,0.7820285682648654
0500000US27057,1000.0,8056,12048,1387,0,13435,21491,3429,18062,0.6251454097063888,0.03616214639836687,0.736961576791053
0500000US27059,25.0,0,2,7586,33003,40591,40591,14717,25874,1.0,1.0,1.0
0500000US27059,100.0,19388,14034,6911,258,21203,40591,14717,25874,0.5223571727722894,0.9726167017734593,0.2662518358197418
0500000US27059,250.0,40181,410,0,0,410,40591,14717,25874,0.010100761252494395,0.007746143915200109,0.011440055654324805
0500000US27059,1000.0,40523,68,0,0,68,40591,14717,25874,0.0016752482077307777,0.0,0.002628120893561104
0500000US27061,25.0,0,0,2506,42624,45130,45130,9233,35897,1.0,1.0,1.0
0500000US27061,100.0,4901,24015,15784,430,40229,45130,9233,35897,0.8914026146687347,0.9990252355680711,0.8637212023288854
0500000US27061,250.0,8108,21340,15682,0,37022,45130,9233,35897,0.8203412364280966,0.9990252355680711,0.7743822603560186
0500000US27061,1000.0,13731,31399,0,0,31399,45130,9233,35897,0.6957456237536007,0.9588432795407776,0.6280747694793437
0500000US27063,1000.0,3007,6814,25,0,6839,9846,2745,7101,0.6945967905748527,1.0,0.5765385157020138
0500000US27065,25.0,0,1,6013,10320,16334,16334,3351,12983,1.0,1.0,1.0
0500000US27065,100.0,11929,4405,0,0,4405,16334,3351,12983,0.2696828700869352,0.9164428528797374,0.10274974967264885
0500000US27065,250.0,16239,95,0,0,95,16334,3351,12983,0.0058160891392188075,0.0,0.007317261033659401
0500000US27065,1000.0,16334,0,0,0,0,16334,3351,12983,0.0,0.0,0.0
0500000US27067,25.0,0,0,0,43194,43194,43194,23590,19604,1.0,1.0,1.0
0500000US27067,100.0,1069,12149,17202,12774,42125,43194,23590,19604,0.9752511922952262,0.9972445951674438,0.9487859620485615
0500000US27067,250.0,1523,16642,24971,58,41671,43194,23590,19604,0.9647404732138724,0.9972445951674438,0.9256274229749031
0500000US27067,1000.0,43172,22,0,0,22,43194,23590,19604,0.0005093299995369727,0.0,0.0011222199551112018
0500000US27071,25.0,0,0,2167,10062,12229,12229,6379,5850,1.0,1.0,1.0
0500000US27071,100.0,2910,9217,102,0,9319,12229,6379,5850,0.7620410499632022,0.9905941370120709,0.5128205128205128
0500000US27071,250.0,11278,951,0,0,951,12229,6379,5850,0.07776596614604628,0.0,0.16256410256410256
0500000US27071,1000.0,11278,951,0,0,951,12229,6379,5850,0.07776596614604628,0.0,0.16256410256410256
0500000US27075,25.0,0,0,878,9763,10641,10641,3522,7119,1.0,1.0,1.0
0500000US27075,100.0,898,4150,5534,59,9743,10641,3522,7119,0.9156094352034583,0.9997160704145373,0.8739991571849979
0500000US27075,250.0,990,4327,5265,59,9651,10641,3522,7119,0.9069636312376657,0.9994321408290744,0.8612164629863744
0500000US27075,1000.0,1834,8770,37,0,8807,10641,3522,7119,0.827647777464524,0.7918796138557638,0.8453434471133586
0500000US27079,25.0,0,0,86,28785,28871,28871,10583,18288,1.0,1.0,1.0
0500000US27079,100.0,108,2814,13549,12400,28763,28871,10583,18288,0.9962592220567351,0.9991495795143154,0.9945866141732284
0500000US27079,250.0,109,4064,17283,7415,28762,28871,10583,18288,0.9962245852239271,0.9990550883492394,0.9945866141732284
0500000US27079,1000.0,23388,5391,92,0,5483,28871,10583,18288,0.18991375428630805,0.3219313994141548,0.11351706036745407
0500000US27083,25.0,0,0,0,25474,25474,25474,12829,12645,1.0,1.0,1.0
0500000US27083,100.0,801,3978,9956,10739,24673,25474,12829,12645,0.9685561749234514,0.9958687348974978,0.9408461842625544
0500000US27083,250.0,999,7245,7648,9582,24475,25474,12829,12645,0.9607835440056528,0.9958687348974978,0.9251878212732305
0500000US27083,1000.0,24526,948,0,0,948,25474,12829,12645,0.037214414697338466,0.06820484839036557,0.005773032819296165
0500000US27085,25.0,0,0,587,35306,35893,35893,18996,16897,1.0,1.0,1.0
0500000US27085,100.0,7805,19845,6662,1581,28088,35893,18996,16897,0.7825481291616749,0.7234154558854495,0.8490264544001894
0500000US27085,250.0,7877,20011,6426,1579,28016,35893,18996,16897,0.7805421669963503,0.7234154558854495,0.8447653429602888
0500000US27085,1000.0,32407,3486,0,0,3486,35893,18996,16897,0.09712200150447163,0.0,0.20630881221518613
0500000US27091,25.0,0,0,125,19558,19683,19683,8763,10920,1.0,1.0,1.0
0500000US27091,100.0,794,7799,10739,351,18889,19683,8763,10920,0.9596606208403191,0.9995435353189547,0.9276556776556777
0500000US27091,250.0,952,18315,416,0,18731,19683,8763,10920,0.9516333892191231,0.9879036859522995,0.9225274725274726
0500000US27091,1000.0,19235,448,0,0,448,19683,8763,10920,0.022760758014530307,0.0,0.041025641025641026
0500000US27093,25.0,0,0,808,22414,23222,23222,7848,15374,1.0,1.0,1.0
0500000US27093,100.0,4243,13278,5672,29,18979,23222,7848,15374,0.8172853328739988,0.9575688073394495,0.7456745154156368
0500000US27093,250.0,4390,13322,5510,0,18832,23222,7848,15374,0.810955128757213,0.9561671763506626,0.7368284116040068
0500000US27093,1000.0,21677,1545,0,0,1545,23222,7848,15374,0.06653173714581001,0.0,0.1004943410953558
0500000US27095,25.0,0,0,6066,20209,26275,26275,7454,18821,1.0,1.0,1.0
0500000US27095,100.0,11265,9118,5752,140,15010,26275,7454,18821,0.5712654614652711,0.9940971290582238,0.40380426119759844
0500000US27095,250.0,25993,282,0,0,282,26275,7454,18821,0.010732635585156993,0.009256774885967265,0.011317145741459008
0500000US27095,1000.0,26111,164,0,0,164,26275,7454,18821,0.006241674595623216,0.0,0.008713670899527124
0500000US27097,25.0,0,0,2909,30475,33384,33384,8853,24531,1.0,1.0,1.0
0500000US27097,100.0,8916,17369,5810,1289,24468,33384,8853,24531,0.7329259525521208,0.9919801197334237,0.6394358159064042
0500000US27097,250.0,13395,13989,5937,63,19989,33384,8853,24531,0.5987598849748382,0.9919801197334237,0.4568505156740451
0500000US27097,1000.0,17214,16101,69,0,16170,33384,8853,24531,0.48436376707404744,0.6066869987574833,0.4402184990420285
0500000US27099,250.0,41,1462,15954,22604,40020,40061,25277,14784,0.9989765607448641,1.0,0.9972267316017316
0500000US27099,1000.0,34149,4661,1251,0,5912,40061,25277,14784,0.14757494820398892,0.008940934446334613,0.38460497835497837
0500000US27103,25.0,0,0,1619,32655,34274,34274,24434,9840,1.0,1.0,1.0
0500000US27103,100.0,3030,13309,17079,856,31244,34274,24434,9840,0.9115947948882535,0.9610378980109683,0.7888211382113821
0500000US27103,250.0,3031,13508,16964,771,31243,34274,24434,9840,0.911565618252903,0.9609969714332488,0.7888211382113821
0500000US27103,1000.0,33443,831,0,0,831,34274,24434,9840,0.024245783976191867,0.011336662028321192,0.05630081300813008
0500000US27105,25.0,0,0,0,21629,21629,21629,12281,9348,1.0,1.0,1.0
0500000US27105,100.0,2424,5725,1993,11487,19205,21629,12281,9348,0.8879282444865689,0.9768748473251364,0.771074026529739
0500000US27105,250.0,2424,5730,2007,11468,19205,21629,12281,9348,0.8879282444865689,0.9768748473251364,0.771074026529739
0500000US27105,1000.0,18806,2820,3,0,2823,21629,12281,9348,0.13051921031947847,0.11367152512010423,0.15265297389816004
0500000US27109,25.0,0,0,136,158144,158280,158280,127419,30861,1.0,1.0,1.0
0500000US27109,100.0,527,25358,40917,91478,157753,158280,127419,30861,0.9966704574172353,0.999756708183238,0.9839279349340592
0500000US27109,250.0,565,38491,52212,67012,157715,158280,127419,30861,0.9964303765478898,0.999756708183238,0.9826966073685234
0500000US27109,1000.0,63496,57504,34571,2709,94784,158280,127419,30861,0.5988375031589588,0.585485681099365,0.6539645507274554
0500000US27111,100.0,3171,19176,32001,4398,55575,58746,15213,43533,0.946021856807272,1.0,0.9271587071876507
0500000US27111,250.0,5980,31532,20634,600,52766,58746,15213,43533,0.8982058352909135,0.9890225465062775,0.8664691153837318
0500000US27111,1000.0,5980,45644,6622,500,52766,58746,15213,43533,0.8982058352909135,0.9890225465062775,0.8664691153837318
0500000US27113,100.0,360,13207,552,0,13759,14119,8835,5284,0.9745024435158297,1.0,0.9318697956093869
0500000US27113,250.0,11158,2961,0,0,2961,14119,8835,5284,0.20971740208230044,0.0005659309564233164,0.5594246782740349
0500000US27113,1000.0,11158,2961,0,0,2961,14119,8835,5284,0.20971740208230044,0.0005659309564233164,0.5594246782740349
0500000US27115,25.0,0,0,9597,19981,29578,29578,3091,26487,1.0,1.0,1.0
0500000US27115,100.0,14319,15206,53,0,15259,29578,3091,26487,0.5158901886537292,0.9673244904561631,0.4632083663684071
0500000US27115,250.0,27746,1832,0,0,1832,29578,3091,26487,0.06193792683751437,0.049175024263992236,0.06342734171480349
0500000US27115,1000.0,29578,0,0,0,0,29578,3091,26487,0.0,0.0,0.0
0500000US27117,25.0,0,0,0,9123,9123,9123,3706,5417,1.0,1.0,1.0
0500000US27117,100.0,319,2485,3918,2401,8804,9123,3706,5417,0.9650334319850926,0.9989206691851052,0.9418497323241647
0500000US27117,250.0,319,2503,3900,2401,8804,9123,3706,5417,0.9650334319850926,0.9989206691851052,0.9418497323241647
0500000US27117,1000.0,9021,102,0,0,102,9123,3706,5417,0.011180532719500164,0.0059363194819212085,0.014768321949418498
0500000US27119,25.0,0,0,159,31205,31364,31364,15820,15544,1.0,1.0,1.0
0500000US27119,100.0,3452,27380,532,0,27912,31364,15820,15544,0.8899375079709221,0.9993046776232617,0.7786284096757591
0500000US27119,250.0,19514,11709,141,0,11850,31364,15820,15544,0.37782170641499807,0.018900126422250318,0.7431163149768399
0500000US27119,1000.0,19514,11709,141,0,11850,31364,15820,15544,0.37782170641499807,0.018900126422250318,0.7431163149768399
0500000US27123,25.0,0,0,447,549874,550321,550321,549150,1171,1.0,1.0,1.0
0500000US27123,100.0,7634,140755,387918,14014,542687,550321,549150,1171,0.9861280961475212,0.9861531457707365,0.9743808710503843
0500000US27123,250.0,9808,379274,160642,597,540513,550321,549150,1171,0.9821776744845281,0.9821943002822544,0.9743808710503843
0500000US27123,1000.0,549235,1086,0,0,1086,550321,549150,1171,0.001973393710216401,0.0019776017481562417,0.0
0500000US27127,25.0,0,0,0,15170,15170,15170,4260,10910,1.0,1.0,1.0
0500000US27127,100.0,2186,8939,3819,226,12984,15170,4260,10910,0.8558998022412656,0.9664319248826291,0.8127406049495876
0500000US27127,250.0,2528,10385,2161,96,12642,15170,4260,10910,0.8333553065260383,0.965962441314554,0.781576535288726
0500000US27127,1000.0,14669,501,0,0,501,15170,4260,10910,0.03302570863546473,0.025586854460093896,0.03593033913840513
0500000US27131,25.0,0,0,694,66269,66963,66963,48679,18284,1.0,1.0,1.0
0500000US27131,100.0,708,13103,31868,21284,66255,66963,48679,18284,0.9894269969983424,0.9857433390168245,0.9992343032159265
0500000US27131,250.0,862,16175,33058,16868,66101,66963,48679,18284,0.9871272195092813,0.9854146551901231,0.991686720630059
0500000US27131,1000.0,51426,14576,961,0,15537,66963,48679,18284,0.2320236548541732,0.17112101727644363,0.3941697659155546
0500000US27133,250.0,25,4189,5002,99,9290,9315,4224,5091,0.9973161567364466,0.9940814393939394,1.0
0500000US27133,1000.0,9253,62,0,0,62,9315,4224,5091,0.006655931293612453,0.014678030303030304,0.0
0500000US27135,100.0,3490,11009,665,0,11674,15164,2424,12740,0.7698496438934318,1.0,0.7260596546310832
0500000US27135,250.0,10849,4315,0,0,4315,15164,2424,12740,0.284555526246373,0.07920792079207921,0.32362637362637364
0500000US27135,1000.0,10849,4315,0,0,4315,15164,2424,12740,0.284555526246373,0.07920792079207921,0.32362637362637364
0500000US27137,25.0,0,0,21853,177217,199070,199070,124539,74531,1.0,1.0,1.0
0500000US27137,100.0,35697,139642,21944,1787,163373,199070,124539,74531,0.8206811674285427,0.9927733481078217,0.5331204465256068
0500000US27137,250.0,46426,143418,9202,24,152644,199070,124539,74531,0.7667855528206159,0.9603979476308626,0.4432652184996847
0500000US27137,1000.0,189926,9102,42,0,9144,199070,124539,74531,0.0459335911990757,0.007748576751057902,0.10973957145348916
0500000US27139,25.0,0,1,1085,147909,148995,148995,121055,27940,1.0,1.0,1.0
0500000US27139,100.0,2284,38626,79810,28275,146711,148995,121055,27940,0.9846706265310916,0.9901119325926232,0.9610952040085898
0500000US27139,250.0,3008,67552,70417,8018,145987,148995,121055,27940,0.979811403067217,0.984924208004626,0.9576592698639943
0500000US27139,1000.0,137649,11346,0,0,11346,148995,121055,27940,0.07615020638276453,0.05039857915823386,0.18772369362920543
0500000US27141,25.0,0,2,5786,91443,97231,97231,53225,44006,1.0,1.0,1.0
0500000US27141,100.0,13233,48846,32309,2843,83998,97231,53225,44006,0.8639014306136932,0.989741662752466,0.7116984047629868
0500000US27141,250.0,47868,44269,5083,11,49363,97231,53225,44006,0.507687877323076,0.7477501174260216,0.2173339999091033
0500000US27141,1000.0,94310,2921,0,0,2921,97231,53225,44006,0.030041859077866113,0.03372475340535463,0.025587419897286735
0500000US27145,25.0,0,1,6072,155000,161073,161073,98473,62600,1.0,1.0,1.0
0500000US27145,100.0,11433,70445,60898,18297,149640,161073,98473,62600,0.9290197612262763,0.9974713880962294,0.8213418530351437
0500000US27145,250.0,30798,104372,21746,4157,130275,161073,98473,62600,0.8087947700731967,0.9623856285479269,0.5671884984025559
0500000US27145,1000.0,140752,19959,362,0,20321,161073,98473,62600,0.1261601882376314,0.06311374691539813,0.22533546325878595
0500000US27147,1000.0,746,11147,17315,7441,35903,36649,25120,11529,0.9796447379191793,0.9703025477707007,1.0
0500000US27149,25.0,0,0,100,9705,9805,9805,4995,4810,1.0,1.0,1.0
0500000US27149,100.0,230,2317,6533,725,9575,9805,4995,4810,0.9765425803161653,0.9965965965965966,0.9557172557172557
0500000US27149,250.0,285,2315,6480,725,9520,9805,4995,4810,0.9709331973482916,0.9965965965965966,0.9442827442827443
0500000US27149,1000.0,419,9105,281,0,9386,9805,4995,4810,0.9572667006629271,0.9791791791791792,0.9345114345114345
0500000US27151,250.0,278,3548,5273,167,8988,9266,2818,6448,0.9699978415713361,1.0,0.9568858560794045
0500000US27151,1000.0,6483,2783,0,0,2783,9266,2818,6448,0.30034534858622924,0.0,0.43160669975186106
0500000US27153,250.0,8659,9939,5700,363,16002,24661,4876,19785,0.6488787964802725,1.0,0.5623452110184484
0500000US27153,1000.0,16007,8334,320,0,8654,24661,4876,19785,0.3509184542394875,0.7284659557013946,0.2578721253474855
0500000US27157,1000.0,6858,14769,0,0,14769,21627,7501,14126,0.682896379525593,1.0,0.514512246920572
0500000US27159,250.0,391,6438,3686,3167,13291,13682,4363,9319,0.9714223066803099,1.0,0.9580427084451122
0500000US27159,1000.0,698,7775,4830,379,12984,13682,4363,9319,0.9489840666569215,0.931239972495989,0.9572915548878635
0500000US27161,1000.0,0,17558,1054,0,18612,18612,9205,9407,1.0,1.0,1.0
0500000US27163,25.0,0,2,4380,258037,262419,262419,218979,43440,1.0,1.0,1.0
0500000US27163,100.0,9612,84991,154653,13163,252807,262419,218979,43440,0.9633715546511495,0.9807652788623566,0.8756906077348067
0500000US27163,250.0,36991,180357,40453,4618,225428,262419,218979,43440,0.8590384080421006,0.9074112129473603,0.6151933701657458
0500000US27163,1000.0,262323,96,0,0,96,262419,218979,43440,0.0003658271695265968,0.00043839820256736945,0.0
0500000US27165,25.0,0,0,39,10858,10897,10897,4276,6621,1.0,1.0,1.0
0500000US27165,100.0,1800,3188,5119,790,9097,10897,4276,6621,0.8348169220886482,0.9971936389148737,0.7299501585863163
0500000US27165,250.0,1983,3557,5357,0,8914,10897,4276,6621,0.8180233091676609,0.9969597754911131,0.7024618637668026
0500000US27165,1000.0,10897,0,0,0,0,10897,4276,6621,0.0,0.0,0.0
0500000US27167,25.0,0,0,22,6185,6207,6207,2899,3308,1.0,1.0,1.0
0500000US27167,100.0,94,5403,701,9,6113,6207,2899,3308,0.9848558079587563,0.9989651604001379,0.972490931076179
0500000US27167,250.0,4237,1895,75,0,1970,6207,2899,3308,0.3173835991622362,0.0,0.5955259975816203
0500000US27167,1000.0,4237,1895,75,0,1970,6207,2899,3308,0.3173835991622362,0.0,0.5955259975816203
0500000US27169,25.0,0,0,61,50423,50484,50484,33069,17415,1.0,1.0,1.0
0500000US27169,100.0,2309,6323,29668,12184,48175,50484,33069,17415,0.9542627367086601,0.9994254437690889,0.8685041630778065
0500000US27169,250.0,2311,6408,29581,12184,48173,50484,33069,17415,0.9542231201964979,0.9994254437690889,0.8683893195521103
0500000US27169,1000.0,38545,11939,0,0,11939,50484,33069,17415,0.2364907693526662,0.05676010765369379,0.5777777777777777
0500000US27171,25.0,0,0,5274,133096,138370,138370,90431,47939,1.0,1.0,1.0
0500000US27171,100.0,13493,72163,47938,4776,124877,138370,90431,47939,0.9024860880248609,0.9951122955623625,0.7277581927032271
0500000US27171,250.0,30761,71367,33563,2679,107609,138370,90431,47939,0.7776902507769025,0.9554798686291206,0.44231210496672857
0500000US27171,1000.0,123391,12865,2114,0,14979,138370,90431,47939,0.10825323408253235,0.15828642832656942,0.013871795406662633
0500000US27173,25.0,0,0,0,9709,9709,9709,1596,8113,1.0,1.0,1.0
0500000US27173,100.0,930,6002,2685,92,8779,9709,1596,8113,0.904212586260171,0.9962406015037594,0.8861087144089732
0500000US27173,250.0,1254,8156,270,29,8455,9709,1596,8113,0.8708414872798435,0.9962406015037594,0.84617280907186
0500000US27173,1000.0,9621,88,0,0,88,9709,1596,8113,0.009063755278607477,0.0,0.010846789103907309
0500000US28001,25.0,0,0,4641,26052,30693,30693,19609,11084,1.0,1.0,1.0
0500000US28001,100.0,5105,13003,12085,500,25588,30693,19609,11084,0.8336754308800052,0.9940333520322301,0.549981955972573
0500000US28001,250.0,5424,17161,8108,0,25269,30693,19609,11084,0.8232821816049262,0.9939823550410526,0.5212919523637676
0500000US28001,1000.0,22795,7898,0,0,7898,30693,19609,11084,0.2573225165347148,0.37472589117242083,0.04962107542403464
0500000US28003,25.0,0,0,8265,28688,36953,36953,12430,24523,1.0,1.0,1.0
0500000US28003,100.0,11678,18192,7083,0,25275,36953,12430,24523,0.6839769436852218,0.9787610619469026,0.5345593932226889
0500000US28003,250.0,35553,1400,0,0,1400,36953,12430,24523,0.03788596325061565,0.02743362831858407,0.04318394976144844
0500000US28003,1000.0,36544,409,0,0,409,36953,12430,24523,0.011068113549644142,0.0,0.016678220446111815
0500000US28007,25.0,0,0,8793,9381,18174,18174,5818,12356,1.0,1.0,1.0
0500000US28007,100.0,15241,2933,0,0,2933,18174,5818,12356,0.1613843952899747,0.31677552423513233,0.0882162512139851
0500000US28007,250.0,16664,1510,0,0,1510,18174,5818,12356,0.08308572686255089,0.19800618769336542,0.028973777921657496
0500000US28007,1000.0,16756,1418,0,0,1418,18174,5818,12356,0.07802355012655442,0.19800618769336542,0.021528002589834897
0500000US28011,25.0,0,0,7111,23517,30628,30628,13099,17529,1.0,1.0,1.0
0500000US28011,100.0,7307,23264,57,0,23321,30628,13099,17529,0.7614274520047016,0.96534086571494,0.6090478635404187
0500000US28011,250.0,7307,23308,13,0,23321,30628,13099,17529,0.7614274520047016,0.96534086571494,0.6090478635404187
0500000US28011,1000.0,30628,0,0,0,0,30628,13099,17529,0.0,0.0,0.0
0500000US28017,25.0,0,0,7545,9558,17103,17103,2525,14578,1.0,1.0,1.0
0500000US28017,100.0,13076,4027,0,0,4027,17103,2525,14578,0.2354557679939192,0.020594059405940595,0.2726711483056661
0500000US28017,250.0,15804,1299,0,0,1299,17103,2525,14578,0.07595158744079986,0.020594059405940595,0.08553985457538757
0500000US28017,1000.0,15844,1259,0,0,1259,17103,2525,14578,0.07361281646494768,0.020594059405940595,0.08279599396350665
0500000US28025,25.0,0,0,6821,12495,19316,19316,8329,10987,1.0,1.0,1.0
0500000US28025,100.0,6821,12495,0,0,12495,19316,8329,10987,0.6468730586042659,0.982711009725057,0.3922817875671248
0500000US28025,250.0,19169,147,0,0,147,19316,8329,10987,0.0076102712776972455,0.0,0.01337944843906435
0500000US28025,1000.0,19316,0,0,0,0,19316,8329,10987,0.0,0.0,0.0
0500000US28027,25.0,0,0,5492,16632,22124,22124,15123,7001,1.0,1.0,1.0
0500000US28027,100.0,5875,12761,3488,0,16249,22124,15123,7001,0.7344512746338817,0.9716987370230774,0.22196829024425083
0500000US28027,250.0,5958,16166,0,0,16166,22124,15123,7001,0.7306996926414753,0.9699133769754679,0.21396943293815168
0500000US28027,1000.0,22124,0,0,0,0,22124,15123,7001,0.0,0.0,0.0
0500000US28029,25.0,0,0,16822,11243,28065,28065,9143,18922,1.0,1.0,1.0
0500000US28029,100.0,22621,5444,0,0,5444,28065,9143,18922,0.1939782647425619,0.2734332276058187,0.15558609026529965
0500000US28029,250.0,25813,2252,0,0,2252,28065,9143,18922,0.08024229467308035,0.02931204199934376,0.1048514956135715
0500000US28029,1000.0,27702,363,0,0,363,28065,9143,18922,0.01293425975414217,0.02931204199934376,0.005020610929077265
0500000US28033,25.0,0,2,6357,178578,184937,184937,144044,40893,1.0,1.0,1.0
0500000US28033,100.0,9777,92224,82188,748,175160,184937,144044,40893,0.9471333481131412,0.981089111660326,0.8275254933607219
0500000US28033,250.0,11142,146427,27240,128,173795,184937,144044,40893,0.9397524562418553,0.9807558801477326,0.7953194923336513
0500000US28033,1000.0,150859,34078,0,0,34078,184937,144044,40893,0.18426815618291634,0.15389742023270667,0.2912478908370626
0500000US28035,25.0,0,0,6527,68370,74897,74897,52063,22834,1.0,1.0,1.0
0500000US28035,100.0,11325,50083,13489,0,63572,74897,52063,22834,0.8487923414823023,0.9474098688127846,0.6239379872120522
0500000US28035,250.0,11402,50025,13470,0,63495,74897,52063,22834,0.8477642629210783,0.9474098688127846,0.6205658228956819
0500000US28035,1000.0,61280,13617,0,0,13617,74897,52063,22834,0.1818096853011469,0.21652613180185545,0.10265393711132521
0500000US28039,25.0,0,1,5873,18625,24499,24499,2747,21752,1.0,1.0,1.0
0500000US28039,100.0,12324,10390,1777,8,12175,24499,2747,21752,0.49695905955345115,0.9559519475791772,0.4389941154836337
0500000US28039,250.0,13287,10565,647,0,11212,24499,2747,21752,0.45765133270745745,0.8816891153986167,0.4041007723427731
0500000US28039,1000.0,18285,6214,0,0,6214,24499,2747,21752,0.2536430058369729,0.0,0.2856748804707613
0500000US28043,25.0,0,0,4091,16667,20758,20758,9840,10918,1.0,1.0,1.0
0500000US28043,100.0,4093,16567,98,0,16665,20758,9840,10918,0.8028230079969169,0.9964430894308943,0.6283202051657812
0500000US28043,250.0,4238,16520,0,0,16520,20758,9840,10918,0.7958377493014741,0.9964430894308943,0.6150393845026562
0500000US28043,1000.0,20758,0,0,0,0,20758,9840,10918,0.0,0.0,0.0
0500000US28045,25.0,0,0,277,47351,47628,47628,26666,20962,1.0,1.0,1.0
0500000US28045,100.0,13714,16252,11852,5810,33914,47628,26666,20962,0.7120601326950533,0.8698717467936699,0.5113061730750883
0500000US28045,250.0,33704,5355,8569,0,13924,47628,26666,20962,0.2923490383807844,0.3298582464561614,0.24463314569220493
0500000US28045,1000.0,38056,9572,0,0,9572,47628,26666,20962,0.2009742168472327,0.31954548863721594,0.05013834557771205
0500000US28047,25.0,0,15,4941,203124,208080,208080,158941,49139,1.0,1.0,1.0
0500000US28047,100.0,12042,86390,108770,878,196038,208080,158941,49139,0.9421280276816609,0.9671135830276644,0.8613117890066952
0500000US28047,250.0,14350,143192,50510,28,193730,208080,158941,49139,0.9310361399461745,0.9635462215539099,0.8258816825739229
0500000US28047,1000.0,157146,50934,0,0,50934,208080,158941,49139,0.24478085351787773,0.2473244788946842,0.23655345041616638
0500000US28049,25.0,0,0,19105,212735,231840,231840,194815,37025,1.0,1.0,1.0
0500000US28049,100.0,21089,101090,106940,2721,210751,231840,194815,37025,0.9090364044168392,0.973184816364243,0.5715057393652937
0500000US28049,250.0,22432,166947,40834,1627,209408,231840,194815,37025,0.9032436162870946,0.9701255036829813,0.5513301823092505
0500000US28049,1000.0,189008,41205,1627,0,42832,231840,194815,37025,0.18474810213940648,0.20242794446012885,0.09172180958811614
0500000US28051,25.0,0,0,6448,10562,17010,17010,2076,14934,1.0,1.0,1.0
0500000US28051,100.0,6448,10467,95,0,10562,17010,2076,14934,0.6209288653733098,0.9648362235067437,0.5731217356368019
0500000US28051,250.0,6448,10467,95,0,10562,17010,2076,14934,0.6209288653733098,0.9648362235067437,0.5731217356368019
0500000US28051,1000.0,17010,0,0,0,0,17010,2076,14934,0.0,0.0,0.0
0500000US28053,25.0,0,0,3487,4577,8064,8064,3942,4122,1.0,1.0,1.0
0500000US28053,100.0,4850,3155,59,0,3214,8064,3942,4122,0.39856150793650796,0.7724505327245054,0.04099951479864144
0500000US28053,250.0,8064,0,0,0,0,8064,3942,4122,0.0,0.0,0.0
0500000US28053,1000.0,8064,0,0,0,0,8064,3942,4122,0.0,0.0,0.0
0500000US28057,25.0,0,0,8212,15178,23390,23390,3188,20202,1.0,1.0,1.0
0500000US28057,100.0,8896,11546,2948,0,14494,23390,3188,20202,0.6196665241556221,0.9592220828105396,0.5660825660825661
0500000US28057,250.0,21963,1427,0,0,1427,23390,3188,20202,0.06100897819581017,0.10947302383939775,0.05336105336105336
0500000US28057,1000.0,21963,1427,0,0,1427,23390,3188,20202,0.06100897819581017,0.10947302383939775,0.05336105336105336
0500000US28059,25.0,0,0,3055,140561,143616,143616,104314,39302,1.0,1.0,1.0
0500000US28059,100.0,7846,71095,64191,484,135770,143616,104314,39302,0.9453682040998217,0.9737714975938033,0.8699811714416569
0500000US28059,250.0,11511,115395,16710,0,132105,143616,104314,39302,0.9198487633689839,0.9720842839887264,0.7812070632537784
0500000US28059,1000.0,124379,19237,0,0,19237,143616,104314,39302,0.1339474710338681,0.14302011235308779,0.10986718233168795
0500000US28067,25.0,0,0,14574,53524,68098,68098,25636,42462,1.0,1.0,1.0
0500000US28067,100.0,19473,45133,3492,0,48625,68098,25636,42462,0.7140444653293783,0.9423857075986893,0.5761857660967453
0500000US28067,250.0,59747,8236,115,0,8351,68098,25636,42462,0.12263208904813651,0.0074504602902168825,0.19217182421930196
0500000US28067,1000.0,67964,134,0,0,134,68098,25636,42462,0.0019677523568974124,0.0015212981744421906,0.002237294522160991
0500000US28071,25.0,0,0,9406,44613,54019,54019,27269,26750,1.0,1.0,1.0
0500000US28071,100.0,28568,25388,63,0,25451,54019,27269,26750,0.47114904015253894,0.5703912868091973,0.36998130841121496
0500000US28071,250.0,43270,10749,0,0,10749,54019,27269,26750,0.19898554212406747,0.13385162638893983,0.26538317757009344
0500000US28071,1000.0,43710,10309,0,0,10309,54019,27269,26750,0.1908402599085507,0.13124793721808647,0.251588785046729
0500000US28073,25.0,0,0,10254,53088,63342,63342,29925,33417,1.0,1.0,1.0
0500000US28073,100.0,20332,21986,21024,0,43010,63342,29925,33417,0.6790123456790124,0.9746700083542189,0.4142502319178861
0500000US28073,250.0,20332,21986,21024,0,43010,63342,29925,33417,0.6790123456790124,0.9746700083542189,0.4142502319178861
0500000US28073,1000.0,42268,21074,0,0,21074,63342,29925,33417,0.3327018408007325,0.5745697577276525,0.11610856749558608
0500000US28075,25.0,0,0,9803,64322,74125,74125,37297,36828,1.0,1.0,1.0
0500000US28075,100.0,10101,64004,20,0,64024,74125,37297,36828,0.8637301854974705,0.9419524358527496,0.7845117845117845
0500000US28075,250.0,73689,436,0,0,436,74125,37297,36828,0.005881956155143339,0.011689948253210713,0.0
0500000US28075,1000.0,74105,20,0,0,20,74125,37297,36828,0.00026981450252951095,0.0005362361584041611,0.0
0500000US28079,25.0,0,0,12426,10360,22786,22786,4049,18737,1.0,1.0,1.0
0500000US28079,100.0,18549,4138,99,0,4237,22786,4049,18737,0.18594751162994821,0.4294887626574463,0.13331910124352886
0500000US28079,250.0,22656,130,0,0,130,22786,4049,18737,0.005705257614324585,0.014818473697209187,0.0037359235736777498
0500000US28079,1000.0,22786,0,0,0,0,22786,4049,18737,0.0,0.0,0.0
0500000US28081,25.0,0,0,9587,75848,85435,85435,46030,39405,1.0,1.0,1.0
0500000US28081,100.0,22721,55622,7092,0,62714,85435,46030,39405,0.7340551296307134,0.917293069737128,0.5200101509960665
0500000US28081,250.0,77357,8078,0,0,8078,85435,46030,39405,0.0945514133551823,0.15146643493373887,0.028067504123842152
0500000US28081,1000.0,77557,7878,0,0,7878,85435,46030,39405,0.09221045239070638,0.1476862915489898,0.027407689379520365
0500000US28083,25.0,0,0,5258,22925,28183,28183,22966,5217,1.0,1.0,1.0
0500000US28083,100.0,6351,21639,193,0,21832,28183,22966,5217,0.774651385587056,0.8876600191587565,0.27717078780908566
0500000US28083,250.0,24479,3704,0,0,3704,28183,22966,5217,0.13142674662030301,0.14660802926064617,0.06459651140502204
0500000US28083,1000.0,28183,0,0,0,0,28183,22966,5217,0.0,0.0,0.0
0500000US28085,25.0,0,0,9594,24559,34153,34153,10327,23826,1.0,1.0,1.0
0500000US28085,100.0,14507,7541,9546,2559,19646,34153,10327,23826,0.5752349720375955,0.9934153190665247,0.3939813648954923
0500000US28085,250.0,15913,7972,10262,6,18240,34153,10327,23826,0.5340672854507656,0.986443303960492,0.3379921094602535
0500000US28085,1000.0,21498,12649,6,0,12655,34153,10327,23826,0.3705384592861535,0.691004163842355,0.2316377067069588
0500000US28087,25.0,0,0,5929,52666,58595,58595,33564,25031,1.0,1.0,1.0
0500000US28087,100.0,5959,30602,18695,3339,52636,58595,33564,25031,0.8983019028927383,0.9914193779048981,0.773440933242779
0500000US28087,250.0,6010,30569,18677,3339,52585,58595,33564,25031,0.8974315214608755,0.9914193779048981,0.7714034597099596
0500000US28087,1000.0,35113,20143,3339,0,23482,58595,33564,25031,0.400750917313764,0.5855678703372661,0.1529303663457313
0500000US28089,25.0,0,0,3963,102308,106271,106271,73201,33070,1.0,1.0,1.0
0500000US28089,100.0,6277,15628,28430,55936,99994,106271,73201,33070,0.9409340271569855,0.9797953579869128,0.8549138191714545
0500000US28089,250.0,6371,17271,46698,35931,99900,106271,73201,33070,0.9400494960995944,0.9794128495512356,0.8529180526156638
0500000US28089,1000.0,13018,57011,36242,0,93253,106271,73201,33070,0.877501858456211,0.9257113973852816,0.7707892349561536
0500000US28091,25.0,0,0,12566,12007,24573,24573,6424,18149,1.0,1.0,1.0
0500000US28091,100.0,16827,7725,21,0,7746,24573,6424,18149,0.31522402637040653,0.6676525529265255,0.19047881425973884
0500000US28091,250.0,16886,7687,0,0,7687,24573,6424,18149,0.3128230171326252,0.6676525529265255,0.1872279464433302
0500000US28091,1000.0,16985,7588,0,0,7588,24573,6424,18149,0.30879420502177185,0.6676525529265255,0.18177310044630557
0500000US28093,25.0,0,0,11411,23883,35294,35294,5667,29627,1.0,1.0,1.0
0500000US28093,100.0,16136,16571,2420,167,19158,35294,5667,29627,0.5428118093726979,0.610022939827069,0.5299557835757923
0500000US28093,250.0,18263,16070,794,167,17031,35294,5667,29627,0.48254660848869496,0.5239103582142227,0.47463462382286425
0500000US28093,1000.0,28519,5987,788,0,6775,35294,5667,29627,0.19195897319657731,0.5239103582142227,0.12846390117122894
0500000US28095,25.0,0,0,9951,25301,35252,35252,10432,24820,1.0,1.0,1.0
0500000US28095,100.0,24334,9091,1827,0,10918,35252,10432,24820,0.30971292408941337,0.2607361963190184,0.33029814665592266
0500000US28095,250.0,24471,8954,1827,0,10781,35252,10432,24820,0.3058266197662544,0.25901073619631904,0.32550362610797745
0500000US28095,1000.0,25537,9001,714,0,9715,35252,10432,24820,0.2755872007261999,0.25901073619631904,0.28255439161966156
0500000US28097,25.0,0,0,2075,7700,9775,9775,3701,6074,1.0,1.0,1.0
0500000US28097,100.0,2075,2675,4087,938,7700,9775,3701,6074,0.7877237851662404,0.9994596055120237,0.6587092525518604
0500000US28097,250.0,2075,2675,4087,938,7700,9775,3701,6074,0.7877237851662404,0.9994596055120237,0.6587092525518604
0500000US28097,1000.0,3518,5340,917,0,6257,9775,3701,6074,0.6401023017902814,0.8038368008646312,0.5403358577543629
0500000US28099,25.0,0,0,10333,18785,29118,29118,7600,21518,1.0,1.0,1.0
0500000US28099,100.0,20093,8797,228,0,9025,29118,7600,21518,0.3099457380314582,0.6169736842105263,0.2015057161446231
0500000US28099,250.0,20093,9025,0,0,9025,29118,7600,21518,0.3099457380314582,0.6169736842105263,0.2015057161446231
0500000US28099,1000.0,20093,9025,0,0,9025,29118,7600,21518,0.3099457380314582,0.6169736842105263,0.2015057161446231
0500000US28101,25.0,0,0,6509,14509,21018,21018,2712,18306,1.0,1.0,1.0
0500000US28101,100.0,8785,11211,1022,0,12233,21018,2712,18306,0.582024931011514,0.7850294985250738,0.5519501802687643
0500000US28101,250.0,15133,5885,0,0,5885,21018,2712,18306,0.27999809686935007,0.7850294985250738,0.20517862995739103
0500000US28101,1000.0,15133,5885,0,0,5885,21018,2712,18306,0.27999809686935007,0.7850294985250738,0.20517862995739103
0500000US28103,25.0,0,0,5223,5194,10417,10417,2702,7715,1.0,1.0,1.0
0500000US28103,100.0,5238,5179,0,0,5179,10417,2702,7715,0.4971680906211001,0.9026646928201333,0.35515230071289694
0500000US28103,250.0,5238,5179,0,0,5179,10417,2702,7715,0.4971680906211001,0.9026646928201333,0.35515230071289694
0500000US28103,1000.0,5238,5179,0,0,5179,10417,2702,7715,0.4971680906211001,0.9026646928201333,0.35515230071289694
0500000US28105,25.0,0,0,6716,42871,49587,49587,30700,18887,1.0,1.0,1.0
0500000US28105,100.0,10096,34009,4553,929,39491,49587,30700,18887,0.7963982495412104,0.9490553745928338,0.5482607084237836
0500000US28105,250.0,11754,32400,5047,386,37833,49587,30700,18887,0.7629620666707,0.9467752442996743,0.46418171228887595
0500000US28105,1000.0,11772,32663,5152,0,37815,49587,30700,18887,0.7625990683041927,0.9467752442996743,0.4632286758087574
0500000US28107,25.0,0,1,8403,25788,34192,34192,7018,27174,1.0,1.0,1.0
0500000US28107,100.0,10893,11982,7426,3891,23299,34192,7018,27174,0.6814167056621432,0.981761185522941,0.6038492676823434
0500000US28107,250.0,11999,11813,10283,97,22193,34192,7018,27174,0.6490699578848853,0.981761185522941,0.5631485979244867
0500000US28107,1000.0,20255,13860,77,0,13937,34192,7018,27174,0.4076099672437997,0.6838130521516101,0.3362773239125635
0500000US28109,25.0,0,0,3364,52170,55534,55534,16605,38929,1.0,1.0,1.0
0500000US28109,100.0,12642,18736,17075,7081,42892,55534,16605,38929,0.7723556740015126,0.996266184884071,0.6768475943384109
0500000US28109,250.0,13260,26964,12680,2630,42274,55534,16605,38929,0.7612273562142111,0.996266184884071,0.660972539751856
0500000US28109,1000.0,36468,16668,2398,0,19066,55534,16605,38929,0.34332120862894805,0.461547726588377,0.2928921883428806
0500000US28113,25.0,0,0,8439,30849,39288,39288,15784,23504,1.0,1.0,1.0
0500000US28113,100.0,11149,12278,13630,2231,28139,39288,15784,23504,0.7162237833435146,0.9872655854029397,0.5342069434989789
0500000US28113,250.0,11149,13357,14782,0,28139,39288,15784,23504,0.7162237833435146,0.9872655854029397,0.5342069434989789
0500000US28113,1000.0,23705,15583,0,0,15583,39288,15784,23504,0.39663510486662595,0.6009249873289407,0.2594452008168822
0500000US28115,25.0,0,0,14031,18143,32174,32174,4982,27192,1.0,1.0,1.0
0500000US28115,100.0,19589,11496,1089,0,12585,32174,4982,27192,0.39115434823149126,0.7619429947812124,0.3232200647249191
0500000US28115,250.0,21053,10359,762,0,11121,32174,4982,27192,0.34565176850873375,0.7619429947812124,0.2693807002059429
0500000US28115,1000.0,21571,9917,686,0,10603,32174,4982,27192,0.3295518120221297,0.7553191489361702,0.25154457193292146
0500000US28117,25.0,0,0,8076,17050,25126,25126,5848,19278,1.0,1.0,1.0
0500000US28117,100.0,18322,6586,218,0,6804,25126,5848,19278,0.270795192231155,0.5812243502051984,0.17662620603797075
0500000US28117,250.0,18981,6129,16,0,6145,25126,5848,19278,0.24456738040277004,0.5778043775649795,0.14347961406784937
0500000US28117,1000.0,18981,6145,0,0,6145,25126,5848,19278,0.24456738040277004,0.5778043775649795,0.14347961406784937
0500000US28119,25.0,0,0,2589,4203,6792,6792,2886,3906,1.0,1.0,1.0
0500000US28119,100.0,2589,3173,1030,0,4203,6792,2886,3906,0.6188162544169611,0.9840609840609841,0.34895033282130056
0500000US28119,250.0,2589,3173,1030,0,4203,6792,2886,3906,0.6188162544169611,0.9840609840609841,0.34895033282130056
0500000US28119,1000.0,5682,1110,0,0,1110,6792,2886,3906,0.16342756183745583,0.3541233541233541,0.022529441884280594
0500000US28121,25.0,0,0,7003,148268,155271,155271,100004,55267,1.0,1.0,1.0
0500000US28121,100.0,10452,25424,41813,77582,144819,155271,100004,55267,0.9326854338543579,0.9786708531658733,0.8494761792751552
0500000US28121,250.0,11371,35790,60191,47919,143900,155271,100004,55267,0.9267667497472162,0.9786708531658733,0.8328478115331029
0500000US28121,1000.0,41420,66049,47802,0,113851,155271,100004,55267,0.7332405922548318,0.8241670333186673,0.5687118895543453
0500000US28123,25.0,0,0,11985,16139,28124,28124,7643,20481,1.0,1.0,1.0
0500000US28123,100.0,18859,9017,248,0,9265,28124,7643,20481,0.32943393542881527,0.6333900300928954,0.21600507787705678
0500000US28123,250.0,19739,8385,0,0,8385,28124,7643,20481,0.29814393400654243,0.6169043569279079,0.17919046921537035
0500000US28123,1000.0,19826,8298,0,0,8298,28124,7643,20481,0.2950504906841132,0.6169043569279079,0.17494262975440653
0500000US28127,25.0,0,0,11172,15486,26658,26658,3624,23034,1.0,1.0,1.0
0500000US28127,100.0,15885,7761,3012,0,10773,26658,3624,23034,0.4041188386225523,0.7753863134657837,0.3457063471390119
0500000US28127,250.0,18336,8215,107,0,8322,26658,3624,23034,0.3121764573486383,0.5902317880794702,0.26842927845793174
0500000US28127,1000.0,18916,7742,0,0,7742,26658,3624,23034,0.2904193863005477,0.5902317880794702,0.24324911001128766
0500000US28131,25.0,0,0,1970,16366,18336,18336,3740,14596,1.0,1.0,1.0
0500000US28131,100.0,6924,5743,4335,1334,11412,18336,3740,14596,0.6223821989528796,0.9745989304812834,0.5321320909838312
0500000US28131,250.0,7032,5692,4617,995,11304,18336,3740,14596,0.6164921465968587,0.9745989304812834,0.5247328035078104
0500000US28131,1000.0,9510,7062,1764,0,8826,18336,3740,14596,0.481348167539267,0.8328877005347594,0.3912715812551384
0500000US28133,25.0,0,0,6313,18797,25110,25110,14424,10686,1.0,1.0,1.0
0500000US28133,100.0,6566,12447,5782,315,18544,25110,14424,10686,0.738510553564317,0.9426650027731559,0.4629421673217294
0500000US28133,250.0,10502,14191,417,0,14608,25110,14424,10686,0.5817602548785344,0.6869107043815862,0.4398278120905858
0500000US28133,1000.0,16491,8619,0,0,8619,25110,14424,10686,0.34324970131421745,0.47809206877426513,0.16123900430469773
0500000US28135,25.0,0,0,6234,7575,13809,13809,2424,11385,1.0,1.0,1.0
0500000US28135,100.0,6308,3744,3757,0,7501,13809,2424,11385,0.543196466072851,0.9855610561056105,0.4490118577075099
0500000US28135,250.0,6309,3743,3757,0,7500,13809,2424,11385,0.5431240495329133,0.9855610561056105,0.44892402283706634
0500000US28135,1000.0,9827,3982,0,0,3982,13809,2424,11385,0.2883626620320081,0.0,0.3497584541062802
0500000US28137,25.0,0,0,6188,22133,28321,28321,6347,21974,1.0,1.0,1.0
0500000US28137,100.0,7066,12711,5773,2771,21255,28321,6347,21974,0.7505031601991455,0.9951158027414526,0.6798489123509602
0500000US28137,250.0,7123,13546,6648,1004,21198,28321,6347,21974,0.7484905194025635,0.9951158027414526,0.6772549376535906
0500000US28137,1000.0,11149,16168,1004,0,17172,28321,6347,21974,0.6063345220860845,0.7225460847644557,0.5727678165104214
0500000US28139,25.0,0,0,3399,18616,22015,22015,3539,18476,1.0,1.0,1.0
0500000US28139,100.0,13735,6510,1763,7,8280,22015,3539,18476,0.3761071996366114,0.47273241028539137,0.3575990474128599
0500000US28139,250.0,13735,6510,1770,0,8280,22015,3539,18476,0.3761071996366114,0.47273241028539137,0.3575990474128599
0500000US28139,1000.0,15320,6695,0,0,6695,22015,3539,18476,0.3041108335225982,0.47273241028539137,0.27181208053691275
0500000US28143,25.0,0,0,3076,6556,9632,9632,3446,6186,1.0,1.0,1.0
0500000US28143,100.0,3846,1941,3334,511,5786,9632,3446,6186,0.6007059800664452,0.9254207777132908,0.41981894600711284
0500000US28143,250.0,4089,2351,3192,0,5543,9632,3446,6186,0.5754775747508306,0.9254207777132908,0.3805366957646298
0500000US28143,1000.0,5865,3767,0,0,3767,9632,3446,6186,0.3910921926910299,0.8061520603598374,0.159877141933398
0500000US28145,25.0,0,0,9571,19244,28815,28815,6909,21906,1.0,1.0,1.0
0500000US28145,100.0,20311,8377,127,0,8504,28815,6909,21906,0.29512406732604546,0.5639021566073238,0.21035332785538208
0500000US28145,250.0,20546,8267,2,0,8269,28815,6909,21906,0.28696859274683323,0.5639021566073238,0.19962567333150735
0500000US28145,1000.0,20546,8267,2,0,8269,28815,6909,21906,0.28696859274683323,0.5639021566073238,0.19962567333150735
0500000US28149,25.0,0,0,1157,44224,45381,45381,27205,18176,1.0,1.0,1.0
0500000US28149,100.0,3612,10258,15553,15958,41769,45381,27205,18176,0.9204072188801481,0.9727256019114133,0.8420994718309859
0500000US28149,250.0,14601,24345,6185,250,30780,45381,27205,18176,0.6782574205063793,0.7077007902959015,0.6341879401408451
0500000US28149,1000.0,14665,25346,5370,0,30716,45381,27205,18176,0.6768471386703686,0.7053482815658886,0.6341879401408451
0500000US28151,25.0,0,0,4358,39551,43909,43909,35247,8662,1.0,1.0,1.0
0500000US28151,100.0,5416,16155,21339,999,38493,43909,35247,8662,0.8766539889316541,0.9654438675631969,0.515354421611637
0500000US28151,250.0,8477,18840,16592,0,35432,43909,35247,8662,0.8069416292787356,0.8942605044400942,0.4516277995843916
0500000US28151,1000.0,19329,24580,0,0,24580,43909,35247,8662,0.5597941196565624,0.6169035662609583,0.32740706534287695
0500000US28153,25.0,0,0,7565,12618,20183,20183,4037,16146,1.0,1.0,1.0
0500000US28153,100.0,7866,6320,5997,0,12317,20183,4037,16146,0.6102660655006689,0.9992568739162745,0.5130063173541435
0500000US28153,250.0,7866,6380,5937,0,12317,20183,4037,16146,0.6102660655006689,0.9992568739162745,0.5130063173541435
0500000US28153,1000.0,11749,8248,186,0,8434,20183,4037,16146,0.4178764306594659,0.7944017835026009,0.3237334324290846
0500000US28159,25.0,0,0,5614,12341,17955,17955,4093,13862,1.0,1.0,1.0
0500000US28159,100.0,9098,7906,817,134,8857,17955,4093,13862,0.49328877749930383,0.8959198631810408,0.37440484778531236
0500000US28159,250.0,9098,8010,847,0,8857,17955,4093,13862,0.49328877749930383,0.8959198631810408,0.37440484778531236
0500000US28159,1000.0,9098,8145,712,0,8857,17955,4093,13862,0.49328877749930383,0.8959198631810408,0.37440484778531236
0500000US28161,25.0,0,0,4172,7936,12108,12108,2420,9688,1.0,1.0,1.0
0500000US28161,100.0,10227,1792,89,0,1881,12108,2420,9688,0.1553518334985134,0.0,0.19415772089182493
0500000US28161,250.0,10244,1775,89,0,1864,12108,2420,9688,0.15394780310538486,0.0,0.19240297274979357
0500000US28161,1000.0,10307,1712,89,0,1801,12108,2420,9688,0.14874463164849686,0.0,0.18590008257638316
0500000US28163,25.0,0,0,7664,20582,28246,28246,14702,13544,1.0,1.0,1.0
0500000US28163,100.0,8146,6114,10384,3602,20100,28246,14702,13544,0.7116051830347659,0.9978234253843015,0.40091553455404605
0500000US28163,250.0,11692,16401,153,0,16554,28246,14702,13544,0.5860652835799759,0.8811726295742076,0.26572652096869465
0500000US28163,1000.0,11743,16503,0,0,16503,28246,14702,13544,0.5842597181901862,0.881104611617467,0.26203484937979915
0500000US29001,25.0,0,0,741,24602,25343,25343,15652,9691,1.0,1.0,1.0
0500000US29001,100.0,5257,19948,138,0,20086,25343,15652,9691,0.7925659945547094,0.917454638384871,0.5908574966463729
0500000US29001,250.0,25343,0,0,0,0,25343,15652,9691,0.0,0.0,0.0
0500000US29001,1000.0,25343,0,0,0,0,25343,15652,9691,0.0,0.0,0.0
0500000US29003,25.0,0,0,2106,15605,17711,17711,6676,11035,1.0,1.0,1.0
0500000US29003,100.0,2245,6634,8832,0,15466,17711,6676,11035,0.8732426175822935,0.9997004194128221,0.7967376529225193
0500000US29003,250.0,2245,7250,8216,0,15466,17711,6676,11035,0.8732426175822935,0.9997004194128221,0.7967376529225193
0500000US29003,1000.0,2310,15369,32,0,15401,17711,6676,11035,0.8695725820111795,0.9997004194128221,0.7908473040326235
0500000US29007,25.0,0,0,1178,24210,25388,25388,14424,10964,1.0,1.0,1.0
0500000US29007,100.0,9057,6411,9803,117,16331,25388,14424,10964,0.6432566566881992,0.8691070438158625,0.3461327982488143
0500000US29007,250.0,11020,4653,9598,117,14368,25388,14424,10964,0.5659366629903891,0.7617859123682751,0.30828164903319955
0500000US29007,1000.0,15275,9996,117,0,10113,25388,14424,10964,0.39833779738459113,0.6246533555185801,0.10060197008391099
0500000US29009,25.0,0,0,753,35036,35789,35789,9485,26304,1.0,1.0,1.0
0500000US29009,100.0,20292,10729,4748,20,15497,35789,9485,26304,0.4330101427813015,0.920611491829204,0.2571852189781022
0500000US29009,250.0,22974,9669,3126,20,12815,35789,9485,26304,0.35807091564447174,0.8844491302055878,0.16826338199513383
0500000US29009,1000.0,31771,4018,0,0,4018,35789,9485,26304,0.11226913297381877,0.27053241960991037,0.0552007299270073
0500000US29011,25.0,0,0,3053,8701,11754,11754,3358,8396,1.0,1.0,1.0
0500000US29011,100.0,10349,1036,369,0,1405,11754,3358,8396,0.11953377573591968,0.008636092912447886,0.16388756550738448
0500000US29011,250.0,10378,1376,0,0,1376,11754,3358,8396,0.11706653054279394,0.008636092912447886,0.160433539780848
0500000US29011,1000.0,11721,33,0,0,33,11754,3358,8396,0.002807554874936192,0.008636092912447886,0.0004764173415912339
0500000US29013,25.0,0,0,5534,10638,16172,16172,3362,12810,1.0,1.0,1.0
0500000US29013,100.0,10950,5222,0,0,5222,16172,3362,12810,0.3229037843185753,0.9872099940511601,0.1485558157689305
0500000US29013,250.0,10952,5220,0,0,5220,16172,3362,12810,0.32278011377689836,0.9866151100535395,0.1485558157689305
0500000US29013,1000.0,14686,1486,0,0,1486,16172,3362,12810,0.0918872124659906,0.0,0.1160031225604996
0500000US29015,25.0,0,3,13367,6071,19441,19441,2579,16862,1.0,1.0,1.0
0500000US29015,100.0,14240,5189,12,0,5201,19441,2579,16862,0.2675273905663289,0.0,0.30844502431502785
0500000US29015,250.0,14273,5168,0,0,5168,19441,2579,16862,0.2658299470191863,0.0,0.3064879610959554
0500000US29015,1000.0,14273,5168,0,0,5168,19441,2579,16862,0.2658299470191863,0.0,0.3064879610959554
0500000US29019,25.0,0,1,13519,166481,180001,180001,140506,39495,1.0,1.0,1.0
0500000US29019,100.0,27253,82208,56719,13821,152748,180001,140506,39495,0.8485952855817468,0.9685422686575662,0.4218761868590961
0500000US29019,250.0,29664,84737,52911,12689,150337,180001,140506,39495,0.8352009155504692,0.9659587490925654,0.37002152171160907
0500000US29019,1000.0,166096,13128,777,0,13905,180001,140506,39495,0.07724957083571758,0.07990406103653937,0.06780605139891126
0500000US29021,25.0,0,0,9521,77843,87364,87364,75152,12212,1.0,1.0,1.0
0500000US29021,100.0,10241,65318,11805,0,77123,87364,75152,12212,0.8827778032141386,0.9303544815839898,0.589993449066492
0500000US29021,250.0,13413,62291,11660,0,73951,87364,75152,12212,0.8464699418524793,0.8893176495635512,0.5827874222076646
0500000US29021,1000.0,71580,15784,0,0,15784,87364,75152,12212,0.1806693832699968,0.1495369384713647,0.37225679659351457
0500000US29023,25.0,0,0,7470,35008,42478,42478,20303,22175,1.0,1.0,1.0
0500000US29023,100.0,10627,26087,5760,4,31851,42478,20303,22175,0.7498234380149724,0.9926119292715362,0.5275310033821872
0500000US29023,250.0,14587,27891,0,0,27891,42478,20303,22175,0.6565987099204293,0.9905432694675663,0.3508455467869222
0500000US29023,1000.0,42462,16,0,0,16,42478,20303,22175,0.00037666556805875985,0.0,0.000721533258173619
0500000US29027,25.0,0,0,0,44743,44743,44743,16720,28023,1.0,1.0,1.0
0500000US29027,100.0,345,16736,24094,3568,44398,44743,16720,28023,0.9922892966497553,0.9975478468899521,0.9891517681904151
0500000US29027,250.0,345,16820,24096,3482,44398,44743,16720,28023,0.9922892966497553,0.9975478468899521,0.9891517681904151
0500000US29027,1000.0,5155,27800,11734,54,39588,44743,16720,28023,0.8847864470419954,0.8100478468899521,0.9293794383185241
0500000US29029,25.0,0,1,3997,42307,46305,46305,11724,34581,1.0,1.0,1.0
0500000US29029,100.0,12291,25156,8736,122,34014,46305,11724,34581,0.7345643019112407,0.9999147048788809,0.644602527399439
0500000US29029,250.0,15543,22369,8393,0,30762,46305,11724,34581,0.6643343051506316,0.9999147048788809,0.5505624475868252
0500000US29029,1000.0,36316,9989,0,0,9989,46305,11724,34581,0.21572184429327287,0.1774991470487888,0.2286804892860241
0500000US29031,25.0,0,0,11231,67640,78871,78871,53743,25128,1.0,1.0,1.0
0500000US29031,100.0,11485,64069,2607,710,67386,78871,53743,25128,0.8543824726452055,0.9980090430381631,0.5471983444762815
0500000US29031,250.0,11485,64069,2607,710,67386,78871,53743,25128,0.8543824726452055,0.9980090430381631,0.5471983444762815
0500000US29031,1000.0,74673,3488,710,0,4198,78871,53743,25128,0.05322615409973248,0.0,0.16706462909901304
0500000US29033,25.0,0,0,3044,5635,8679,8679,2973,5706,1.0,1.0,1.0
0500000US29033,100.0,3044,5635,0,0,5635,8679,2973,5706,0.6492683488881208,0.972418432559704,0.4808973010865755
0500000US29033,250.0,3657,5022,0,0,5022,8679,2973,5706,0.5786380919460767,0.972418432559704,0.37346652646337186
0500000US29033,1000.0,7557,1122,0,0,1122,8679,2973,5706,0.12927756653992395,0.0,0.19663512092534174
0500000US29037,25.0,0,1,6633,98298,104932,104932,69522,35410,1.0,1.0,1.0
0500000US29037,100.0,27539,42815,22628,11950,77393,104932,69522,35410,0.737553844394465,0.9906216737147954,0.24069471900593054
0500000US29037,250.0,38043,44515,17583,4791,66889,104932,69522,35410,0.6374509205961957,0.8589079715773424,0.20265461733973453
0500000US29037,1000.0,82013,18243,4676,0,22919,104932,69522,35410,0.21841764190142188,0.30078248611950176,0.056707144874329284
0500000US29039,25.0,0,0,3626,10722,14348,14348,3422,10926,1.0,1.0,1.0
0500000US29039,100.0,4638,8234,1476,0,9710,14348,3422,10926,0.6767493727348759,0.9985388661601403,0.5759655866739887
0500000US29039,250.0,14348,0,0,0,0,14348,3422,10926,0.0,0.0,0.0
0500000US29039,1000.0,14348,0,0,0,0,14348,3422,10926,0.0,0.0,0.0
0500000US29043,25.0,0,0,3,88576,88579,88579,46104,42475,1.0,1.0,1.0
0500000US29043,100.0,24346,38711,23221,2301,64233,88579,46104,42475,0.7251493017532372,0.9661417664410897,0.46356680400235434
0500000US29043,250.0,29173,49462,9124,820,59406,88579,46104,42475,0.670655572991341,0.94412632309561,0.3738198940553267
0500000US29043,1000.0,84085,4494,0,0,4494,88579,46104,42475,0.05073437270684925,0.06611140031233732,0.03404355503237198
0500000US29047,25.0,0,7,4082,245845,249934,249934,221481,28453,1.0,1.0,1.0
0500000US29047,100.0,16625,33829,112540,86940,233309,249934,221481,28453,0.9334824393639921,0.996044807455267,0.44649070396794716
0500000US29047,250.0,17011,46718,155975,30230,232923,249934,221481,28453,0.931938031640353,0.9954217291776721,0.43777457561592803
0500000US29047,1000.0,62958,156738,30196,42,186976,249934,221481,28453,0.7481014987956821,0.8134693269400084,0.23927178153446033
0500000US29049,250.0,5523,10179,4685,0,14864,20387,4775,15612,0.7290920684750086,1.0,0.6462336664104535
0500000US29049,1000.0,5551,14836,0,0,14836,20387,4775,15612,0.7277186442340707,0.9997905759162303,0.6445042275172944
0500000US29051,25.0,0,0,0,76745,76745,76745,54158,22587,1.0,1.0,1.0
0500000US29051,100.0,15624,25951,33971,1199,61121,76745,54158,22587,0.7964167046713141,0.970087521695779,0.37999734360472837
0500000US29051,250.0,16460,25356,34103,826,60285,76745,54158,22587,0.7855234868721089,0.9662469071974593,0.3521937397618099
0500000US29051,1000.0,70777,5968,0,0,5968,76745,54158,22587,0.07776402371489999,0.0684294102441006,0.1001461017399389
0500000US29053,1000.0,2,15465,2242,0,17707,17709,8163,9546,0.9998870630752724,1.0,0.9997904881625812
0500000US29055,25.0,0,0,363,23557,23920,23920,6499,17421,1.0,1.0,1.0
0500000US29055,100.0,414,9240,10803,3463,23506,23920,6499,17421,0.9826923076923076,0.9979996922603478,0.9769818035704035
0500000US29055,250.0,6935,14387,2598,0,16985,23920,6499,17421,0.7100752508361204,0.9749192183412833,0.6112737500717524
0500000US29055,1000.0,15395,8525,0,0,8525,23920,6499,17421,0.3563963210702341,0.07154946914909986,0.46266000803627805
0500000US29059,25.0,0,0,5,16873,16878,16878,2853,14025,1.0,1.0,1.0
0500000US29059,100.0,13879,2999,0,0,2999,16878,2853,14025,0.17768692973101077,0.9940413599719593,0.011622103386809269
0500000US29059,250.0,13879,2999,0,0,2999,16878,2853,14025,0.17768692973101077,0.9940413599719593,0.011622103386809269
0500000US29059,1000.0,13879,2999,0,0,2999,16878,2853,14025,0.17768692973101077,0.9940413599719593,0.011622103386809269
0500000US29063,25.0,0,0,4890,7657,12547,12547,4614,7933,1.0,1.0,1.0
0500000US29063,100.0,5057,5767,1723,0,7490,12547,4614,7933,0.5969554475173349,0.2785002167316862,0.7821757216689776
0500000US29063,250.0,5058,6015,1474,0,7489,12547,4614,7933,0.5968757471905635,0.2785002167316862,0.7820496659523509
0500000US29063,1000.0,5185,7362,0,0,7362,12547,4614,7933,0.5867538056906033,0.2756827048114434,0.7676793142569015
0500000US29065,100.0,7349,7993,231,0,8224,15573,4788,10785,0.5280934951518654,1.0,0.31859063514140007
0500000US29065,250.0,14978,595,0,0,595,15573,4788,10785,0.03820715340653696,0.03863826232247285,0.03801576263328697
0500000US29065,1000.0,14978,595,0,0,595,15573,4788,10785,0.03820715340653696,0.03863826232247285,0.03801576263328697
0500000US29067,25.0,0,0,0,13185,13185,13185,2572,10613,1.0,1.0,1.0
0500000US29067,100.0,10538,2647,0,0,2647,13185,2572,10613,0.20075843761850587,0.9420684292379471,0.021106190521059078
0500000US29067,250.0,10573,2612,0,0,2612,13185,2572,10613,0.1981039059537353,0.9420684292379471,0.017808348252143596
0500000US29067,1000.0,13185,0,0,0,0,13185,2572,10613,0.0,0.0,0.0
0500000US29069,25.0,0,0,58,29073,29131,29131,14161,14970,1.0,1.0,1.0
0500000US29069,100.0,2013,22582,4536,0,27118,29131,14161,14970,0.9308983557035461,0.9966104088694301,0.8687374749498998
0500000US29069,250.0,2013,22658,4460,0,27118,29131,14161,14970,0.9308983557035461,0.9966104088694301,0.8687374749498998
0500000US29069,1000.0,20260,8871,0,0,8871,29131,14161,14970,0.30452095705605714,0.08014970694160017,0.5167668670674682
0500000US29071,25.0,0,0,5049,98918,103967,103967,45519,58448,1.0,1.0,1.0
0500000US29071,100.0,22857,33554,33011,14545,81110,103967,45519,58448,0.780151394192388,0.9875436630857444,0.6186353681905283
0500000US29071,250.0,32941,66973,4053,0,71026,103967,45519,58448,0.6831590793232468,0.9829521738175268,0.4496817684095264
0500000US29071,1000.0,100195,3772,0,0,3772,103967,45519,58448,0.03628074292804447,0.06707089347305521,0.012301532986586367
0500000US29073,25.0,0,0,83,14623,14706,14706,2807,11899,1.0,1.0,1.0
0500000US29073,100.0,11246,1796,1664,0,3460,14706,2807,11899,0.2352781177750578,0.0021375133594584966,0.29027649382301035
0500000US29073,250.0,12050,2638,18,0,2656,14706,2807,11899,0.18060655514755883,0.0021375133594584966,0.2227077905706362
0500000US29073,1000.0,12050,2656,0,0,2656,14706,2807,11899,0.18060655514755883,0.0021375133594584966,0.2227077905706362
0500000US29077,25.0,0,0,5,293079,293084,293084,247867,45217,1.0,1.0,1.0
0500000US29077,100.0,24658,144171,121588,2667,268426,293084,247867,45217,0.9158671234185422,0.9711175751511899,0.612999535572904
0500000US29077,250.0,42601,232507,17976,0,250483,293084,247867,45217,0.8546457670838394,0.9122029152731101,0.539133511732313
0500000US29077,1000.0,269364,23695,25,0,23720,293084,247867,45217,0.08093242892822536,0.06500260220198735,0.16825530220934604
0500000US29079,25.0,0,0,810,9040,9850,9850,5078,4772,1.0,1.0,1.0
0500000US29079,100.0,3733,4562,1555,0,6117,9850,5078,4772,0.6210152284263959,0.7796376526191414,0.45222129086336965
0500000US29079,250.0,4304,5546,0,0,5546,9850,5078,4772,0.5630456852791879,0.6695549428909019,0.44970662196144173
0500000US29079,1000.0,8039,1811,0,0,1811,9850,5078,4772,0.18385786802030457,0.0,0.3795054484492875
0500000US29081,1000.0,4413,3939,0,0,3939,8352,2221,6131,0.47162356321839083,1.0,0.28021529929864625
0500000US29083,25.0,0,1,10748,11075,21824,21824,10686,11138,1.0,1.0,1.0
0500000US29083,100.0,12692,9088,44,0,9132,21824,10686,11138,0.4184384164222874,0.7691371888452181,0.08197162865864607
0500000US29083,250.0,12780,9000,44,0,9044,21824,10686,11138,0.4144061583577713,0.7691371888452181,0.0740707487879332
0500000US29083,1000.0,21818,6,0,0,6,21824,10686,11138,0.0002749266862170088,0.0,0.0005386963548213323
0500000US29089,25.0,0,0,8376,1625,10001,10001,3368,6633,1.0,1.0,1.0
0500000US29089,100.0,8376,1606,19,0,1625,10001,3368,6633,0.16248375162483752,0.459916864608076,0.01145786220413086
0500000US29089,250.0,8391,1591,19,0,1610,10001,3368,6633,0.16098390160983903,0.459916864608076,0.009196442032262928
0500000US29089,1000.0,8413,1588,0,0,1588,10001,3368,6633,0.15878412158784122,0.459916864608076,0.005879692446856626
0500000US29091,25.0,0,0,3927,36190,40117,40117,11022,29095,1.0,1.0,1.0
0500000US29091,100.0,24681,15436,0,0,15436,40117,11022,29095,0.38477453448662663,0.9997278170930866,0.15181302629317753
0500000US29091,250.0,39978,139,0,0,139,40117,11022,29095,0.003464865269087918,0.007439666122300853,0.001959099501632583
0500000US29091,1000.0,40035,82,0,0,82,40117,11022,29095,0.0020440212378792033,0.007439666122300853,0.0
0500000US29093,250.0,4746,5300,79,0,5379,10125,2582,7543,0.5312592592592592,1.0,0.37080737107251754
0500000US29093,1000.0,9224,901,0,0,901,10125,2582,7543,0.08898765432098765,0.030596436870642913,0.10897520880286359
0500000US29095,25.0,0,5,10333,692670,703008,703008,673736,29272,1.0,1.0,1.0
0500000US29095,100.0,17040,84850,379763,221355,685968,703008,673736,29272,0.9757613000136556,0.9958930500967738,0.5124009292156327
0500000US29095,250.0,17648,144300,448334,92726,685360,703008,673736,29272,0.9748964449906686,0.995455193132028,0.5017081169718502
0500000US29095,1000.0,162962,465870,73765,411,540046,703008,673736,29272,0.7681932495789522,0.792786788890604,0.2021385624487565
0500000US29097,25.0,0,0,2255,119057,121312,121312,90454,30858,1.0,1.0,1.0
0500000US29097,100.0,13771,35058,58328,14155,107541,121312,90454,30858,0.8864827881825376,0.9783868043425388,0.6170847106098905
0500000US29097,250.0,36308,76001,9003,0,85004,121312,90454,30858,0.7007056185702981,0.8120591681959891,0.37429515846782035
0500000US29097,1000.0,118830,2482,0,0,2482,121312,90454,30858,0.02045964125560538,0.003825148694363986,0.06922029943612677
0500000US29099,25.0,0,0,7936,217145,225081,225081,155654,69427,1.0,1.0,1.0
0500000US29099,100.0,14651,92745,113359,4326,210430,225081,155654,69427,0.9349078776085054,0.9897850360414766,0.8118743428349201
0500000US29099,250.0,20543,174296,28441,1801,204538,225081,155654,69427,0.9087306347492681,0.9885129839258869,0.7298601408673859
0500000US29099,1000.0,194273,29007,1801,0,30808,225081,155654,69427,0.1368751693834664,0.17858840762203348,0.04335489074855604
0500000US29101,25.0,0,0,4268,49788,54056,54056,25648,28408,1.0,1.0,1.0
0500000US29101,100.0,23927,30129,0,0,30129,54056,25648,28408,0.5573664348083469,0.9987913287585777,0.15882849901436216
0500000US29101,250.0,23930,30126,0,0,30126,54056,25648,28408,0.557310936806275,0.9987913287585777,0.15872289495916644
0500000US29101,1000.0,54056,0,0,0,0,54056,25648,28408,0.0,0.0,0.0
0500000US29105,25.0,0,0,0,35723,35723,35723,13908,21815,1.0,1.0,1.0
0500000US29105,100.0,12388,23059,276,0,23335,35723,13908,21815,0.6532206141701424,0.9990652861662352,0.43272977309190924
0500000US29105,250.0,35424,299,0,0,299,35723,13908,21815,0.008369957730313803,0.021282714984181765,0.000137520055008022
0500000US29105,1000.0,35424,299,0,0,299,35723,13908,21815,0.008369957730313803,0.021282714984181765,0.000137520055008022
0500000US29107,25.0,0,0,7579,25129,32708,32708,13820,18888,1.0,1.0,1.0
0500000US29107,100.0,17413,14891,404,0,15295,32708,13820,18888,0.4676225999755412,0.6777134587554269,0.3139030072003388
0500000US29107,250.0,17781,14927,0,0,14927,32708,13820,18888,0.45637152990094165,0.6760492040520985,0.29563744176196527
0500000US29107,1000.0,31959,749,0,0,749,32708,13820,18888,0.022899596429008195,0.051447178002894355,0.0020118593816179585
0500000US29109,25.0,0,0,364,37991,38355,38355,15525,22830,1.0,1.0,1.0
0500000US29109,100.0,16833,20704,818,0,21522,38355,15525,22830,0.56112631990614,0.9116264090177134,0.32277704774419624
0500000US29109,250.0,19610,18745,0,0,18745,38355,15525,22830,0.48872376482857516,0.8678260869565217,0.23092422251423567
0500000US29109,1000.0,38331,24,0,0,24,38355,15525,22830,0.0006257332811888932,0.0007729468599033816,0.0005256241787122207
0500000US29113,25.0,0,3,4497,54510,59010,59010,13923,45087,1.0,1.0,1.0
0500000US29113,100.0,27844,28251,2915,0,31166,59010,13923,45087,0.5281477715641417,0.9992817639876463,0.38266019029875575
0500000US29113,250.0,29966,28954,90,0,29044,59010,13923,45087,0.49218776478562953,0.9992817639876463,0.3355956262337259
0500000US29113,1000.0,58956,54,0,0,54,59010,13923,45087,0.0009150991357397051,0.0,0.0011976844766784216
0500000US29115,25.0,0,0,1340,10580,11920,11920,3836,8084,1.0,1.0,1.0
0500000US29115,100.0,1503,9136,1281,0,10417,11920,3836,8084,0.8739093959731543,0.9473409801876955,0.8390648193963385
0500000US29115,250.0,1778,8861,1281,0,10142,11920,3836,8084,0.8508389261744966,0.9473409801876955,0.8050470064324592
0500000US29115,1000.0,2676,9224,20,0,9244,11920,3836,8084,0.775503355704698,0.9473409801876955,0.6939633844631371
0500000US29117,25.0,0,0,3709,11514,15223,15223,9397,5826,1.0,1.0,1.0
0500000US29117,100.0,3815,8303,3105,0,11408,15223,9397,5826,0.7493923668133745,0.8521868681494094,0.5835907998626845
0500000US29117,250.0,14307,916,0,0,916,15223,9397,5826,0.060172107994482034,0.0,0.15722622725712324
0500000US29117,1000.0,14307,916,0,0,916,15223,9397,5826,0.060172107994482034,0.0,0.15722622725712324
0500000US29119,25.0,0,0,4263,18574,22837,22837,3,22834,1.0,1.0,1.0
0500000US29119,100.0,15510,4300,2703,324,7327,22837,3,22834,0.32083898935937294,0.0,0.3208811421564334
0500000US29119,250.0,15902,3908,2744,283,6935,22837,3,22834,0.30367386259140866,0.0,0.3037137601821845
0500000US29119,1000.0,16604,5343,890,0,6233,22837,3,22834,0.2729342733283706,0.0,0.27297013225891215
0500000US29121,1000.0,4445,10672,0,0,10672,15117,4564,10553,0.7059601772838526,1.0,0.5787927603525064
0500000US29123,250.0,6229,5859,0,0,5859,12088,4041,8047,0.48469556585043017,1.0,0.22592270411333415
0500000US29123,1000.0,12088,0,0,0,0,12088,4041,8047,0.0,0.0,0.0
0500000US29127,25.0,0,0,393,28137,28530,28530,21334,7196,1.0,1.0,1.0
0500000US29127,100.0,4686,16869,6439,536,23844,28530,21334,7196,0.835751840168244,0.999859379394394,0.34922178988326846
0500000US29127,250.0,4909,17041,6580,0,23621,28530,21334,7196,0.8279355064844024,0.999859379394394,0.31823235130628125
0500000US29127,1000.0,21241,7289,0,0,7289,28530,21334,7196,0.25548545390816685,0.2853660823099278,0.1668982768204558
0500000US29131,25.0,0,0,904,24714,25618,25618,5060,20558,1.0,1.0,1.0
0500000US29131,100.0,11894,13404,320,0,13724,25618,5060,20558,0.5357170739323913,0.9974308300395257,0.42207413172487596
0500000US29131,250.0,14196,11102,320,0,11422,25618,5060,20558,0.4458583808259817,0.9974308300395257,0.3100982585854655
0500000US29131,1000.0,25281,337,0,0,337,25618,5060,20558,0.01315481302209384,0.0001976284584980237,0.016344002334857475
0500000US29133,25.0,0,0,990,12190,13180,13180,8770,4410,1.0,1.0,1.0
0500000US29133,100.0,1910,11116,154,0,11270,13180,8770,4410,0.855083459787557,0.9990877993158495,0.5687074829931973
0500000US29133,250.0,1910,11116,154,0,11270,13180,8770,4410,0.855083459787557,0.9990877993158495,0.5687074829931973
0500000US29133,1000.0,12917,263,0,0,263,13180,8770,4410,0.019954476479514417,0.0031927023945267957,0.05328798185941043
0500000US29135,1000.0,225,15858,49,0,15907,16132,7472,8660,0.9860525663277957,1.0,0.9740184757505773
0500000US29139,250.0,4339,5733,1479,0,7212,11551,2196,9355,0.6243615271405073,1.0,0.5361838588989845
0500000US29139,1000.0,8755,1324,1472,0,2796,11551,2196,9355,0.24205696476495542,0.0,0.29887760555852483
0500000US29143,25.0,0,0,840,16236,17076,17076,6918,10158,1.0,1.0,1.0
0500000US29143,100.0,2938,13886,252,0,14138,17076,6918,10158,0.827945654720075,0.9991326973113617,0.7113605040362276
0500000US29143,250.0,2938,13886,252,0,14138,17076,6918,10158,0.827945654720075,0.9991326973113617,0.7113605040362276
0500000US29143,1000.0,16579,497,0,0,497,17076,6918,10158,0.029105176856406654,0.008673026886383347,0.043020279582595
0500000US29145,25.0,0,0,7,58229,58236,58236,20463,37773,1.0,1.0,1.0
0500000US29145,100.0,20040,25377,11461,1358,38196,58236,20463,37773,0.6558829589944364,0.9259150662170748,0.5095968019484817
0500000US29145,250.0,37834,17993,2409,0,20402,58236,20463,37773,0.3503331272752249,0.4027268728925377,0.32194954067720327
0500000US29145,1000.0,57399,837,0,0,837,58236,20463,37773,0.01437255305996291,0.0,0.02215868477483917
0500000US29147,25.0,0,0,1954,20138,22092,22092,11962,10130,1.0,1.0,1.0
0500000US29147,100.0,2744,12176,7034,138,19348,22092,11962,10130,0.8757921419518377,0.8733489383046313,0.8786771964461995
0500000US29147,250.0,2833,12293,6863,103,19259,22092,11962,10130,0.8717635343110628,0.8662431031600066,0.8782823297137217
0500000US29147,1000.0,7645,13387,1060,0,14447,22092,11962,10130,0.6539471301828716,0.47040628657415146,0.8706811451135242
0500000US29149,25.0,0,1,8341,2187,10529,10529,2061,8468,1.0,1.0,1.0
0500000US29149,100.0,8617,1912,0,0,1912,10529,2061,8468,0.18159369360812994,0.6273653566229985,0.0730987246102976
0500000US29149,250.0,10529,0,0,0,0,10529,2061,8468,0.0,0.0,0.0
0500000US29149,1000.0,10529,0,0,0,0,10529,2061,8468,0.0,0.0,0.0
0500000US29155,25.0,0,0,1476,14329,15805,15805,7405,8400,1.0,1.0,1.0
0500000US29155,100.0,8523,6810,472,0,7282,15805,7405,8400,0.460740272065802,0.237407157326131,0.6576190476190477
0500000US29155,250.0,10813,4749,243,0,4992,15805,7405,8400,0.3158494147421702,0.04415935178933153,0.5553571428571429
0500000US29155,1000.0,13908,1897,0,0,1897,15805,7405,8400,0.12002530844669408,0.04321404456448346,0.18773809523809523
0500000US29157,25.0,0,0,8928,10208,19136,19136,8336,10800,1.0,1.0,1.0
0500000US29157,100.0,9538,9598,0,0,9598,19136,8336,10800,0.5015677257525084,0.9917226487523992,0.12324074074074073
0500000US29157,250.0,9538,9598,0,0,9598,19136,8336,10800,0.5015677257525084,0.9917226487523992,0.12324074074074073
0500000US29157,1000.0,19079,57,0,0,57,19136,8336,10800,0.0029786789297658865,0.0,0.005277777777777778
0500000US29159,25.0,0,0,10443,31896,42339,42339,26073,16266,1.0,1.0,1.0
0500000US29159,100.0,13494,23459,5386,0,28845,42339,26073,16266,0.6812867568908099,0.9814367353200629,0.20017213820238533
0500000US29159,250.0,13868,28471,0,0,28471,42339,26073,16266,0.6724532936536054,0.9747631649599202,0.18787655231771794
0500000US29159,1000.0,42113,226,0,0,226,42339,26073,16266,0.005337868159380241,0.0,0.013894012049674167
0500000US29161,100.0,10592,31994,1987,0,33981,44573,23666,20907,0.7623673524330873,1.0,0.49337542449897165
0500000US29161,250.0,38568,6001,4,0,6005,44573,23666,20907,0.13472281425975366,0.19585058734048846,0.06552829195963075
0500000US29161,1000.0,44474,99,0,0,99,44573,23666,20907,0.0022210755390034325,0.0011408772078086707,0.0034438226431338786
0500000US29163,25.0,0,0,5257,13045,18302,18302,8154,10148,1.0,1.0,1.0
0500000US29163,100.0,10024,8271,7,0,8278,18302,8154,10148,0.45230029504972136,0.6399313220505274,0.3015372487189594
0500000US29163,250.0,13429,4873,0,0,4873,18302,8154,10148,0.26625505409244893,0.5234240863379936,0.05961765865195112
0500000US29163,1000.0,18094,208,0,0,208,18302,8154,10148,0.011364878155392853,0.02256561196958548,0.002364998029168309
0500000US29165,25.0,0,0,4731,99676,104407,104407,84576,19831,1.0,1.0,1.0
0500000US29165,100.0,10004,21883,34790,37730,94403,104407,84576,19831,0.9041826697443658,0.9847001513431707,0.5607886642125964
0500000US29165,250.0,10205,29609,54313,10280,94202,104407,84576,19831,0.9022575114695375,0.9847001513431707,0.5506530180021179
0500000US29165,1000.0,39147,54980,10280,0,65260,104407,84576,19831,0.6250538756979896,0.7141624101399925,0.2450204225707226
0500000US29167,25.0,0,0,2075,30074,32149,32149,9634,22515,1.0,1.0,1.0
0500000US29167,100.0,16955,14651,543,0,15194,32149,9634,22515,0.472611900836729,0.6537263857172514,0.39511436819897844
0500000US29167,250.0,29030,3119,0,0,3119,32149,9634,22515,0.09701701452611279,0.19939796553871705,0.05320897179658006
0500000US29167,1000.0,29089,3060,0,0,3060,32149,9634,22515,0.09518180969859094,0.19939796553871705,0.050588496557850325
0500000US29169,25.0,0,2,2931,49673,52606,52606,28760,23846,1.0,1.0,1.0
0500000US29169,100.0,6820,41890,2821,1075,45786,52606,28760,23846,0.8703569934988404,0.9713143254520167,0.7485951522267885
0500000US29169,250.0,51043,1563,0,0,1563,52606,28760,23846,0.029711439759723225,0.053650904033379694,0.0008387150884844419
0500000US29169,1000.0,52586,20,0,0,20,52606,28760,23846,0.0003801847697981219,0.0,0.0008387150884844419
0500000US29173,25.0,0,0,170,10136,10306,10306,406,9900,1.0,1.0,1.0
0500000US29173,100.0,1355,7492,1454,5,8951,10306,406,9900,0.8685231903745391,0.9852216748768473,0.8637373737373737
0500000US29173,250.0,8432,1869,5,0,1874,10306,406,9900,0.18183582379196583,0.9064039408866995,0.15212121212121213
0500000US29173,1000.0,10189,117,0,0,117,10306,406,9900,0.011352610130021347,0.0,0.011818181818181818
0500000US29175,250.0,6650,9254,8291,553,18098,24748,13138,11610,0.7312914174882819,1.0,0.4272179155900086
0500000US29175,1000.0,14096,10099,553,0,10652,24748,13138,11610,0.4304186196864393,0.5175825848683209,0.33178294573643413
0500000US29177,25.0,0,0,8021,14996,23017,23017,5691,17326,1.0,1.0,1.0
0500000US29177,100.0,10830,11728,459,0,12187,23017,5691,17326,0.5294782117565278,0.9826041117554033,0.380641809996537
0500000US29177,250.0,11281,11277,459,0,11736,23017,5691,17326,0.5098839987835079,0.9826041117554033,0.35461156643195196
0500000US29177,1000.0,22504,513,0,0,513,23017,5691,17326,0.022287874179953947,0.020734493059216305,0.02279810689137712
0500000US29183,25.0,0,0,4898,397124,402022,402022,372041,29981,1.0,1.0,1.0
0500000US29183,100.0,17786,218424,163906,1906,384236,402022,372041,29981,0.9557586400744238,0.9963633040444467,0.4518861945899069
0500000US29183,250.0,22127,306096,73799,0,379895,402022,372041,29981,0.9449607235424927,0.9924712598880231,0.35539174810713453
0500000US29183,1000.0,342813,59209,0,0,59209,402022,372041,29981,0.14727800966116283,0.15845027832953895,0.008638804576231613
0500000US29186,25.0,0,0,7416,10478,17894,17894,4224,13670,1.0,1.0,1.0
0500000US29186,100.0,11567,6327,0,0,6327,17894,4224,13670,0.35358220632614284,0.9966856060606061,0.1548646671543526
0500000US29186,250.0,12697,5197,0,0,5197,17894,4224,13670,0.2904325472225327,0.9966856060606061,0.07220190197512802
0500000US29186,1000.0,17854,40,0,0,40,17894,4224,13670,0.002235386162959651,0.0,0.002926115581565472
0500000US29187,25.0,0,0,7181,60032,67213,67213,39967,27246,1.0,1.0,1.0
0500000US29187,100.0,11066,47898,7816,433,56147,67213,39967,27246,0.8353592311011263,0.9983486376260415,0.5962710122586802
0500000US29187,250.0,11232,53256,2725,0,55981,67213,39967,27246,0.8328894707869013,0.9983486376260415,0.5901783748073112
0500000US29187,1000.0,64781,2432,0,0,2432,67213,39967,27246,0.03618347641081338,0.04423649510846448,0.024370549805476035
0500000US29189,25.0,0,0,945,993260,994205,994205,982615,11590,1.0,1.0,1.0
0500000US29189,100.0,3039,198803,752959,39404,991166,994205,982615,11590,0.9969432863443656,0.997816031711301,0.9229508196721311
0500000US29189,250.0,6408,518328,468385,1084,987797,994205,982615,11590,0.993554649192068,0.9971331599863629,0.6901639344262295
0500000US29189,1000.0,524349,469088,768,0,469856,994205,982615,11590,0.4725946862065671,0.4769843733303481,0.1004314063848145
0500000US29195,25.0,0,0,4309,18452,22761,22761,11696,11065,1.0,1.0,1.0
0500000US29195,100.0,5292,9259,6009,2201,17469,22761,11696,11065,0.767497034400949,0.9997435020519836,0.5220063262539539
0500000US29195,250.0,20117,2621,23,0,2644,22761,11696,11065,0.11616361319801415,8.549931600547196e-05,0.23886127428829643
0500000US29195,1000.0,22721,40,0,0,40,22761,11696,11065,0.0017573920302271428,0.0,0.0036150022593764122
0500000US29201,25.0,0,0,3069,35211,38280,38280,22292,15988,1.0,1.0,1.0
0500000US29201,100.0,3550,30639,4091,0,34730,38280,22292,15988,0.9072622779519331,0.999775704288534,0.778271203402552
0500000US29201,250.0,3550,30639,4091,0,34730,38280,22292,15988,0.9072622779519331,0.999775704288534,0.778271203402552
0500000US29201,1000.0,33393,4887,0,0,4887,38280,22292,15988,0.12766457680250784,0.008433518751121478,0.29390793094821116
0500000US29207,25.0,0,0,3027,25998,29025,29025,8665,20360,1.0,1.0,1.0
0500000US29207,100.0,6325,17097,5578,25,22700,29025,8665,20360,0.7820844099913867,0.9948066935949221,0.6915520628683693
0500000US29207,250.0,6340,17682,4978,25,22685,29025,8665,20360,0.7815676141257537,0.9948066935949221,0.6908153241650294
0500000US29207,1000.0,21324,7701,0,0,7701,29025,8665,20360,0.26532299741602067,0.0,0.3782416502946955
0500000US29209,25.0,0,0,0,31952,31952,31952,3452,28500,1.0,1.0,1.0
0500000US29209,100.0,25130,6822,0,0,6822,31952,3452,28500,0.21350776164246368,0.7453650057937428,0.1490877192982456
0500000US29209,250.0,25938,6014,0,0,6014,31952,3452,28500,0.18821982974461693,0.7039397450753186,0.12575438596491229
0500000US29209,1000.0,31952,0,0,0,0,31952,3452,28500,0.0,0.0,0.0
0500000US29213,25.0,0,0,2089,53839,55928,55928,30223,25705,1.0,1.0,1.0
0500000US29213,100.0,15788,36633,3507,0,40140,55928,30223,25705,0.71770848233443,0.9329649604605764,0.4646177786422875
0500000US29213,250.0,17978,36237,1713,0,37950,55928,30223,25705,0.6785509941353168,0.8976276345829335,0.4209686831355767
0500000US29213,1000.0,55590,338,0,0,338,55928,30223,25705,0.006043484480045773,0.0,0.013149192764053685
0500000US29215,25.0,0,0,5994,19404,25398,25398,205,25193,1.0,1.0,1.0
0500000US29215,100.0,13907,11360,131,0,11491,25398,205,25193,0.4524371997795102,0.0,0.45611876314849364
0500000US29215,250.0,23206,2192,0,0,2192,25398,205,25193,0.08630600834711395,0.0,0.08700829595522566
0500000US29215,1000.0,25398,0,0,0,0,25398,205,25193,0.0,0.0,0.0
0500000US29217,25.0,0,0,4945,15618,20563,20563,8037,12526,1.0,1.0,1.0
0500000US29217,100.0,10704,9859,0,0,9859,20563,8037,12526,0.4794533871516802,0.9998755754634814,0.1455372824524988
0500000US29217,250.0,20442,121,0,0,121,20563,8037,12526,0.00588435539561348,0.014059972626601965,0.0006386715631486508
0500000US29217,1000.0,20450,113,0,0,113,20563,8037,12526,0.005495307104994408,0.014059972626601965,0.0
0500000US29219,25.0,0,2,6067,29580,35649,35649,12386,23263,1.0,1.0,1.0
0500000US29219,100.0,13078,21274,1297,0,22571,35649,12386,23263,0.6331453897725041,0.9602777329242693,0.4589691785238361
0500000US29219,250.0,15712,19886,51,0,19937,35649,12386,23263,0.5592583242166681,0.9602777329242693,0.34574216567080773
0500000US29219,1000.0,35176,433,40,0,473,35649,12386,23263,0.013268254368986508,0.0,0.02033271719038817
0500000US29221,25.0,0,0,12138,12592,24730,24730,4765,19965,1.0,1.0,1.0
0500000US29221,100.0,19532,4675,523,0,5198,24730,4765,19965,0.2101900525677315,0.5315844700944387,0.13348359629351364
0500000US29221,250.0,22215,2344,171,0,2515,24730,4765,19965,0.10169834209462192,0.25456453305351523,0.06521412471825695
0500000US29221,1000.0,23437,1265,28,0,1293,24730,4765,19965,0.052284674484431866,0.09569779643231899,0.04192336589030804
0500000US29225,25.0,0,0,2,39588,39590,39590,9703,29887,1.0,1.0,1.0
0500000US29225,100.0,23135,13430,2830,195,16455,39590,9703,29887,0.41563526142965396,0.9827888281974647,0.23150533676849466
0500000US29225,250.0,24971,14558,61,0,14619,39590,9703,29887,0.3692599141197272,0.9483664845923941,0.18124937263693244
0500000US29225,1000.0,39426,164,0,0,164,39590,9703,29887,0.004142460217226572,0.0,0.005487335630876301
0500000US29229,25.0,0,0,0,18289,18289,18289,4055,14234,1.0,1.0,1.0
0500000US29229,100.0,12536,5753,0,0,5753,18289,4055,14234,0.3145606648805293,0.9558569667077682,0.13186735984263032
0500000US29229,250.0,16853,1436,0,0,1436,18289,4055,14234,0.0785171414511455,0.0,0.10088520444007307
0500000US29229,1000.0,18289,0,0,0,0,18289,4055,14234,0.0,0.0,0.0
0500000US29510,25.0,0,0,0,300576,300576,300576,300575,1,1.0,1.0,1.0
0500000US29510,100.0,130,74893,225467,86,300446,300576,300575,1,0.9995674970722879,0.9995708225900357,0.0
0500000US29510,250.0,135,140423,159932,86,300441,300576,300575,1,0.9995508623442989,0.9995541878067038,0.0
0500000US29510,1000.0,140558,159932,86,0,160018,300576,300575,1,0.5323711806664537,0.5323729518423023,0.0
0500000US30001,25.0,0,0,1546,7907,9453,9453,4493,4960,1.0,1.0,1.0
0500000US30001,100.0,3650,5803,0,0,5803,9453,4493,4960,0.6138791917909658,0.9917649677275763,0.27157258064516127
0500000US30001,250.0,3650,5803,0,0,5803,9453,4493,4960,0.6138791917909658,0.9917649677275763,0.27157258064516127
0500000US30001,1000.0,9453,0,0,0,0,9453,4493,4960,0.0,0.0,0.0
0500000US30003,25.0,0,0,7293,6026,13319,13319,3456,9863,1.0,1.0,1.0
0500000US30003,100.0,9362,3957,0,0,3957,13319,3456,9863,0.2970943764546888,0.0,0.40119639055054246
0500000US30003,250.0,9372,3947,0,0,3947,13319,3456,9863,0.2963435693370373,0.0,0.4001825002534726
0500000US30003,1000.0,9372,3947,0,0,3947,13319,3456,9863,0.2963435693370373,0.0,0.4001825002534726
0500000US30013,25.0,0,0,175,81191,81366,81366,64821,16545,1.0,1.0,1.0
0500000US30013,100.0,15179,65271,895,21,66187,81366,64821,16545,0.813447877491827,0.9966523194643712,0.09567845270474463
0500000US30013,250.0,15179,65587,579,21,66187,81366,64821,16545,0.813447877491827,0.9966523194643712,0.09567845270474463
0500000US30013,1000.0,81248,118,0,0,118,81366,64821,16545,0.0014502371998131897,0.0018203977106184723,0.0
0500000US30017,250.0,1142,10260,0,0,10260,11402,9051,2351,0.89984213295913,1.0,0.5142492556358996
0500000US30017,1000.0,10556,846,0,0,846,11402,9051,2351,0.07419750920891072,0.007733952049497293,0.33007230965546575
0500000US30021,250.0,997,7616,0,0,7616,8613,5798,2815,0.8842447463137119,1.0,0.6458259325044405
0500000US30021,1000.0,7491,1122,0,0,1122,8613,5798,2815,0.13026819923371646,0.013625388064849949,0.3705150976909414
0500000US30023,25.0,0,0,1907,7233,9140,9140,6146,2994,1.0,1.0,1.0
0500000US30023,100.0,2326,6813,1,0,6814,9140,6146,2994,0.7455142231947484,0.9931662870159453,0.23714094856379425
0500000US30023,250.0,2326,6813,1,0,6814,9140,6146,2994,0.7455142231947484,0.9931662870159453,0.23714094856379425
0500000US30023,1000.0,9139,1,0,0,1,9140,6146,2994,0.00010940919037199125,0.00016270745200130165,0.0
0500000US30027,250.0,2906,8144,0,0,8144,11050,6019,5031,0.7370135746606334,1.0,0.4223812363347247
0500000US30027,1000.0,8821,2229,0,0,2229,11050,6019,5031,0.20171945701357466,0.05765077255358033,0.374080699662095
0500000US30029,25.0,0,3,15859,87941,103803,103803,47204,56599,1.0,1.0,1.0
0500000US30029,100.0,26305,74405,3093,0,77498,103803,47204,56599,0.7465872855312466,0.9984535208880604,0.5365289139384088
0500000US30029,250.0,26514,75979,1310,0,77289,103803,47204,56599,0.7445738562469293,0.9984535208880604,0.5328362691920352
0500000US30029,1000.0,103788,15,0,0,15,103803,47204,56599,0.0001445044940897662,0.0,0.0002650223502182017
0500000US30031,25.0,0,0,1150,113284,114434,114434,67070,47364,1.0,1.0,1.0
0500000US30031,100.0,22078,37791,40168,14397,92356,114434,67070,47364,0.8070678294912351,0.9949306694498286,0.5410438307575374
0500000US30031,250.0,34819,66588,12852,175,79615,114434,67070,47364,0.6957285422164742,0.9549127776949455,0.32870956844861077
0500000US30031,1000.0,104764,9670,0,0,9670,114434,67070,47364,0.08450285754233881,0.12427314745787983,0.028185964023308842
0500000US30035,25.0,0,0,4223,9530,13753,13753,7467,6286,1.0,1.0,1.0
0500000US30035,100.0,9508,4245,0,0,4245,13753,7467,6286,0.3086599287428197,0.46256863532877995,0.12583518930957685
0500000US30035,250.0,9859,3894,0,0,3894,13753,7467,6286,0.2831382243874064,0.44261416901031203,0.09370028635062043
0500000US30035,1000.0,13753,0,0,0,0,13753,7467,6286,0.0,0.0,0.0
0500000US30041,25.0,0,0,475,16009,16484,16484,9644,6840,1.0,1.0,1.0
0500000US30041,100.0,493,14770,1221,0,15991,16484,9644,6840,0.9700922106284883,0.9990667772708419,0.9292397660818713
0500000US30041,250.0,5492,10992,0,0,10992,16484,9644,6840,0.6668284396991021,0.9990667772708419,0.19839181286549706
0500000US30041,1000.0,16484,0,0,0,0,16484,9644,6840,0.0,0.0,0.0
0500000US30047,25.0,0,0,8927,21531,30458,30458,4867,25591,1.0,1.0,1.0
0500000US30047,100.0,12740,12314,5404,0,17718,30458,4867,25591,0.5817190885809967,0.9940415040065749,0.5033019420890157
0500000US30047,250.0,15473,14954,31,0,14985,30458,4867,25591,0.49198896841552303,0.9940415040065749,0.3965065843460592
0500000US30047,1000.0,30458,0,0,0,0,30458,4867,25591,0.0,0.0,0.0
0500000US30049,25.0,0,0,567,68865,69432,69432,46551,22881,1.0,1.0,1.0
0500000US30049,100.0,12311,55574,1546,1,57121,69432,46551,22881,0.8226898260168222,0.9914287555584198,0.47939338315633057
0500000US30049,250.0,12346,56084,1002,0,57086,69432,46551,22881,0.8221857356838346,0.9914287555584198,0.4778637297320921
0500000US30049,1000.0,69262,170,0,0,170,69432,46551,22881,0.0024484387602258326,0.0007948271787931516,0.005812683012106115
0500000US30053,25.0,0,1,5190,14789,19980,19980,3903,16077,1.0,1.0,1.0
0500000US30053,100.0,7944,12036,0,0,12036,19980,3903,16077,0.6024024024024024,0.9625928772738919,0.5149592585681408
0500000US30053,250.0,14983,4997,0,0,4997,19980,3903,16077,0.2501001001001001,0.0,0.3108166946569634
0500000US30053,1000.0,14983,4997,0,0,4997,19980,3903,16077,0.2501001001001001,0.0,0.3108166946569634
0500000US30063,25.0,0,0,8165,111432,119597,119597,89306,30291,1.0,1.0,1.0
0500000US30063,100.0,18745,89809,10885,158,100852,119597,89306,30291,0.843265299296805,0.9903253980695585,0.40969264798124855
0500000US30063,250.0,19237,98385,1975,0,100360,119597,89306,30291,0.8391514837328695,0.9884106331041588,0.39909544089003335
0500000US30063,1000.0,119527,70,0,0,70,119597,89306,30291,0.0005852989623485539,0.0007838219156607619,0.0
0500000US30067,25.0,0,1,4866,11739,16606,16606,8329,8277,1.0,1.0,1.0
0500000US30067,100.0,7565,8992,49,0,9041,16606,8329,8277,0.5444417680356498,0.9788690118861808,0.10728524827836172
0500000US30067,250.0,7645,8961,0,0,8961,16606,8329,8277,0.539624232205227,0.9788690118861808,0.09761991059562644
0500000US30067,1000.0,16606,0,0,0,0,16606,8329,8277,0.0,0.0,0.0
0500000US30073,25.0,0,0,3671,2240,5911,5911,2377,3534,1.0,1.0,1.0
0500000US30073,100.0,5911,0,0,0,0,5911,2377,3534,0.0,0.0,0.0
0500000US30073,250.0,5911,0,0,0,0,5911,2377,3534,0.0,0.0,0.0
0500000US30073,1000.0,5911,0,0,0,0,5911,2377,3534,0.0,0.0,0.0
0500000US30077,25.0,0,0,3140,3750,6890,6890,3185,3705,1.0,1.0,1.0
0500000US30077,100.0,3403,3487,0,0,3487,6890,3185,3705,0.5060957910014514,0.9978021978021978,0.08340080971659919
0500000US30077,250.0,3403,3487,0,0,3487,6890,3185,3705,0.5060957910014514,0.9978021978021978,0.08340080971659919
0500000US30077,1000.0,6890,0,0,0,0,6890,3185,3705,0.0,0.0,0.0
0500000US30081,25.0,0,9,4414,39379,43802,43802,6395,37407,1.0,1.0,1.0
0500000US30081,100.0,26693,16876,208,25,17109,43802,6395,37407,0.39059860280352493,0.9821735731039875,0.28946453872269895
0500000US30081,250.0,26693,17109,0,0,17109,43802,6395,37407,0.39059860280352493,0.9821735731039875,0.28946453872269895
0500000US30081,1000.0,43802,0,0,0,0,43802,6395,37407,0.0,0.0,0.0
0500000US30083,250.0,2352,8425,26,0,8451,10803,4899,5904,0.7822826992502083,1.0,0.6016260162601627
0500000US30083,1000.0,8850,1953,0,0,1953,10803,4899,5904,0.18078311580116635,0.01918758930393958,0.31487127371273715
0500000US30085,25.0,0,0,2686,8318,11004,11004,6088,4916,1.0,1.0,1.0
0500000US30085,100.0,6373,4631,0,0,4631,11004,6088,4916,0.42084696474009453,0.5803219448094612,0.22335231895850285
0500000US30085,250.0,6373,4631,0,0,4631,11004,6088,4916,0.42084696474009453,0.5803219448094612,0.22335231895850285
0500000US30085,1000.0,6373,4631,0,0,4631,11004,6088,4916,0.42084696474009453,0.5803219448094612,0.22335231895850285
0500000US30093,25.0,0,0,1436,33479,34915,34915,30259,4656,1.0,1.0,1.0
0500000US30093,100.0,4887,30022,6,0,30028,34915,30259,4656,0.8600315050837749,0.9750156978089164,0.11275773195876289
0500000US30093,250.0,4887,30028,0,0,30028,34915,30259,4656,0.8600315050837749,0.9750156978089164,0.11275773195876289
0500000US30093,1000.0,34915,0,0,0,0,34915,30259,4656,0.0,0.0,0.0
0500000US30101,25.0,0,0,2640,2096,4736,4736,2773,1963,1.0,1.0,1.0
0500000US30101,100.0,4736,0,0,0,0,4736,2773,1963,0.0,0.0,0.0
0500000US30101,250.0,4736,0,0,0,0,4736,2773,1963,0.0,0.0,0.0
0500000US30101,1000.0,4736,0,0,0,0,4736,2773,1963,0.0,0.0,0.0
0500000US30105,25.0,0,0,1391,6005,7396,7396,3177,4219,1.0,1.0,1.0
0500000US30105,100.0,5624,1772,0,0,1772,7396,3177,4219,0.23958896700919416,0.2719546742209632,0.2152168760369756
0500000US30105,250.0,5624,1772,0,0,1772,7396,3177,4219,0.23958896700919416,0.2719546742209632,0.2152168760369756
0500000US30105,1000.0,5624,1772,0,0,1772,7396,3177,4219,0.23958896700919416,0.2719546742209632,0.2152168760369756
0500000US30111,25.0,0,0,10458,150838,161296,161296,130860,30436,1.0,1.0,1.0
0500000US30111,100.0,18040,131050,12206,0,143256,161296,130860,30436,0.8881559369110207,0.9942992511080544,0.4317912997765804
0500000US30111,250.0,19646,137019,4631,0,141650,161296,130860,30436,0.8781990873921238,0.9941922665443986,0.3794848206071757
0500000US30111,1000.0,159485,1811,0,0,1811,161296,130860,30436,0.0112278047812717,0.007718172092312395,0.026317518727822314
0500000US31001,25.0,0,0,1913,29450,31363,31363,23951,7412,1.0,1.0,1.0
0500000US31001,100.0,2298,6611,10056,12398,29065,31363,23951,7412,0.9267289481235851,0.9997494885391006,0.6907717215326498
0500000US31001,250.0,2349,7588,10542,10884,29014,31363,23951,7412,0.9251028281733252,0.9997494885391006,0.6838909875876956
0500000US31001,1000.0,10262,10300,10801,0,21101,31363,23951,7412,0.6727991582437904,0.8455179324454094,0.11467889908256881
0500000US31013,100.0,163,2053,776,7791,10620,10783,8000,2783,0.9848836130946861,1.0,0.9414301113905857
0500000US31013,250.0,699,2282,7781,21,10084,10783,8000,2783,0.9351757395900955,0.996,0.7603305785123967
0500000US31013,1000.0,2819,7964,0,0,7964,10783,8000,2783,0.7385699712510433,0.95075,0.1286381602587136
0500000US31019,25.0,0,0,1723,47936,49659,49659,31819,17840,1.0,1.0,1.0
0500000US31019,100.0,7406,36441,5744,68,42253,49659,31819,17840,0.8508628848748464,0.9699550582985009,0.6384529147982063
0500000US31019,250.0,7754,36944,4961,0,41905,49659,31819,17840,0.8438550917255684,0.9699550582985009,0.6189461883408072
0500000US31019,1000.0,44642,5017,0,0,5017,49659,31819,17840,0.10102901790209227,0.1331908608064364,0.04366591928251121
0500000US31023,250.0,2251,3258,2361,146,5765,8016,2576,5440,0.719186626746507,1.0,0.5862132352941176
0500000US31023,1000.0,7870,146,0,0,146,8016,2576,5440,0.018213572854291416,0.056677018633540376,0.0
0500000US31025,100.0,2701,6402,9459,7684,23545,26246,6925,19321,0.8970890802407986,1.0,0.8602039231923814
0500000US31025,250.0,10238,12884,3075,49,16008,26246,6925,19321,0.6099215118494247,0.9764620938628159,0.4785466590756172
0500000US31025,1000.0,20127,6033,86,0,6119,26246,6925,19321,0.2331402880438924,0.1943682310469314,0.24703690285181926
0500000US31031,25.0,0,0,2759,2930,5689,5689,2413,3276,1.0,1.0,1.0
0500000US31031,100.0,4645,1044,0,0,1044,5689,2413,3276,0.1835120407804535,0.2652300041442188,0.12332112332112333
0500000US31031,250.0,5689,0,0,0,0,5689,2413,3276,0.0,0.0,0.0
0500000US31031,1000.0,5689,0,0,0,0,5689,2413,3276,0.0,0.0,0.0
0500000US31033,250.0,3345,5462,103,0,5565,8910,5240,3670,0.6245791245791246,1.0,0.0885558583106267
0500000US31033,1000.0,8807,103,0,0,103,8910,5240,3670,0.011560044893378228,0.01965648854961832,0.0
0500000US31037,25.0,0,0,0,10709,10709,10709,5967,4742,1.0,1.0,1.0
0500000US31037,100.0,3179,1606,5917,7,7530,10709,5967,4742,0.7031468857969931,0.9560918384447796,0.3848587094053142
0500000US31037,250.0,4034,6668,7,0,6675,10709,5967,4742,0.6233074983658605,0.9552538964303671,0.20560944749051033
0500000US31037,1000.0,10702,7,0,0,7,10709,5967,4742,0.0006536558035297414,0.0011731188201776438,0.0
0500000US31039,1000.0,5655,3191,0,0,3191,8846,2830,6016,0.3607280126610898,1.0,0.060006648936170214
0500000US31041,25.0,0,0,3620,7157,10777,10777,3368,7409,1.0,1.0,1.0
0500000US31041,100.0,7030,3747,0,0,3747,10777,3368,7409,0.34768488447619933,0.953978622327791,0.07207450398164394
0500000US31041,250.0,10767,10,0,0,10,10777,3368,7409,0.0009279020135473694,0.0,0.0013497098123903361
0500000US31041,1000.0,10767,10,0,0,10,10777,3368,7409,0.0009279020135473694,0.0,0.0013497098123903361
0500000US31043,25.0,0,0,1845,18181,20026,20026,15582,4444,1.0,1.0,1.0
0500000US31043,100.0,1861,6109,7179,4877,18165,20026,15582,4444,0.9070708079496654,0.9396098061866256,0.7929792979297929
0500000US31043,250.0,3364,11498,5164,0,16662,20026,15582,4444,0.8320183761110557,0.9376203311513285,0.46174617461746176
0500000US31043,1000.0,14818,5208,0,0,5208,20026,15582,4444,0.26006191950464397,0.3297394429469901,0.01575157515751575
0500000US31045,25.0,0,0,1803,6786,8589,8589,5149,3440,1.0,1.0,1.0
0500000US31045,100.0,2351,6238,0,0,6238,8589,5149,3440,0.7262777971824427,0.8681297339289182,0.513953488372093
0500000US31045,250.0,7152,1437,0,0,1437,8589,5149,3440,0.1673070206077541,0.0,0.41773255813953486
0500000US31045,1000.0,8589,0,0,0,0,8589,5149,3440,0.0,0.0,0.0
0500000US31047,250.0,4267,14193,5135,0,19328,23595,17170,6425,0.8191566009747828,1.0,0.335875486381323
0500000US31047,1000.0,18314,5281,0,0,5281,23595,17170,6425,0.22381860563678746,0.29522422830518347,0.03299610894941634
0500000US31053,25.0,0,0,0,36565,36565,36565,27079,9486,1.0,1.0,1.0
0500000US31053,100.0,2442,23616,9313,1194,34123,36565,27079,9486,0.9332148229180911,0.9987074855053731,0.7462576428420831
0500000US31053,250.0,4897,28418,3138,112,31668,36565,27079,9486,0.8660741145904554,0.9895121681007423,0.5137044064937804
0500000US31053,1000.0,31991,4574,0,0,4574,36565,27079,9486,0.12509230138110214,0.1155877248051996,0.15222433059245202
0500000US31055,25.0,0,0,14,571302,571316,571316,552041,19275,1.0,1.0,1.0
0500000US31055,100.0,10130,256842,260560,43784,561186,571316,552041,19275,0.9822690069943779,0.9865263630781047,0.860337224383917
0500000US31055,250.0,14428,393028,161419,2441,556888,571316,552041,19275,0.9747460249669185,0.9839522789068204,0.7110765239948119
0500000US31055,1000.0,542889,27017,1410,0,28427,571316,552041,19275,0.04975705213927144,0.04373407047664938,0.2222568093385214
0500000US31067,25.0,0,0,1001,20512,21513,21513,11379,10134,1.0,1.0,1.0
0500000US31067,100.0,5246,5369,10848,50,16267,21513,11379,10134,0.7561474457304885,0.9999121188153617,0.4824353660943359
0500000US31067,250.0,9030,2945,9488,50,12483,21513,11379,10134,0.5802538000278901,0.9999121188153617,0.10903887902111703
0500000US31067,1000.0,11425,10010,78,0,10088,21513,11379,10134,0.46892576581601825,0.8210739080762809,0.07351490033550424
0500000US31079,25.0,0,0,135,61218,61353,61353,51007,10346,1.0,1.0,1.0
0500000US31079,100.0,3078,7810,42632,7833,58275,61353,51007,10346,0.9498313040927094,0.9989021114748956,0.7079064372704427
0500000US31079,250.0,3820,51882,5651,0,57533,61353,51007,10346,0.937737355956514,0.9940988491775639,0.6598685482312004
0500000US31079,1000.0,60922,431,0,0,431,61353,51007,10346,0.007024921356738872,0.0027447213127609936,0.02812681229460661
0500000US31081,25.0,0,0,52,9269,9321,9321,4438,4883,1.0,1.0,1.0
0500000US31081,100.0,1176,4736,3405,4,8145,9321,4438,4883,0.8738332796910203,0.9997746732762506,0.7593692402211755
0500000US31081,250.0,1439,4670,3212,0,7882,9321,4438,4883,0.8456174230232808,0.9997746732762506,0.7055089084579153
0500000US31081,1000.0,3635,5686,0,0,5686,9321,4438,4883,0.6100203840789615,0.9997746732762506,0.2557853778414909
0500000US31089,25.0,0,0,1939,8128,10067,10067,3398,6669,1.0,1.0,1.0
0500000US31089,100.0,8979,1088,0,0,1088,10067,3398,6669,0.10807589152677063,0.0,0.16314289998500525
0500000US31089,250.0,10067,0,0,0,0,10067,3398,6669,0.0,0.0,0.0
0500000US31089,1000.0,10067,0,0,0,0,10067,3398,6669,0.0,0.0,0.0
0500000US31095,250.0,4336,2710,0,0,2710,7046,2378,4668,0.38461538461538464,1.0,0.07112253641816624
0500000US31095,1000.0,6852,194,0,0,194,7046,2378,4668,0.02753335225659949,0.0,0.04155955441302485
0500000US31099,25.0,0,0,658,5837,6495,6495,2891,3604,1.0,1.0,1.0
0500000US31099,100.0,1537,3169,1716,73,4958,6495,2891,3604,0.763356428021555,0.9993081978554134,0.5740843507214206
0500000US31099,250.0,1537,3169,1716,73,4958,6495,2891,3604,0.763356428021555,0.9993081978554134,0.5740843507214206
0500000US31099,1000.0,4624,1844,27,0,1871,6495,2891,3604,0.2880677444187837,0.5776547907298513,0.05577136514983352
0500000US31101,250.0,2116,1160,4758,0,5918,8034,4255,3779,0.7366193676873288,1.0,0.440063508864779
0500000US31101,1000.0,3071,4963,0,0,4963,8034,4255,3779,0.6177495643515061,0.9920094007050528,0.1963482402752051
0500000US31109,25.0,0,0,2,319074,319076,319076,284767,34309,1.0,1.0,1.0
0500000US31109,100.0,5805,20102,125599,167570,313271,319076,284767,34309,0.9818068422570171,0.9985005285022492,0.8432481273135329
0500000US31109,250.0,18232,23921,197403,79520,300844,319076,284767,34309,0.9428600082738908,0.9979772937173198,0.4853828441516803
0500000US31109,1000.0,40897,201891,75709,579,278179,319076,284767,34309,0.8718267748122704,0.9417664265873503,0.29132297647847505
0500000US31111,25.0,0,0,1985,32929,34914,34914,24210,10704,1.0,1.0,1.0
0500000US31111,100.0,5207,4579,25128,0,29707,34914,24210,10704,0.8508621183479407,0.9999173895084675,0.5137331838565022
0500000US31111,250.0,6778,3088,25048,0,28136,34914,24210,10704,0.805865841782666,0.9999173895084675,0.36696562032884905
0500000US31111,1000.0,8089,26825,0,0,26825,34914,24210,10704,0.7683164346680414,0.9630731102850062,0.32782137518684606
0500000US31119,25.0,0,0,1161,33938,35099,35099,24922,10177,1.0,1.0,1.0
0500000US31119,100.0,4208,27914,2977,0,30891,35099,24922,10177,0.8801105444599562,0.9878821924404141,0.6161933772231503
0500000US31119,250.0,5218,29765,116,0,29881,35099,24922,10177,0.85133479586313,0.9877618168686301,0.5172447676132456
0500000US31119,1000.0,35091,8,0,0,8,35099,24922,10177,0.00022792672155901877,0.0,0.0007860862729684582
0500000US31121,25.0,0,0,480,7275,7755,7755,2994,4761,1.0,1.0,1.0
0500000US31121,100.0,1754,5010,892,99,6001,7755,2994,4761,0.7738233397807865,0.9889779559118237,0.6385213190506196
0500000US31121,250.0,6124,1359,272,0,1631,7755,2994,4761,0.21031592520954223,0.09118236472945891,0.2852341944969544
0500000US31121,1000.0,7740,15,0,0,15,7755,2994,4761,0.0019342359767891683,0.003674014696058784,0.0008401596303297626
0500000US31127,25.0,0,0,0,6972,6972,6972,3284,3688,1.0,1.0,1.0
0500000US31127,100.0,1963,1493,2569,947,5009,6972,3284,3688,0.7184452094090649,0.9987819732034104,0.4688177874186551
0500000US31127,250.0,3481,212,3049,230,3491,6972,3284,3688,0.5007171543316121,0.9987819732034104,0.05721258134490238
0500000US31127,1000.0,6625,347,0,0,347,6972,3284,3688,0.04977051061388411,0.07003654080389768,0.03172451193058568
0500000US31131,25.0,0,0,0,16008,16008,16008,7073,8935,1.0,1.0,1.0
0500000US31131,100.0,3015,7853,3485,1655,12993,16008,7073,8935,0.8116566716641679,0.999434469107875,0.6630106323447118
0500000US31131,250.0,6368,8266,1366,8,9640,16008,7073,8935,0.6021989005497251,0.999434469107875,0.2877448237269166
0500000US31131,1000.0,12952,3056,0,0,3056,16008,7073,8935,0.19090454772613694,0.16202460059380744,0.21376608841634023
0500000US31137,25.0,0,0,622,8412,9034,9034,4707,4327,1.0,1.0,1.0
0500000US31137,100.0,1638,5034,2362,0,7396,9034,4707,4327,0.818684967899048,0.9974506054811982,0.6242200138664201
0500000US31137,250.0,1735,5201,2098,0,7299,9034,4707,4327,0.8079477529333629,0.9974506054811982,0.601802634619829
0500000US31137,1000.0,9034,0,0,0,0,9034,4707,4327,0.0,0.0,0.0
0500000US31141,25.0,0,0,541,32929,33470,33470,22522,10948,1.0,1.0,1.0
0500000US31141,100.0,3064,12606,13518,4282,30406,33470,22522,10948,0.90845533313415,0.9996891927892727,0.7207709170624772
0500000US31141,250.0,4757,16852,11854,7,28713,33470,22522,10948,0.8578727218404542,0.9996891927892727,0.5661308001461454
0500000US31141,1000.0,33467,3,0,0,3,33470,22522,10948,8.9632506722438e-05,0.00013320309031169522,0.0
0500000US31145,25.0,0,0,118,10606,10724,10724,7306,3418,1.0,1.0,1.0
0500000US31145,100.0,2631,7850,243,0,8093,10724,7306,3418,0.7546624393882879,0.9874076101834109,0.2571679344645992
0500000US31145,250.0,9992,732,0,0,732,10724,7306,3418,0.06825811264453562,0.03326033397207775,0.1430661205383265
0500000US31145,1000.0,9992,732,0,0,732,10724,7306,3418,0.06825811264453562,0.03326033397207775,0.1430661205383265
0500000US31147,250.0,3098,4767,0,0,4767,7865,3789,4076,0.6061029879211698,1.0,0.23994111874386653
0500000US31147,1000.0,7865,0,0,0,0,7865,3789,4076,0.0,0.0,0.0
0500000US31151,100.0,1517,2682,2774,7251,12707,14224,6687,7537,0.8933492688413949,1.0,0.7987262836672416
0500000US31151,250.0,3600,4139,6181,304,10624,14224,6687,7537,0.7469066366704162,0.9998504561088679,0.5224890540002654
0500000US31151,1000.0,12390,1794,40,0,1834,14224,6687,7537,0.12893700787401574,0.03947958725886048,0.208305691919862
0500000US31153,25.0,0,0,5,187174,187179,187179,170575,16604,1.0,1.0,1.0
0500000US31153,100.0,7161,75745,76350,27923,180018,187179,170575,16604,0.9617425031654192,0.9651590209585227,0.9266441821247892
0500000US31153,250.0,15149,153276,18306,448,172030,187179,170575,16604,0.9190667756532517,0.9496233328447897,0.6051553842447603
0500000US31153,1000.0,177997,9173,9,0,9182,187179,170575,16604,0.049054648224426886,0.03702770042503298,0.17260900987713804
0500000US31155,100.0,2889,7332,6676,4681,18689,21578,7023,14555,0.8661136342571137,1.0,0.8015115080728272
0500000US31155,250.0,8895,10140,2506,37,12683,21578,7023,14555,0.5877745852256928,0.9988608856613983,0.38941944349020957
0500000US31155,1000.0,19793,1723,62,0,1785,21578,7023,14555,0.08272314394290481,0.13000142389292324,0.05991068361387839
0500000US31157,100.0,3,5555,5588,24472,35615,35618,24526,11092,0.9999157729238026,1.0,0.9997295347998557
0500000US31157,250.0,5558,5588,24472,0,30060,35618,24526,11092,0.8439553034982312,0.9984913968849385,0.5022538766678687
0500000US31157,1000.0,10670,24948,0,0,24948,35618,24526,11092,0.7004323656578134,0.9795726983609231,0.08321312657771367
0500000US31159,25.0,0,0,0,17284,17284,17284,6582,10702,1.0,1.0,1.0
0500000US31159,100.0,1259,5102,5893,5030,16025,17284,6582,10702,0.9271580652626706,0.9998480704952902,0.8824518781536161
0500000US31159,250.0,3151,8013,4959,1161,14133,17284,6582,10702,0.8176926637352465,0.9998480704952902,0.7056624929919642
0500000US31159,1000.0,14346,2869,69,0,2938,17284,6582,10702,0.16998380004628558,0.18429048921300517,0.16118482526630537
0500000US31167,25.0,0,0,521,5399,5920,5920,1408,4512,1.0,1.0,1.0
0500000US31167,100.0,1336,4441,143,0,4584,5920,1408,4512,0.7743243243243243,0.9446022727272727,0.7211879432624113
0500000US31167,250.0,3869,2051,0,0,2051,5920,1408,4512,0.3464527027027027,0.9446022727272727,0.15979609929078015
0500000US31167,1000.0,5920,0,0,0,0,5920,1408,4512,0.0,0.0,0.0
0500000US31177,25.0,0,0,0,20729,20729,20729,7851,12878,1.0,1.0,1.0
0500000US31177,100.0,9067,11268,394,0,11662,20729,7851,12878,0.5625934680881857,0.9891733537129028,0.3025314489827613
0500000US31177,250.0,20182,547,0,0,547,20729,7851,12878,0.026388151864537603,0.0,0.042475539680074545
0500000US31177,1000.0,20274,455,0,0,455,20729,7851,12878,0.02194992522552945,0.0,0.03533157322565616
0500000US31179,25.0,0,0,2509,6876,9385,9385,4668,4717,1.0,1.0,1.0
0500000US31179,100.0,2666,6526,193,0,6719,9385,4668,4717,0.7159296750133192,0.9987146529562982,0.4360822556709773
0500000US31179,250.0,3605,5764,16,0,5780,9385,4668,4717,0.6158763985082578,0.9987146529562982,0.23701505193979225
0500000US31179,1000.0,9369,16,0,0,16,9385,4668,4717,0.0017048481619605753,0.003427592116538132,0.0
0500000US31185,250.0,2623,4166,3183,3707,11056,13679,7365,6314,0.8082462168287156,1.0,0.5845739626227431
0500000US31185,1000.0,8430,5239,10,0,5249,13679,7365,6314,0.3837268806199284,0.6835030549898167,0.034051314539119415
0500000US32001,25.0,0,1,2753,22155,24909,24909,15605,9304,1.0,1.0,1.0
0500000US32001,100.0,2942,6468,15340,159,21967,24909,15605,9304,0.8818900798908025,0.9983979493752002,0.6864789337919175
0500000US32001,250.0,6020,18889,0,0,18889,24909,15605,9304,0.7583202858404593,0.9971803909003525,0.3576956147893379
0500000US32001,1000.0,24909,0,0,0,0,24909,15605,9304,0.0,0.0,0.0
0500000US32003,25.0,0,11,14113,2252579,2266703,2266703,2201983,64720,1.0,1.0,1.0
0500000US32003,100.0,18992,112980,1308534,826197,2247711,2266703,2201983,64720,0.9916213107760479,0.9983065264354902,0.7641687268232386
0500000US32003,250.0,29601,132419,1661888,442795,2237102,2266703,2201983,64720,0.9869409446230936,0.9944895124076798,0.7301143386897404
0500000US32003,1000.0,37229,2178889,50585,0,2229474,2266703,2201983,64720,0.9835757044482669,0.991384129668576,0.7179079110012361
0500000US32005,25.0,0,0,1703,47202,48905,48905,32712,16193,1.0,1.0,1.0
0500000US32005,100.0,2878,39384,6579,64,46027,48905,32712,16193,0.9411512115325631,0.9987772071411103,0.8247390847897239
0500000US32005,250.0,3474,45431,0,0,45431,48905,32712,16193,0.9289643185768326,0.9987772071411103,0.7879330574939789
0500000US32005,1000.0,48905,0,0,0,0,48905,32712,16193,0.0,0.0,0.0
0500000US32007,25.0,0,0,11319,41141,52460,52460,29662,22798,1.0,1.0,1.0
0500000US32007,100.0,33695,13046,4083,1636,18765,52460,29662,22798,0.35770110560426993,0.5822601308070933,0.06553206421615931
0500000US32007,250.0,52455,5,0,0,5,52460,29662,22798,9.531071292413267e-05,0.0,0.00021931748398982366
0500000US32007,1000.0,52460,0,0,0,0,52460,29662,22798,0.0,0.0,0.0
0500000US32013,250.0,4422,12409,0,0,12409,16831,9850,6981,0.7372705127443407,1.0,0.3665663944993554
0500000US32013,1000.0,16831,0,0,0,0,16831,9850,6981,0.0,0.0,0.0
0500000US32015,25.0,0,0,5520,12,5532,5532,3360,2172,1.0,1.0,1.0
0500000US32015,100.0,5520,12,0,0,12,5532,3360,2172,0.0021691973969631237,0.0017857142857142857,0.0027624309392265192
0500000US32015,250.0,5532,0,0,0,0,5532,3360,2172,0.0,0.0,0.0
0500000US32015,1000.0,5532,0,0,0,0,5532,3360,2172,0.0,0.0,0.0
0500000US32019,25.0,0,0,10194,47315,57509,57509,33374,24135,1.0,1.0,1.0
0500000US32019,100.0,10805,36408,9881,415,46704,57509,33374,24135,0.8121163643951381,0.9776472703301972,0.583219390926041
0500000US32019,250.0,13360,36469,7680,0,44149,57509,33374,24135,0.7676885357074544,0.9776472703301972,0.4773565361508183
0500000US32019,1000.0,49664,7845,0,0,7845,57509,33374,24135,0.13641343094124397,0.1997363216875412,0.04885021752641392
0500000US32021,25.0,0,0,1282,3223,4505,4505,3118,1387,1.0,1.0,1.0
0500000US32021,100.0,1282,3212,11,0,3223,4505,3118,1387,0.7154273029966703,0.995830660679923,0.08507570295602018
0500000US32021,250.0,1285,3220,0,0,3220,4505,3118,1387,0.7147613762486127,0.995830660679923,0.0829127613554434
0500000US32021,1000.0,4505,0,0,0,0,4505,3118,1387,0.0,0.0,0.0
0500000US32023,25.0,0,0,6574,39948,46522,46522,28326,18196,1.0,1.0,1.0
0500000US32023,100.0,12265,31218,2792,247,34257,46522,28326,18196,0.7363612914320107,0.964484925510132,0.3812376346449769
0500000US32023,250.0,12290,31445,2541,246,34232,46522,28326,18196,0.7358239112677872,0.9636023441361293,0.3812376346449769
0500000US32023,1000.0,12374,32132,2016,0,34148,46522,28326,18196,0.7340183139159967,0.9606368707194803,0.3812376346449769
0500000US32029,250.0,2587,1534,0,0,1534,4121,287,3834,0.3722397476340694,1.0,0.3252477829942619
0500000US32029,1000.0,4121,0,0,0,0,4121,287,3834,0.0,0.0,0.0
0500000US32031,25.0,0,0,13130,458389,471519,471519,438855,32664,1.0,1.0,1.0
0500000US32031,100.0,13596,214091,225055,18777,457923,471519,438855,32664,0.971165530975422,0.9977145070695332,0.6144685280431056
0500000US32031,250.0,18467,359956,93096,0,453052,471519,438855,32664,0.9608350882997292,0.9969990087842225,0.47495713935831496
0500000US32031,1000.0,378465,93054,0,0,93054,471519,438855,32664,0.197349417520821,0.20519761652482027,0.09190546167034043
0500000US32033,25.0,0,0,9489,91,9580,9580,4469,5111,1.0,1.0,1.0
0500000US32033,100.0,9577,3,0,0,3,9580,4469,5111,0.00031315240083507306,0.0,0.0005869692819409117
0500000US32033,250.0,9580,0,0,0,0,9580,4469,5111,0.0,0.0,0.0
0500000US32033,1000.0,9580,0,0,0,0,9580,4469,5111,0.0,0.0,0.0
0500000US32510,25.0,0,1,290,55625,55916,55916,52908,3008,1.0,1.0,1.0
0500000US32510,100.0,291,33644,20356,1625,55625,55916,52908,3008,0.9947957650761857,0.9982044303318969,0.9348404255319149
0500000US32510,250.0,1282,52372,2262,0,54634,55916,52908,3008,0.9770727519851206,0.9966923716640206,0.6319813829787234
0500000US32510,1000.0,53654,2262,0,0,2262,55916,52908,3008,0.04045353744903069,0.040636576699175926,0.03723404255319149
0500000US33001,25.0,0,1,1644,59658,61303,61303,20480,40823,1.0,1.0,1.0
0500000US33001,100.0,1749,45268,13963,323,59554,61303,20480,40823,0.9714695855015252,0.9693359375,0.9725399897116821
0500000US33001,250.0,1751,48761,10566,225,59552,61303,20480,40823,0.9714369606707666,0.96923828125,0.9725399897116821
0500000US33001,1000.0,51199,10104,0,0,10104,61303,20480,40823,0.1648206449929041,0.0,0.24750753251843324
0500000US33003,250.0,2213,43867,2739,91,46697,48910,4672,44238,0.9547536291147005,1.0,0.9499751344997514
0500000US33003,1000.0,48910,0,0,0,0,48910,4672,44238,0.0,0.0,0.0
0500000US33005,25.0,0,0,10376,65709,76085,76085,26110,49975,1.0,1.0,1.0
0500000US33005,100.0,18539,55527,2019,0,57546,76085,26110,49975,0.7563383058421502,0.9895825354270394,0.6344772386193096
0500000US33005,250.0,24367,51044,674,0,51718,76085,26110,49975,0.6797397647368075,0.9895825354270394,0.5178589294647323
0500000US33005,1000.0,76085,0,0,0,0,76085,26110,49975,0.0,0.0,0.0
0500000US33007,250.0,10088,21449,26,0,21475,31563,10199,21364,0.6803852612235846,1.0,0.527803782063284
0500000US33007,1000.0,31563,0,0,0,0,31563,10199,21364,0.0,0.0,0.0
0500000US33009,25.0,0,1,5387,84497,89885,89885,27507,62378,1.0,1.0,1.0
0500000US33009,100.0,8114,79763,2008,0,81771,89885,27507,62378,0.9097290982922623,0.9510670011269858,0.8915002084068101
0500000US33009,250.0,9710,78798,1377,0,80175,89885,27507,62378,0.8919730767091283,0.9510670011269858,0.8659142646445862
0500000US33009,1000.0,89763,122,0,0,122,89885,27507,62378,0.0013572898703899427,0.004398880285018359,1.6031293084100164e-05
0500000US33011,25.0,0,3,7630,409389,417022,417022,326112,90910,1.0,1.0,1.0
0500000US33011,100.0,10080,256084,149517,1341,406942,417022,326112,90910,0.9758286133585279,0.9849254243940732,0.9431965680343196
0500000US33011,250.0,10294,273051,132336,1341,406728,417022,326112,90910,0.9753154509834013,0.9848855607889314,0.9409855901440985
0500000US33011,1000.0,278739,137586,697,0,138283,417022,326112,90910,0.33159641457764816,0.3190590962614071,0.376570234297657
0500000US33013,25.0,0,0,3341,148050,151391,151391,67672,83719,1.0,1.0,1.0
0500000US33013,100.0,3873,110478,36769,271,147518,151391,67672,83719,0.9744172374843947,0.9753221420971746,0.9736857821999785
0500000US33013,250.0,6288,117041,27791,271,145103,151391,67672,83719,0.9584651663573132,0.9752630334554911,0.944887062673945
0500000US33013,1000.0,114660,36664,67,0,36731,151391,67672,83719,0.24262340561856385,0.0018914765338692518,0.4372125801789319
0500000US33015,25.0,0,1,3085,306682,309768,309768,232544,77224,1.0,1.0,1.0
0500000US33015,100.0,3116,96325,208661,1666,306652,309768,232544,77224,0.9899408589654193,0.9902040044034678,0.989148451258676
0500000US33015,250.0,3139,135006,170038,1585,306629,309768,232544,77224,0.9898666098499522,0.9901050983899821,0.989148451258676
0500000US33015,1000.0,137605,170573,1590,0,172163,309768,232544,77224,0.5557804550502311,0.5946659556901059,0.4386848648088677
0500000US33017,25.0,0,3,2083,128547,130633,130633,87573,43060,1.0,1.0,1.0
0500000US33017,100.0,3070,92385,34855,323,127563,130633,87573,43060,0.9764990469483209,0.97516357781508,0.9792150487691593
0500000US33017,250.0,3071,92594,34645,323,127562,130633,87573,43060,0.9764913919147535,0.97516357781508,0.9791918253599629
0500000US33017,1000.0,126625,4008,0,0,4008,130633,87573,43060,0.03068137453782735,0.00023979993833715872,0.09259173246632606
0500000US33019,25.0,0,0,5687,37459,43146,43146,15322,27824,1.0,1.0,1.0
0500000US33019,100.0,7847,32091,3208,0,35299,43146,15322,27824,0.8181291429101192,0.9703694034721316,0.734294134560092
0500000US33019,250.0,7954,35150,42,0,35192,43146,15322,27824,0.8156491911185277,0.9633859809424357,0.734294134560092
0500000US33019,1000.0,42487,659,0,0,659,43146,15322,27824,0.015273721781856951,0.0,0.02368458884416331
0500000US34001,25.0,0,1,5537,258132,263670,263670,228705,34965,1.0,1.0,1.0
0500000US34001,100.0,5538,234832,23300,0,258132,263670,228705,34965,0.978996472863807,0.9796462692114296,0.9747461747461748
0500000US34001,250.0,5538,234832,23300,0,258132,263670,228705,34965,0.978996472863807,0.9796462692114296,0.9747461747461748
0500000US34001,1000.0,263670,0,0,0,0,263670,228705,34965,0.0,0.0,0.0
0500000US34003,25.0,0,3,3665,928534,932202,932202,931137,1065,1.0,1.0,1.0
0500000US34003,100.0,3683,64543,818561,45415,928519,932202,931137,1065,0.9960491395641717,0.9960703956560635,0.9774647887323944
0500000US34003,250.0,4690,119525,787556,20431,927512,932202,931137,1065,0.9949689015899987,0.9950136231295716,0.955868544600939
0500000US34003,1000.0,912965,19237,0,0,19237,932202,931137,1065,0.020636085311981738,0.02065968810175087,0.0
0500000US34005,25.0,0,0,6717,438632,445349,445349,415252,30097,1.0,1.0,1.0
0500000US34005,100.0,6717,281805,156191,636,438632,445349,415252,30097,0.9849174467664685,0.9853992274570622,0.9782702594943018
0500000US34005,250.0,6717,281805,156280,547,438632,445349,415252,30097,0.9849174467664685,0.9853992274570622,0.9782702594943018
0500000US34005,1000.0,444440,909,0,0,909,445349,415252,30097,0.002041095859651644,0.0018013158274975197,0.005349370369139781
0500000US34007,25.0,0,0,6017,500454,506471,506471,498528,7943,1.0,1.0,1.0
0500000US34007,100.0,6017,142731,357723,0,500454,506471,498528,7943,0.9881197541418956,0.9879725913088131,0.997356162658945
0500000US34007,250.0,6017,142731,357723,0,500454,506471,498528,7943,0.9881197541418956,0.9879725913088131,0.997356162658945
0500000US34007,1000.0,506471,0,0,0,0,506471,498528,7943,0.0,0.0,0.0
0500000US34009,25.0,0,0,1277,90762,92039,92039,76151,15888,1.0,1.0,1.0
0500000US34009,100.0,1277,71828,18934,0,90762,92039,76151,15888,0.9861254468214561,0.9885884623970795,0.974320241691843
0500000US34009,250.0,1277,71828,18934,0,90762,92039,76151,15888,0.9861254468214561,0.9885884623970795,0.974320241691843
0500000US34009,1000.0,92039,0,0,0,0,92039,76151,15888,0.0,0.0,0.0
0500000US34011,25.0,0,0,4683,144844,149527,149527,116867,32660,1.0,1.0,1.0
0500000US34011,100.0,4683,76976,67868,0,144844,149527,116867,32660,0.9686812415149103,0.9830405503692231,0.9172994488671158
0500000US34011,250.0,4683,76976,67868,0,144844,149527,116867,32660,0.9686812415149103,0.9830405503692231,0.9172994488671158
0500000US34011,1000.0,149527,0,0,0,0,149527,116867,32660,0.0,0.0,0.0
0500000US34013,25.0,0,6,10835,788134,798975,798975,798841,134,1.0,1.0,1.0
0500000US34013,100.0,11393,21131,752305,14146,787582,798975,798841,134,0.9857404799899872,0.9857430953093294,0.9701492537313433
0500000US34013,250.0,11612,27959,746416,12988,787363,798975,798841,134,0.9854663787978347,0.9854689481386159,0.9701492537313433
0500000US34013,1000.0,798273,702,0,0,702,798975,798841,134,0.0008786257392283864,0.0008787731225613107,0.0
0500000US34015,25.0,0,1,2869,288766,291636,291636,267192,24444,1.0,1.0,1.0
0500000US34015,100.0,2870,130019,158747,0,288766,291636,267192,24444,0.9901589652854929,0.990392676427438,0.9876043200785469
0500000US34015,250.0,2870,130019,158747,0,288766,291636,267192,24444,0.9901589652854929,0.990392676427438,0.9876043200785469
0500000US34015,1000.0,291592,44,0,0,44,291636,267192,24444,0.00015087300607606743,0.0001646755890894937,0.0
0500000US34019,25.0,0,0,1236,123135,124371,124371,62261,62110,1.0,1.0,1.0
0500000US34019,100.0,1259,97854,24045,1213,123112,124371,62261,62110,0.989877061372828,0.9837458441078685,0.9960231846723555
0500000US34019,250.0,13798,102475,8098,0,110573,124371,62261,62110,0.889057738540335,0.8856105748381812,0.8925132828852037
0500000US34019,1000.0,124371,0,0,0,0,124371,62261,62110,0.0,0.0,0.0
0500000US34021,25.0,0,0,8466,358964,367430,367430,354028,13402,1.0,1.0,1.0
0500000US34021,100.0,8467,23089,324019,11855,358963,367430,354028,13402,0.9769561549138611,0.9763860485611308,0.9920161169974631
0500000US34021,250.0,8678,28832,320186,9734,358752,367430,354028,13402,0.9763818958713224,0.9757900505044799,0.9920161169974631
0500000US34021,1000.0,366683,747,0,0,747,367430,354028,13402,0.0020330403069972513,0.002110002598664512,0.0
0500000US34023,25.0,0,4,27231,797827,825062,825062,818850,6212,1.0,1.0,1.0
0500000US34023,100.0,28123,422627,367611,6701,796939,825062,818850,6212,0.965914076760292,0.9657421994260244,0.9885705086928526
0500000US34023,250.0,36980,423362,358426,6294,788082,825062,818850,6212,0.9551791259323542,0.9550540392013189,0.9716677398583387
0500000US34023,1000.0,797270,27792,0,0,27792,825062,818850,6212,0.033684741267928954,0.033940282102949255,0.0
0500000US34025,25.0,0,0,5936,612859,618795,618795,595264,23531,1.0,1.0,1.0
0500000US34025,100.0,5973,106742,490420,15660,612822,618795,595264,23531,0.9903473686762175,0.9909115955273626,0.9760741149972377
0500000US34025,250.0,8278,130304,465960,14253,610517,618795,595264,23531,0.986622387058719,0.9873400709601118,0.9684671284688283
0500000US34025,1000.0,618795,0,0,0,0,618795,595264,23531,0.0,0.0,0.0
0500000US34027,25.0,0,1,15285,476559,491845,491845,457843,34002,1.0,1.0,1.0
0500000US34027,100.0,15345,176850,287930,11720,476500,491845,457843,34002,0.9688011467027214,0.9684935665719472,0.9729427680724664
0500000US34027,250.0,41944,177581,262322,9998,449901,491845,457843,34002,0.9147211011599182,0.9254395065557407,0.7703958590671137
0500000US34027,1000.0,491513,332,0,0,332,491845,457843,34002,0.0006750094033689476,0.00033635984387661274,0.005234986177283689
0500000US34029,25.0,0,17,8382,598782,607181,607181,588376,18805,1.0,1.0,1.0
0500000US34029,100.0,8411,347260,248454,3056,598770,607181,588376,18805,0.9861474585008424,0.9874756958135614,0.9445892049986706
0500000US34029,250.0,17145,344380,242650,3006,590036,607181,588376,18805,0.9717629504217029,0.972733422165418,0.9413985642116458
0500000US34029,1000.0,607145,36,0,0,36,607181,588376,18805,5.9290392815321954e-05,6.118536446082097e-05,0.0
0500000US34031,25.0,0,2,3265,498559,501826,501826,489418,12408,1.0,1.0,1.0
0500000US34031,100.0,3290,120791,375053,2692,498536,501826,489418,12408,0.9934439427211822,0.9937558487836573,0.9811411992263056
0500000US34031,250.0,8221,125208,365741,2656,493605,501826,489418,12408,0.9836178276932642,0.9849004327589096,0.933027079303675
0500000US34031,1000.0,480637,21189,0,0,21189,501826,489418,12408,0.042223798687194364,0.04329428014498854,0.0
0500000US34033,25.0,0,0,1593,60792,62385,62385,33640,28745,1.0,1.0,1.0
0500000US34033,100.0,1593,47623,13169,0,60792,62385,33640,28745,0.9744650156287569,0.9830261593341261,0.964445990607062
0500000US34033,250.0,1593,47623,13169,0,60792,62385,33640,28745,0.9744650156287569,0.9830261593341261,0.964445990607062
0500000US34033,1000.0,62385,0,0,0,0,62385,33640,28745,0.0,0.0,0.0
0500000US34035,25.0,0,3,2412,326519,328934,328934,308702,20232,1.0,1.0,1.0
0500000US34035,100.0,2417,68255,248307,9955,326517,328934,308702,20232,0.9926520213781488,0.992834513543806,0.9898675365757216
0500000US34035,250.0,2686,84636,233363,8249,326248,328934,308702,20232,0.9918342281430317,0.9919955167119099,0.9893732700672202
0500000US34035,1000.0,327101,1833,0,0,1833,328934,308702,20232,0.005572546468288472,0.005937765223419349,0.0
0500000US34037,25.0,0,0,483,140005,140488,140488,83527,56961,1.0,1.0,1.0
0500000US34037,100.0,511,114690,23719,1568,139977,140488,83527,56961,0.9963626786629463,0.9972463993678691,0.9950668000912906
0500000US34037,250.0,2048,131815,6625,0,138440,140488,83527,56961,0.9854222424691077,0.9836460066804745,0.9880268955952318
0500000US34037,1000.0,137967,2521,0,0,2521,140488,83527,56961,0.01794459313250954,0.023202078369868425,0.010235073120205053
0500000US34041,25.0,0,0,1123,104144,105267,105267,64759,40508,1.0,1.0,1.0
0500000US34041,100.0,1125,101085,3057,0,104142,105267,64759,40508,0.9893128900795121,0.9930511589122747,0.9833366248642244
0500000US34041,250.0,49482,55631,154,0,55785,105267,64759,40508,0.5299381572572601,0.5229543383931191,0.54110299200158
0500000US34041,1000.0,105267,0,0,0,0,105267,64759,40508,0.0,0.0,0.0
0500000US35001,25.0,0,0,6817,672304,679121,679121,646680,32441,1.0,1.0,1.0
0500000US35001,100.0,22749,308439,347348,585,656372,679121,646680,32441,0.966502287515774,0.9829235479680831,0.6391603218149872
0500000US35001,250.0,27654,631000,20467,0,651467,679121,646680,32441,0.9592797159858111,0.9807601905115358,0.5310872044634876
0500000US35001,1000.0,678980,141,0,0,141,679121,646680,32441,0.00020762132226804944,7.113255396795942e-05,0.0029283930828272863
0500000US35005,25.0,0,0,5431,59184,64615,64615,48633,15982,1.0,1.0,1.0
0500000US35005,100.0,7918,26880,21077,8740,56697,64615,48633,15982,0.8774587943975857,0.989492731273004,0.5365411087473407
0500000US35005,250.0,8466,34377,21772,0,56149,64615,48633,15982,0.8689777915344734,0.989492731273004,0.5022525341008635
0500000US35005,1000.0,42066,22549,0,0,22549,64615,48633,15982,0.348974696277954,0.4226965229371003,0.12464022024777875
0500000US35006,100.0,12297,5321,9057,0,14378,26675,11292,15383,0.5390065604498594,1.0,0.200611064161737
0500000US35006,250.0,26650,25,0,0,25,26675,11292,15383,0.0009372071227741331,0.0,0.0016251706429175063
0500000US35006,1000.0,26675,0,0,0,0,26675,11292,15383,0.0,0.0,0.0
0500000US35007,25.0,0,0,8792,3149,11941,11941,5810,6131,1.0,1.0,1.0
0500000US35007,100.0,9961,1980,0,0,1980,11941,5810,6131,0.16581525835357172,0.10481927710843374,0.22361768063937368
0500000US35007,250.0,11062,879,0,0,879,11941,5810,6131,0.07361192529938866,0.10481927710843374,0.04403849290490948
0500000US35007,1000.0,11223,718,0,0,718,11941,5810,6131,0.06012896742316389,0.10481927710843374,0.017778502691241233
0500000US35009,25.0,0,1,4003,44950,48954,48954,40907,8047,1.0,1.0,1.0
0500000US35009,100.0,4222,17687,27045,0,44732,48954,40907,8047,0.9137557707235364,0.9543843351993546,0.7072200820181435
0500000US35009,250.0,7403,16781,24770,0,41551,48954,40907,8047,0.8487764023368877,0.9377368176595693,0.39654529638374547
0500000US35009,1000.0,17503,31451,0,0,31451,48954,40907,8047,0.6424602688237938,0.7091940254724131,0.30321859077917235
0500000US35013,25.0,0,1,33526,183990,217517,217517,171195,46322,1.0,1.0,1.0
0500000US35013,100.0,40742,103513,72431,831,176775,217517,171195,46322,0.8126950996933573,0.9145594205438243,0.43622900565605977
0500000US35013,250.0,48249,168191,1077,0,169268,217517,171195,46322,0.7781828546734278,0.8964280498846344,0.34117697854151374
0500000US35013,1000.0,217511,6,0,0,6,217517,171195,46322,2.7584050901768598e-05,3.504775256286691e-05,0.0
0500000US35015,25.0,0,0,8956,49502,58458,58458,42992,15466,1.0,1.0,1.0
0500000US35015,100.0,22523,26085,9313,537,35935,58458,42992,15466,0.6147148380033528,0.7288797915891329,0.2973619552566921
0500000US35015,250.0,54630,3828,0,0,3828,58458,42992,15466,0.06548291080775942,0.08420171194640863,0.013448855554118712
0500000US35015,1000.0,54630,3828,0,0,3828,58458,42992,15466,0.06548291080775942,0.08420171194640863,0.013448855554118712
0500000US35017,25.0,0,0,3900,23098,26998,26998,15535,11463,1.0,1.0,1.0
0500000US35017,100.0,6966,20032,0,0,20032,26998,15535,11463,0.7419808874731462,0.9658834888960411,0.4385413940504231
0500000US35017,250.0,26935,63,0,0,63,26998,15535,11463,0.002333506185643381,0.0,0.005495943470295734
0500000US35017,1000.0,26998,0,0,0,0,26998,15535,11463,0.0,0.0,0.0
0500000US35019,1000.0,1702,2598,0,0,2598,4300,1830,2470,0.6041860465116279,1.0,0.31093117408906884
0500000US35025,25.0,0,0,4834,66232,71066,71066,51590,19476,1.0,1.0,1.0
0500000US35025,100.0,5179,12346,30481,23060,65887,71066,51590,19476,0.9271240818394169,0.998100407055631,0.739114807968782
0500000US35025,250.0,60778,10288,0,0,10288,71066,51590,19476,0.14476683646188052,0.15173483233184726,0.12630930375847196
0500000US35025,1000.0,62929,8137,0,0,8137,71066,51590,19476,0.11449919792868601,0.14956386896685403,0.021616348326145
0500000US35027,25.0,0,0,2652,16920,19572,19572,8846,10726,1.0,1.0,1.0
0500000US35027,100.0,3127,11388,4978,79,16445,19572,8846,10726,0.8402309421622727,0.9544426859597558,0.7460376654857356
0500000US35027,250.0,17720,1852,0,0,1852,19572,8846,10726,0.09462497445330063,0.1010626271761248,0.08931568152153645
0500000US35027,1000.0,17811,1761,0,0,1761,19572,8846,10726,0.08997547516860821,0.09857562740221569,0.08288271489837777
0500000US35028,25.0,0,0,111,19258,19369,19369,16737,2632,1.0,1.0,1.0
0500000US35028,100.0,784,18284,301,0,18585,19369,16737,2632,0.9595229490422841,0.9830913544840771,0.8096504559270516
0500000US35028,250.0,18841,528,0,0,528,19369,16737,2632,0.02726005472662502,0.016430662603811912,0.09612462006079027
0500000US35028,1000.0,19369,0,0,0,0,19369,16737,2632,0.0,0.0,0.0
0500000US35029,25.0,0,0,9923,13786,23709,23709,13535,10174,1.0,1.0,1.0
0500000US35029,100.0,23452,257,0,0,257,23709,13535,10174,0.01083976548989835,0.008496490579977835,0.013957145665421663
0500000US35029,250.0,23452,257,0,0,257,23709,13535,10174,0.01083976548989835,0.008496490579977835,0.013957145665421663
0500000US35029,1000.0,23709,0,0,0,0,23709,13535,10174,0.0,0.0,0.0
0500000US35031,25.0,0,0,34676,36691,71367,71367,25574,45793,1.0,1.0,1.0
0500000US35031,100.0,70675,692,0,0,692,71367,25574,45793,0.009696358260820827,0.0,0.015111479920511869
0500000US35031,250.0,71367,0,0,0,0,71367,25574,45793,0.0,0.0,0.0
0500000US35031,1000.0,71367,0,0,0,0,71367,25574,45793,0.0,0.0,0.0
0500000US35035,25.0,0,0,14267,53223,67490,67490,44894,22596,1.0,1.0,1.0
0500000US35035,100.0,16582,22200,21693,7015,50908,67490,44894,22596,0.7543043413839087,0.8483539002984809,0.5674455655868296
0500000US35035,250.0,67490,0,0,0,0,67490,44894,22596,0.0,0.0,0.0
0500000US35035,1000.0,67490,0,0,0,0,67490,44894,22596,0.0,0.0,0.0
0500000US35037,25.0,0,0,3115,5138,8253,8253,4540,3713,1.0,1.0,1.0
0500000US35037,100.0,3115,5138,0,0,5138,8253,4540,3713,0.6225614927905004,0.6931718061674009,0.5362240775653111
0500000US35037,250.0,3654,4599,0,0,4599,8253,4540,3713,0.5572519083969466,0.6522026431718062,0.4411527067061675
0500000US35037,1000.0,3654,4599,0,0,4599,8253,4540,3713,0.5572519083969466,0.6522026431718062,0.4411527067061675
0500000US35039,25.0,0,0,5375,33546,38921,38921,19353,19568,1.0,1.0,1.0
0500000US35039,100.0,24905,13205,811,0,14016,38921,19353,19568,0.36011407723337013,0.3712602697256239,0.3490903515944399
0500000US35039,250.0,37045,1721,155,0,1876,38921,19353,19568,0.048200200405950515,0.07611223066191289,0.020594848732624692
0500000US35039,1000.0,37052,1869,0,0,1869,38921,19353,19568,0.048020348911898464,0.07575052963364853,0.020594848732624692
0500000US35041,25.0,0,0,3508,14992,18500,18500,11108,7392,1.0,1.0,1.0
0500000US35041,100.0,3621,14849,30,0,14879,18500,11108,7392,0.8042702702702703,0.9806445804825351,0.5392316017316018
0500000US35041,250.0,5502,12998,0,0,12998,18500,11108,7392,0.7025945945945946,0.9806445804825351,0.28476731601731603
0500000US35041,1000.0,5502,12998,0,0,12998,18500,11108,7392,0.7025945945945946,0.9806445804825351,0.28476731601731603
0500000US35043,25.0,0,0,12210,134535,146745,146745,113835,32910,1.0,1.0,1.0
0500000US35043,100.0,28948,68134,46305,3358,117797,146745,113835,32910,0.8027326314354833,0.9486625378837792,0.2979641446368885
0500000US35043,250.0,32814,107538,6066,327,113931,146745,113835,32910,0.7763876111622202,0.9405630957087012,0.20850805226374963
0500000US35043,1000.0,146745,0,0,0,0,146745,113835,32910,0.0,0.0,0.0
0500000US35045,25.0,0,0,26811,97147,123958,123958,74887,49071,1.0,1.0,1.0
0500000US35045,100.0,45563,62410,15985,0,78395,123958,74887,49071,0.6324319527581923,0.8807536688610841,0.25346946261539405
0500000US35045,250.0,46957,76820,181,0,77001,123958,74887,49071,0.6211862082318205,0.8760799604737805,0.23219416763465184
0500000US35045,1000.0,123958,0,0,0,0,123958,74887,49071,0.0,0.0,0.0
0500000US35047,25.0,0,0,13795,13482,27277,27277,14386,12891,1.0,1.0,1.0
0500000US35047,100.0,17184,10093,0,0,10093,27277,14386,12891,0.37001869707079227,0.4638537466981788,0.2653013730509658
0500000US35047,250.0,19639,7638,0,0,7638,27277,14386,12891,0.2800161308061737,0.4539830390657584,0.08587386548754945
0500000US35047,1000.0,19778,7499,0,0,7499,27277,14386,12891,0.2749202624922096,0.4539830390657584,0.07509114886354822
0500000US35049,25.0,0,0,2922,147435,150357,150357,110348,40009,1.0,1.0,1.0
0500000US35049,100.0,23803,44187,58484,23883,126554,150357,110348,40009,0.841690110869464,0.9238046906151448,0.6152115773950861
0500000US35049,250.0,33392,87109,29221,635,116965,150357,110348,40009,0.7779152284230199,0.8763004313625983,0.5065610237696518
0500000US35049,1000.0,146092,4265,0,0,4265,150357,110348,40009,0.028365822675365963,0.020362852068003045,0.05043865130345672
0500000US35051,25.0,0,0,1931,8860,10791,10791,7266,3525,1.0,1.0,1.0
0500000US35051,100.0,2804,6985,1002,0,7987,10791,7266,3525,0.7401538318969512,0.9843104872006606,0.23687943262411348
0500000US35051,250.0,10791,0,0,0,0,10791,7266,3525,0.0,0.0,0.0
0500000US35051,1000.0,10791,0,0,0,0,10791,7266,3525,0.0,0.0,0.0
0500000US35053,25.0,0,0,15883,754,16637,16637,7995,8642,1.0,1.0,1.0
0500000US35053,100.0,16429,208,0,0,208,16637,7995,8642,0.012502254012141611,0.0,0.02406850266142097
0500000US35053,250.0,16637,0,0,0,0,16637,7995,8642,0.0,0.0,0.0
0500000US35053,1000.0,16637,0,0,0,0,16637,7995,8642,0.0,0.0,0.0
0500000US35055,25.0,0,0,7116,25607,32723,32723,13306,19417,1.0,1.0,1.0
0500000US35055,100.0,14008,18460,255,0,18715,32723,13306,19417,0.5719218898022798,0.5586953254171051,0.5809857341504867
0500000US35055,250.0,30681,2042,0,0,2042,32723,13306,19417,0.06240259144943923,0.08319555087930257,0.04815367976515424
0500000US35055,1000.0,32723,0,0,0,0,32723,13306,19417,0.0,0.0,0.0
0500000US35057,250.0,10995,3775,691,0,4466,15461,200,15261,0.2888558308000776,1.0,0.27953607234126204
0500000US35057,1000.0,14113,1348,0,0,1348,15461,200,15261,0.08718711596921286,0.0,0.0883297293755324
0500000US35061,25.0,0,0,10383,66305,76688,76688,63476,13212,1.0,1.0,1.0
0500000US35061,100.0,12914,34774,25849,3151,63774,76688,63476,13212,0.8316033799290632,0.8986703636019913,0.5093854072055707
0500000US35061,250.0,14564,54160,7947,17,62124,76688,63476,13212,0.8100876277905279,0.8855788014367635,0.447396306388132
0500000US35061,1000.0,67973,8715,0,0,8715,76688,63476,13212,0.11364229084080951,0.1219516037557502,0.07372085982440206
0500000US36001,25.0,0,0,768,304738,305506,305506,274862,30644,1.0,1.0,1.0
0500000US36001,100.0,1297,101442,161631,41136,304209,305506,274862,30644,0.995754584198019,0.9998944925089681,0.9586215898707741
0500000US36001,250.0,1504,153369,148561,2072,304002,305506,274862,30644,0.9950770197639326,0.9998617488048548,0.9521602923900274
0500000US36001,1000.0,303217,2289,0,0,2289,305506,274862,30644,0.007492487872578607,0.00827324257263645,0.0004894922333898968
0500000US36003,250.0,12299,33792,0,0,33792,46091,8291,37800,0.7331583172419778,1.0,0.6746296296296296
0500000US36003,1000.0,46081,10,0,0,10,46091,8291,37800,0.0002169620967217027,0.0,0.00026455026455026457
0500000US36005,25.0,0,16,25931,1392260,1418207,1418207,1418165,42,1.0,1.0,1.0
0500000US36005,100.0,26158,110795,1265390,15864,1392049,1418207,1418165,42,0.9815555839168754,0.9815797174517775,0.16666666666666666
0500000US36005,250.0,27708,122033,1257303,11163,1390499,1418207,1418165,42,0.9804626546054278,0.9804867557724243,0.16666666666666666
0500000US36005,1000.0,1409951,8256,0,0,8256,1418207,1418165,42,0.005821435093748656,0.00582160749983253,0.0
0500000US36007,25.0,0,0,1656,188832,190488,190488,138687,51801,1.0,1.0,1.0
0500000US36007,100.0,1675,187545,1257,11,188813,190488,138687,51801,0.9912067951786989,0.999098689855574,0.9700777977259126
0500000US36007,250.0,1675,187710,1092,11,188813,190488,138687,51801,0.9912067951786989,0.999098689855574,0.9700777977259126
0500000US36007,1000.0,190226,262,0,0,262,190488,138687,51801,0.0013754147242870942,0.0,0.0050578174166521885
0500000US36009,25.0,0,0,13609,62508,76117,76117,28186,47931,1.0,1.0,1.0
0500000US36009,100.0,14828,57904,3230,155,61289,76117,28186,47931,0.8051946345757189,0.9945008160079472,0.6938724416348501
0500000US36009,250.0,15380,58880,1740,117,60737,76117,28186,47931,0.7979426409343511,0.9945008160079472,0.6823558865869688
0500000US36009,1000.0,75782,335,0,0,335,76117,28186,47931,0.0044011193294533416,0.0,0.006989213661304792
0500000US36011,250.0,5137,27953,43264,222,71439,76576,33122,43454,0.9329163184287506,1.0,0.8817830349334929
0500000US36011,1000.0,71635,4941,0,0,4941,76576,33122,43454,0.0645241328875888,0.0,0.11370644819809454
0500000US36013,250.0,4326,61825,53389,7363,122577,126903,69527,57376,0.9659109713718352,1.0,0.9246026213050753
0500000US36013,1000.0,82770,44000,133,0,44133,126903,69527,57376,0.34776955627526535,0.398809095746976,0.2859209425543781
0500000US36015,250.0,2661,66809,13986,0,80795,83456,62088,21368,0.9681149348159509,1.0,0.8754679895170349
0500000US36015,1000.0,83456,0,0,0,0,83456,62088,21368,0.0,0.0,0.0
0500000US36017,250.0,4192,41601,1353,61,43015,47207,7206,40001,0.9111996102272968,1.0,0.8952026199345017
0500000US36017,1000.0,47055,152,0,0,152,47207,7206,40001,0.003219861461223971,0.0,0.0037999050023749406
0500000US36019,25.0,0,0,5222,75263,80485,80485,28565,51920,1.0,1.0,1.0
0500000US36019,100.0,6052,44453,16442,13538,74433,80485,28565,51920,0.9248058644467914,0.9992648345877823,0.8838405238828968
0500000US36019,250.0,6894,43770,16283,13538,73591,80485,28565,51920,0.9143442877554824,0.9992648345877823,0.8676232665639445
0500000US36019,1000.0,56561,16685,7239,0,23924,80485,28565,51920,0.29724793439771385,0.6516016103623316,0.1022919876733436
0500000US36021,25.0,0,0,476,58985,59461,59461,14840,44621,1.0,1.0,1.0
0500000US36021,100.0,1000,31189,25858,1414,58461,59461,14840,44621,0.9831822539143305,0.995822102425876,0.9789785078774568
0500000US36021,250.0,4564,29833,23898,1166,54897,59461,14840,44621,0.923243806865004,0.995822102425876,0.8991058022007575
0500000US36021,1000.0,32939,26522,0,0,26522,59461,14840,44621,0.4460402616841291,0.158355795148248,0.541718025145111
0500000US36023,250.0,3533,30287,13761,0,44048,47581,25803,21778,0.9257476723902398,1.0,0.8377720635503719
0500000US36023,1000.0,47581,0,0,0,0,47581,25803,21778,0.0,0.0,0.0
0500000US36025,250.0,12711,19755,11645,24,31424,44135,8108,36027,0.711997281069446,1.0,0.6471812807061371
0500000US36025,1000.0,44111,24,0,0,24,44135,8108,36027,0.0005437861107964201,0.0,0.0006661670413856274
0500000US36027,25.0,0,1,6384,287832,294217,294217,217909,76308,1.0,1.0,1.0
0500000US36027,100.0,6451,131990,150997,4779,287766,294217,217909,76308,0.9780740066005703,0.9784175963360853,0.9770928343030875
0500000US36027,250.0,11247,133512,145286,4172,282970,294217,217909,76308,0.9617731130424143,0.9704509680646508,0.9369921895476228
0500000US36027,1000.0,287981,6236,0,0,6236,294217,217909,76308,0.021195240247844277,0.002211932503935129,0.07540493788331498
0500000US36029,25.0,0,0,1460,917242,918702,918702,830894,87808,1.0,1.0,1.0
0500000US36029,100.0,1460,491416,420924,4902,917242,918702,830894,87808,0.998410801326219,0.9999759295409523,0.983600583090379
0500000US36029,250.0,1460,492003,420694,4545,917242,918702,830894,87808,0.998410801326219,0.9999759295409523,0.983600583090379
0500000US36029,1000.0,917437,1265,0,0,1265,918702,830894,87808,0.0013769426865294732,0.001353963321434503,0.0015943877551020409
0500000US36031,250.0,7615,26292,2839,139,29270,36885,8730,28155,0.7935475125389725,1.0,0.7295329426389628
0500000US36031,1000.0,33857,2889,139,0,3028,36885,8730,28155,0.08209299173105598,0.06151202749140893,0.0884745160717457
0500000US36033,250.0,8568,34386,6965,103,41454,50022,17205,32817,0.8287153652392947,1.0,0.738915805832343
0500000US36033,1000.0,42948,6883,191,0,7074,50022,17205,32817,0.14141777617848147,0.36553327521069456,0.0239205289941189
0500000US36035,250.0,3866,49517,0,0,49517,53383,26644,26739,0.9275799411797764,1.0,0.8554171808968174
0500000US36035,1000.0,53383,0,0,0,0,53383,26644,26739,0.0,0.0,0.0
0500000US36037,25.0,0,0,2360,54920,57280,57280,21490,35790,1.0,1.0,1.0
0500000US36037,100.0,2895,33949,20436,0,54385,57280,21490,35790,0.9494587988826816,0.9999069334574221,0.9191673651858061
0500000US36037,250.0,2895,33949,20436,0,54385,57280,21490,35790,0.9494587988826816,0.9999069334574221,0.9191673651858061
0500000US36037,1000.0,57280,0,0,0,0,57280,21490,35790,0.0,0.0,0.0
0500000US36039,25.0,0,0,810,46378,47188,47188,11576,35612,1.0,1.0,1.0
0500000US36039,100.0,1582,34019,11469,118,45606,47188,11576,35612,0.966474527422226,0.9989633724948168,0.9559137369426036
0500000US36039,250.0,3566,42451,1171,0,43622,47188,11576,35612,0.9244299398152073,0.8802695231513477,0.9387846793215769
0500000US36039,1000.0,46969,219,0,0,219,47188,11576,35612,0.004641010426379588,0.006219765031098825,0.00412782208244412
0500000US36043,25.0,0,0,3895,57424,61319,61319,28298,33021,1.0,1.0,1.0
0500000US36043,100.0,4115,55050,2154,0,57204,61319,28298,33021,0.932891925830493,0.9997879708813344,0.8755640350080252
0500000US36043,250.0,4216,55500,1603,0,57103,61319,28298,33021,0.9312448017743277,0.9997879708813344,0.8725053753671905
0500000US36043,1000.0,60600,719,0,0,719,61319,28298,33021,0.0117255663008203,0.0,0.02177402259168408
0500000US36045,25.0,0,0,1671,108163,109834,109834,52694,57140,1.0,1.0,1.0
0500000US36045,100.0,4302,79922,25610,0,105532,109834,52694,57140,0.9608318007174463,0.9999051125365317,0.9247987399369969
0500000US36045,250.0,4335,80223,25276,0,105499,109834,52694,57140,0.9605313473059344,0.9999051125365317,0.924221211060553
0500000US36045,1000.0,84732,25102,0,0,25102,109834,52694,57140,0.22854489502339895,0.3464910616009413,0.11977598879943997
0500000US36047,25.0,0,13,5659,2554231,2559903,2559903,2559779,124,1.0,1.0,1.0
0500000US36047,100.0,5773,31466,883090,1639574,2554130,2559903,2559779,124,0.9977448364254426,0.9977748079033385,0.3790322580645161
0500000US36047,250.0,6143,40035,1030225,1483500,2553760,2559903,2559779,124,0.9976002996988558,0.9976302641751496,0.3790322580645161
0500000US36047,1000.0,683901,1866252,8710,1040,1876002,2559903,2559779,124,0.7328410490553744,0.732876549108341,0.0
0500000US36049,250.0,4270,22026,0,0,22026,26296,3187,23109,0.8376178886522665,1.0,0.8152235059933359
0500000US36049,1000.0,26291,5,0,0,5,26296,3187,23109,0.00019014298752662002,0.0,0.00021636591804059024
0500000US36051,250.0,6995,48946,6973,0,55919,62914,27884,35030,0.8888164796388721,1.0,0.8003140165572367
0500000US36051,1000.0,62914,0,0,0,0,62914,27884,35030,0.0,0.0,0.0
0500000US36053,250.0,4594,64594,1752,0,66346,70940,28593,42347,0.9352410487736115,1.0,0.8915153375681867
0500000US36053,1000.0,69553,1387,0,0,1387,70940,28593,42347,0.01955173385959966,0.01773161263246249,0.020780692847191064
0500000US36055,25.0,0,0,109,741661,741770,741770,693097,48673,1.0,1.0,1.0
0500000US36055,100.0,338,599257,142175,0,741432,741770,693097,48673,0.9995443331490893,0.9999985572005073,0.9930762435025579
0500000US36055,250.0,338,600294,141138,0,741432,741770,693097,48673,0.9995443331490893,0.9999985572005073,0.9930762435025579
0500000US36055,1000.0,601025,140745,0,0,140745,741770,693097,48673,0.1897421033473988,0.20304661540881003,0.00028763380108068126
0500000US36057,250.0,1675,47307,239,0,47546,49221,28586,20635,0.9659698096340993,1.0,0.9188272352798643
0500000US36057,1000.0,49221,0,0,0,0,49221,28586,20635,0.0,0.0,0.0
0500000US36059,25.0,0,1,10030,1346893,1356924,1356924,1354179,2745,1.0,1.0,1.0
0500000US36059,100.0,10044,14470,1319227,13183,1346880,1356924,1354179,2745,0.992597964219072,0.992628744058208,0.9774134790528233
0500000US36059,250.0,10542,86183,1248546,11653,1346382,1356924,1354179,2745,0.9922309576660152,0.9922720703836051,0.9719489981785063
0500000US36059,1000.0,1346259,10665,0,0,10665,1356924,1354179,2745,0.00785968853082413,0.007875620578963342,0.0
0500000US36063,25.0,0,0,1399,207882,209281,209281,161504,47777,1.0,1.0,1.0
0500000US36063,100.0,1399,206424,1458,0,207882,209281,161504,47777,0.9933152077828374,0.9994984644343174,0.9724135044058857
0500000US36063,250.0,1399,206935,947,0,207882,209281,161504,47777,0.9933152077828374,0.9994984644343174,0.9724135044058857
0500000US36063,1000.0,209281,0,0,0,0,209281,161504,47777,0.0,0.0,0.0
0500000US36065,250.0,7281,212534,8856,0,221390,228671,151456,77215,0.9681594955197642,1.0,0.9057048500938937
0500000US36065,1000.0,219768,8903,0,0,8903,228671,151456,77215,0.038933664522392435,0.0035389816184238326,0.10835977465518358
0500000US36067,25.0,0,0,460,460068,460528,460528,401392,59136,1.0,1.0,1.0
0500000US36067,100.0,460,150955,289698,19415,460068,460528,401392,59136,0.9990011465100928,0.999982560688803,0.9923396915584416
0500000US36067,250.0,460,157225,284686,18157,460068,460528,401392,59136,0.9990011465100928,0.999982560688803,0.9923396915584416
0500000US36067,1000.0,439683,20845,0,0,20845,460528,401392,59136,0.04526326303720946,0.0519317774145972,0.0
0500000US36069,250.0,712,59794,48256,1015,109065,109777,57370,52407,0.9935141240879237,1.0,0.9864140286602935
0500000US36069,1000.0,100510,9267,0,0,9267,109777,57370,52407,0.08441658999608297,0.05455813142757539,0.11710267712328505
0500000US36071,25.0,0,3,4689,380245,384937,384937,296840,88097,1.0,1.0,1.0
0500000US36071,100.0,22877,272403,88889,768,362060,384937,296840,88097,0.9405694957876224,0.9280049858509635,0.9829052067607297
0500000US36071,250.0,29683,268228,86393,633,355254,384937,296840,88097,0.9228886804853781,0.9130070071418946,0.956184660090582
0500000US36071,1000.0,384839,98,0,0,98,384937,296840,88097,0.0002545871142550599,0.00033014418541975473,0.0
0500000US36073,250.0,1027,39325,0,0,39325,40352,14749,25603,0.9745489690721649,1.0,0.959887513182049
0500000US36073,1000.0,40352,0,0,0,0,40352,14749,25603,0.0,0.0,0.0
0500000US36075,250.0,669,110008,6447,0,116455,117124,42537,74587,0.9942881049144496,1.0,0.991030608551088
0500000US36075,1000.0,110743,6381,0,0,6381,117124,42537,74587,0.0544807212868413,0.07689775959752686,0.04169627414965074
0500000US36077,250.0,5419,44351,9723,0,54074,59493,15805,43688,0.9089136537071588,1.0,0.8759613623878411
0500000US36077,1000.0,44359,15134,0,0,15134,59493,15805,43688,0.25438286857277326,0.0015817779183802593,0.34583867423548803
0500000US36079,25.0,0,0,1043,97277,98320,98320,77886,20434,1.0,1.0,1.0
0500000US36079,100.0,1047,23583,71214,2476,97273,98320,77886,20434,0.9893510984540277,0.9894461135505739,0.9889889400019575
0500000US36079,250.0,1963,23111,71005,2241,96357,98320,77886,20434,0.9800345809601302,0.9827568497547698,0.9696584124498385
0500000US36079,1000.0,97918,402,0,0,402,98320,77886,20434,0.004088689991863304,0.005161389723441954,0.0
0500000US36081,25.0,0,8,823,2253027,2253858,2253858,2253846,12,1.0,1.0,1.0
0500000US36081,100.0,829,60646,1563137,629246,2253029,2253858,2253846,12,0.9996321862335604,0.9996335153333458,0.75
0500000US36081,250.0,829,90331,1967703,194995,2253029,2253858,2253846,12,0.9996321862335604,0.9996335153333458,0.75
0500000US36081,1000.0,2043433,206691,3734,0,210425,2253858,2253846,12,0.09336213727750373,0.09336263435922419,0.0
0500000US36083,25.0,0,0,40,158674,158714,158714,109661,49053,1.0,1.0,1.0
0500000US36083,100.0,94,83537,71954,3129,158620,158714,109661,49053,0.9994077397079023,0.9999726429633142,0.9981448637188347
0500000US36083,250.0,94,142571,15950,99,158620,158714,109661,49053,0.9994077397079023,0.9999726429633142,0.9981448637188347
0500000US36083,1000.0,145098,13616,0,0,13616,158714,109661,49053,0.08578953337449752,0.008261825079107431,0.25910749597374266
0500000US36087,25.0,0,1,4184,321604,325789,325789,323227,2562,1.0,1.0,1.0
0500000US36087,100.0,4197,14253,302685,4654,321592,325789,323227,2562,0.9871174287652438,0.987231883475081,0.9726775956284153
0500000US36087,250.0,4764,42873,273933,4219,321025,325789,323227,2562,0.985377038512657,0.9857654218242907,0.9363778298204528
0500000US36087,1000.0,318976,6813,0,0,6813,325789,323227,2562,0.020912308273146114,0.02107806587939745,0.0
0500000US36089,250.0,15397,86125,6218,0,92343,107740,38408,69332,0.8570911453499165,1.0,0.7779236139156522
0500000US36089,1000.0,103207,4533,0,0,4533,107740,38408,69332,0.04207351030258029,0.0,0.06538106502048116
0500000US36091,250.0,600,224495,4673,95,229263,229863,159890,69973,0.997389749546469,1.0,0.9914252640304118
0500000US36091,1000.0,228275,1588,0,0,1588,229863,159890,69973,0.0069084628670120895,0.007836637688410782,0.00478756091635345
0500000US36093,250.0,52,64559,90557,131,155247,155299,142450,12849,0.999665162042254,1.0,0.9959529924507744
0500000US36093,1000.0,155087,212,0,0,212,155299,142450,12849,0.001365108596964565,0.0014882414882414882,0.0
0500000US36095,250.0,1976,20470,8553,0,29023,30999,4366,26633,0.9362560082583309,1.0,0.9258063304922465
0500000US36095,1000.0,30930,69,0,0,69,30999,4366,26633,0.00222587825413723,0.0,0.0025907708481958474
0500000US36097,250.0,2543,9610,5581,73,15264,17807,3270,14537,0.8571909923063964,1.0,0.8250670702345738
0500000US36097,1000.0,17571,236,0,0,236,17807,3270,14537,0.013253215027798058,0.0,0.01623443626607966
0500000US36099,100.0,1948,5713,26303,52,32068,34016,13942,20074,0.9427328316086547,1.0,0.9029590515094151
0500000US36099,250.0,3125,28532,2359,0,30891,34016,13942,20074,0.9081314675446849,0.9997848228374695,0.8444754408687855
0500000US36099,1000.0,32504,1512,0,0,1512,34016,13942,20074,0.04444967074317968,0.0,0.07532131114874963
0500000US36101,25.0,0,0,9553,85826,95379,95379,36406,58973,1.0,1.0,1.0
0500000US36101,100.0,11984,44440,38929,26,83395,95379,36406,58973,0.8743538934146929,0.9999450640004395,0.7968222746002408
0500000US36101,250.0,15009,43954,36416,0,80370,95379,36406,58973,0.8426383166105746,0.9999450640004395,0.7455276143319824
0500000US36101,1000.0,95341,38,0,0,38,95379,36406,58973,0.0003984105515889242,0.0,0.0006443626744442372
0500000US36103,25.0,0,1,51373,1425227,1476601,1476601,1436479,40122,1.0,1.0,1.0
0500000US36103,100.0,52449,482550,940847,755,1424152,1476601,1436479,40122,0.9644799102804346,0.9656799716529096,0.9215143811375305
0500000US36103,250.0,73424,505690,896732,755,1403177,1476601,1436479,40122,0.9502749896552962,0.9525979843770775,0.8671053287473207
0500000US36103,1000.0,1450242,26359,0,0,26359,1476601,1436479,40122,0.01785113243184855,0.018349728746469667,0.0
0500000US36105,25.0,0,0,403,75029,75432,75432,18575,56857,1.0,1.0,1.0
0500000US36105,100.0,433,74953,46,0,74999,75432,18575,56857,0.9942597306183052,0.9999461641991925,0.9924019909597763
0500000US36105,250.0,440,74989,3,0,74992,75432,18575,56857,0.99416693180613,0.9999461641991925,0.9922788750725504
0500000US36105,1000.0,75429,3,0,0,3,75432,18575,56857,3.9770919503658924e-05,0.0,5.276395166822027e-05
0500000US36107,250.0,6996,32796,8411,0,41207,48203,15728,32475,0.8548638051573554,1.0,0.7845727482678984
0500000US36107,1000.0,48203,0,0,0,0,48203,15728,32475,0.0,0.0,0.0
0500000US36109,25.0,0,1,1431,100748,102180,102180,55899,46281,1.0,1.0,1.0
0500000US36109,100.0,2242,84062,15359,517,99938,102180,55899,46281,0.9780583284400078,0.9999821105923183,0.9515784015038569
0500000US36109,250.0,3604,84056,14389,131,98576,102180,55899,46281,0.9647289097670777,0.9999821105923183,0.9221494781875932
0500000US36109,1000.0,93685,8495,0,0,8495,102180,55899,46281,0.08313760031317283,0.11765863432261758,0.041442492599554896
0500000US36111,25.0,0,0,835,176738,177573,177573,94343,83230,1.0,1.0,1.0
0500000US36111,100.0,835,168374,7273,1091,176738,177573,94343,83230,0.9952977085480338,0.9976044857594099,0.9926829268292683
0500000US36111,250.0,1509,169249,5798,1017,176064,177573,94343,83230,0.9915020864658478,0.9946365920100061,0.9879490568304697
0500000US36111,1000.0,177452,121,0,0,121,177573,94343,83230,0.0006814098990274422,0.0012825540845637726,0.0
0500000US36113,250.0,2866,55535,5543,0,61078,63944,41840,22104,0.9551795320905793,1.0,0.8703402099167572
0500000US36113,1000.0,58401,5543,0,0,5543,63944,41840,22104,0.08668522457150006,0.11790152963671129,0.027596815056098442
0500000US36115,250.0,4956,49470,5233,1545,56248,61204,19516,41688,0.9190249003333115,1.0,0.8811168681635003
0500000US36115,1000.0,56558,4646,0,0,4646,61204,19516,41688,0.07591007123717404,0.12405205984832958,0.05337267319132604
0500000US36117,250.0,5287,84465,166,0,84631,89918,34123,55795,0.9412019840298939,1.0,0.9052424052334439
0500000US36117,1000.0,89918,0,0,0,0,89918,34123,55795,0.0,0.0,0.0
0500000US36119,25.0,0,1,12412,955093,967506,967506,933665,33841,1.0,1.0,1.0
0500000US36119,100.0,12759,42153,902592,10002,954747,967506,933665,33841,0.9868124848838147,0.9869171490845218,0.9839248249165213
0500000US36119,250.0,14561,98122,845387,9436,952945,967506,933665,33841,0.9849499641345894,0.9852570247358527,0.9764782364587334
0500000US36119,1000.0,953901,13605,0,0,13605,967506,933665,33841,0.014061928298119081,0.014571607589445893,0.0
0500000US36121,250.0,5859,30159,3841,0,34000,39859,12978,26881,0.8530068491432299,1.0,0.782039358654812
0500000US36121,1000.0,39859,0,0,0,0,39859,12978,26881,0.0,0.0,0.0
0500000US36123,100.0,5895,9111,9799,108,19018,24913,6889,18024,0.7633765503953759,1.0,0.672936085219707
0500000US36123,250.0,6998,9271,8644,0,17915,24913,6889,18024,0.7191024766186328,0.9973871389171143,0.6127385707944962
0500000US36123,1000.0,24913,0,0,0,0,24913,6889,18024,0.0,0.0,0.0
0500000US37001,25.0,0,0,2019,167481,169500,169500,119445,50055,1.0,1.0,1.0
0500000US37001,100.0,2027,98553,68920,0,167473,169500,119445,50055,0.9880412979351032,0.9999246515132488,0.9596843472180602
0500000US37001,250.0,2027,113169,54304,0,167473,169500,119445,50055,0.9880412979351032,0.9999246515132488,0.9596843472180602
0500000US37001,1000.0,115694,53806,0,0,53806,169500,119445,50055,0.3174395280235988,0.3871656410900414,0.15105384077514733
0500000US37003,25.0,0,0,421,37076,37497,37497,10187,27310,1.0,1.0,1.0
0500000US37003,100.0,5483,26005,6009,0,32014,37497,10187,27310,0.8537749686641598,0.998723863747914,0.7997070670084219
0500000US37003,250.0,5892,31531,74,0,31605,37497,10187,27310,0.8428674293943516,0.998723863747914,0.7847308678139876
0500000US37003,1000.0,37117,380,0,0,380,37497,10187,27310,0.010134144064858523,0.0,0.013914317099963384
0500000US37007,250.0,11191,11945,1310,0,13255,24446,5394,19052,0.5422154953775669,1.0,0.41260760025194204
0500000US37007,1000.0,23096,1350,0,0,1350,24446,5394,19052,0.055223758488096214,0.23414905450500556,0.00456644971656519
0500000US37009,1000.0,108,27066,29,0,27095,27203,4135,23068,0.9960298496489358,1.0,0.9953181897000173
0500000US37011,25.0,0,0,327,17230,17557,17557,1975,15582,1.0,1.0,1.0
0500000US37011,100.0,5351,8559,3647,0,12206,17557,1975,15582,0.6952212792618329,0.0,0.7833397509947375
0500000US37011,250.0,5351,8559,3647,0,12206,17557,1975,15582,0.6952212792618329,0.0,0.7833397509947375
0500000US37011,1000.0,13238,4319,0,0,4319,17557,1975,15582,0.24599874693854304,0.0,0.2771787960467206
0500000US37013,25.0,0,0,6410,40584,46994,46994,15939,31055,1.0,1.0,1.0
0500000US37013,100.0,9336,33156,4502,0,37658,46994,15939,31055,0.801336340809465,0.9427191166321601,0.7287715343744968
0500000US37013,250.0,38311,8683,0,0,8683,46994,15939,31055,0.18476826828956888,0.2145053014618232,0.16950571566575431
0500000US37013,1000.0,46994,0,0,0,0,46994,15939,31055,0.0,0.0,0.0
0500000US37015,25.0,0,0,4847,14100,18947,18947,2563,16384,1.0,1.0,1.0
0500000US37015,100.0,5301,13358,288,0,13646,18947,2563,16384,0.7202195598247744,0.944596176355833,0.68511962890625
0500000US37015,250.0,5563,13213,171,0,13384,18947,2563,16384,0.7063915131683116,0.9387436597737027,0.6700439453125
0500000US37015,1000.0,18947,0,0,0,0,18947,2563,16384,0.0,0.0,0.0
0500000US37017,250.0,9926,17674,5071,51,22796,32722,2844,29878,0.6966566835767984,1.0,0.6677823147466363
0500000US37017,1000.0,23331,9391,0,0,9391,32722,2844,29878,0.2869934600574537,0.04781997187060478,0.3097596894035745
0500000US37019,25.0,0,5,3179,139634,142818,142818,74359,68459,1.0,1.0,1.0
0500000US37019,100.0,3173,92348,30812,16485,139645,142818,74359,68459,0.97778291251803,0.999394827794887,0.9543084181773032
0500000US37019,250.0,54336,44676,27321,16485,88482,142818,74359,68459,0.6195437549888669,0.7415645718742856,0.48700682160125036
0500000US37019,1000.0,81107,45226,16485,0,61711,142818,74359,68459,0.4320953941379938,0.5363708495272933,0.318833170218671
0500000US37021,25.0,0,0,2126,259062,261188,261188,194889,66299,1.0,1.0,1.0
0500000US37021,100.0,3662,118276,136528,2722,257526,261188,194889,66299,0.9859794477541082,0.9981066145344273,0.9503310758834975
0500000US37021,250.0,4272,180629,75212,1075,256916,261188,194889,66299,0.9836439652663982,0.9980963522825813,0.9411605001583734
0500000US37021,1000.0,185677,74436,1075,0,75511,261188,194889,66299,0.2891059313597868,0.3259701676338839,0.18074179097723947
0500000US37023,25.0,0,0,1060,89425,90485,90485,51991,38494,1.0,1.0,1.0
0500000US37023,100.0,3596,54672,26141,6076,86889,90485,51991,38494,0.9602586063988506,0.998172760670116,0.909050761157583
0500000US37023,250.0,10402,73956,6127,0,80083,90485,51991,38494,0.8850417196220368,0.8731318882114212,0.9011274484335221
0500000US37023,1000.0,83454,7000,31,0,7031,90485,51991,38494,0.07770348676576228,0.1138658613990883,0.028861640775185743
0500000US37025,25.0,0,0,1019,215424,216443,216443,170411,46032,1.0,1.0,1.0
0500000US37025,100.0,1458,43989,167945,3051,214985,216443,170411,46032,0.9932638154156059,0.9999295820105509,0.9685870698644421
0500000US37025,250.0,3235,77346,133053,2809,213208,216443,170411,46032,0.9850538016937485,0.9999295820105509,0.9299834897462634
0500000US37025,1000.0,83435,130199,2809,0,133008,216443,170411,46032,0.6145174480117167,0.7179114024329415,0.23175182481751824
0500000US37027,25.0,0,0,413,81764,82177,82177,53744,28433,1.0,1.0,1.0
0500000US37027,100.0,2513,45852,29529,4283,79664,82177,53744,28433,0.9694196673035034,0.9926503423637988,0.9255090915485528
0500000US37027,250.0,2513,63948,13058,2658,79664,82177,53744,28433,0.9694196673035034,0.9926503423637988,0.9255090915485528
0500000US37027,1000.0,66368,13151,2658,0,15809,82177,53744,28433,0.19237742920768586,0.24996278654361417,0.08352970140329899
0500000US37029,25.0,0,0,712,10155,10867,10867,48,10819,1.0,1.0,1.0
0500000US37029,100.0,790,9250,827,0,10077,10867,48,10819,0.9273028434710592,0.8541666666666666,0.9276273223033552
0500000US37029,250.0,823,9217,827,0,10044,10867,48,10819,0.9242661268059262,0.8541666666666666,0.9245771328218875
0500000US37029,1000.0,10867,0,0,0,0,10867,48,10819,0.0,0.0,0.0
0500000US37031,25.0,0,0,136,69337,69473,69473,46800,22673,1.0,1.0,1.0
0500000US37031,100.0,135,64448,4890,0,69338,69473,46800,22673,0.9980567990442331,0.9999145299145299,0.9942222026198562
0500000US37031,250.0,135,66543,2795,0,69338,69473,46800,22673,0.9980567990442331,0.9999145299145299,0.9942222026198562
0500000US37031,1000.0,69473,0,0,0,0,69473,46800,22673,0.0,0.0,0.0
0500000US37033,25.0,0,0,9660,12944,22604,22604,191,22413,1.0,1.0,1.0
0500000US37033,100.0,11904,10543,157,0,10700,22604,191,22413,0.47336754556715627,0.4712041884816754,0.4733859813501093
0500000US37033,250.0,11925,10522,157,0,10679,22604,191,22413,0.4724385064590338,0.4712041884816754,0.4724490251193504
0500000US37033,1000.0,22447,157,0,0,157,22604,191,22413,0.006945673332153601,0.0,0.007004863249007272
0500000US37035,25.0,0,0,727,158818,159545,159545,110837,48708,1.0,1.0,1.0
0500000US37035,100.0,2678,140413,16454,0,156867,159545,110837,48708,0.9832147669936382,0.9962918519988813,0.9534573376036791
0500000US37035,250.0,2678,153695,3172,0,156867,159545,110837,48708,0.9832147669936382,0.9962918519988813,0.9534573376036791
0500000US37035,1000.0,156435,3110,0,0,3110,159545,110837,48708,0.019492933028299225,0.01875727419544015,0.02116695409378336
0500000US37037,25.0,0,2,12260,62207,74469,74469,24215,50254,1.0,1.0,1.0
0500000US37037,100.0,16386,38115,16439,3529,58083,74469,24215,50254,0.7799621318938081,0.992029733636176,0.6777768933816214
0500000US37037,250.0,17709,40335,13440,2985,56760,74469,24215,50254,0.7621963501591266,0.992029733636176,0.6514506307955585
0500000US37037,1000.0,50687,22089,1693,0,23782,74469,24215,50254,0.3193543622178356,0.2576915135246748,0.3490667409559438
0500000US37041,25.0,0,0,410,13533,13943,13943,4310,9633,1.0,1.0,1.0
0500000US37041,100.0,2789,11154,0,0,11154,13943,4310,9633,0.7999713117693467,0.9923433874709977,0.7139001349527665
0500000US37041,250.0,2802,11141,0,0,11141,13943,4310,9633,0.799038944273112,0.9918793503480279,0.7127582269282674
0500000US37041,1000.0,13943,0,0,0,0,13943,4310,9633,0.0,0.0,0.0
0500000US37045,25.0,0,0,3107,94839,97946,97946,43166,54780,1.0,1.0,1.0
0500000US37045,100.0,5290,57677,34979,0,92656,97946,43166,54780,0.945990647908031,0.9999536672381041,0.9034684191310698
0500000US37045,250.0,5764,80226,11956,0,92182,97946,43166,54780,0.9411512466052723,0.9999536672381041,0.8948156261409274
0500000US37045,1000.0,85990,11956,0,0,11956,97946,43166,54780,0.12206726155228391,0.24479914747718112,0.025355969331872945
0500000US37047,25.0,0,0,8843,46665,55508,55508,9289,46219,1.0,1.0,1.0
0500000US37047,100.0,10030,40182,5296,0,45478,55508,9289,46219,0.8193053253585069,0.9499407901819357,0.793050477076527
0500000US37047,250.0,10030,40319,5159,0,45478,55508,9289,46219,0.8193053253585069,0.9499407901819357,0.793050477076527
0500000US37047,1000.0,42163,13345,0,0,13345,55508,9289,46219,0.24041579592130863,0.17978253848638173,0.252601743871568
0500000US37049,25.0,0,0,10055,92084,102139,102139,72894,29245,1.0,1.0,1.0
0500000US37049,100.0,12383,80739,8508,509,89756,102139,72894,29245,0.8787632539970041,0.966663922956622,0.6596683193708326
0500000US37049,250.0,13943,82706,4981,509,88196,102139,72894,29245,0.8634899499701387,0.9517107032128844,0.6435971961018978
0500000US37049,1000.0,102139,0,0,0,0,102139,72894,29245,0.0,0.0,0.0
0500000US37051,25.0,0,0,1637,333868,335505,335505,288982,46523,1.0,1.0,1.0
0500000US37051,100.0,1979,229777,102857,892,333526,335505,288982,46523,0.9941014291888347,0.9998754247669405,0.9582357113685703
0500000US37051,250.0,2169,319729,13332,275,333336,335505,288982,46523,0.9935351187016587,0.9998754247669405,0.9541517099069278
0500000US37051,1000.0,331915,3590,0,0,3590,335505,288982,46523,0.010700287626115855,4.844592396758276e-05,0.07686520645702126
0500000US37053,25.0,0,4,738,27020,27762,27762,465,27297,1.0,1.0,1.0
0500000US37053,100.0,1088,21220,5179,275,26674,27762,465,27297,0.9608097399322816,0.9978494623655914,0.9601787742242738
0500000US37053,250.0,1131,26248,383,0,26631,27762,465,27297,0.9592608601685757,0.9978494623655914,0.9586035095431732
0500000US37053,1000.0,27654,108,0,0,108,27762,465,27297,0.0038902096390749947,0.0,0.003956478733926805
0500000US37055,25.0,0,2,285,36722,37009,37009,26099,10910,1.0,1.0,1.0
0500000US37055,100.0,321,35647,1041,0,36688,37009,26099,10910,0.9913264341106217,0.999310318403004,0.9722273143904675
0500000US37055,250.0,321,36461,227,0,36688,37009,26099,10910,0.9913264341106217,0.999310318403004,0.9722273143904675
0500000US37055,1000.0,37001,8,0,0,8,37009,26099,10910,0.00021616363587235538,0.0003065251542204682,0.0
0500000US37057,25.0,0,0,614,166992,167606,167606,87775,79831,1.0,1.0,1.0
0500000US37057,100.0,1457,68415,92067,5667,166149,167606,87775,79831,0.9913069937830388,0.9984050128168613,0.983502649346745
0500000US37057,250.0,7784,102666,56977,179,159822,167606,87775,79831,0.9535577485292889,0.9846197664483053,0.9194047425185705
0500000US37057,1000.0,107457,59970,179,0,60149,167606,87775,79831,0.35887140078517477,0.47899743662774136,0.2267915972491889
0500000US37059,250.0,260,5687,36899,0,42586,42846,12680,30166,0.9939317555897866,1.0,0.9913810249950276
0500000US37059,1000.0,5642,37204,0,0,37204,42846,12680,30166,0.8683190962983709,0.966640378548896,0.82699065172711
0500000US37061,25.0,0,0,17804,40937,58741,58741,7890,50851,1.0,1.0,1.0
0500000US37061,100.0,22519,35605,617,0,36222,58741,7890,50851,0.6166391447200422,0.9576679340937896,0.5637253937975655
0500000US37061,250.0,22558,36063,120,0,36183,58741,7890,50851,0.6159752132241535,0.9576679340937896,0.5629584472281765
0500000US37061,1000.0,58460,281,0,0,281,58741,7890,50851,0.004783711547300863,0.006590621039290241,0.0045033529330789955
0500000US37063,25.0,0,5,2105,319351,321461,321461,298305,23156,1.0,1.0,1.0
0500000US37063,100.0,2753,129897,165877,22934,318708,321461,298305,23156,0.9914359751260651,0.9995541476006101,0.886854378994645
0500000US37063,250.0,2791,137588,169023,12059,318670,321461,298305,23156,0.9913177648299483,0.9995541476006101,0.8852133356365521
0500000US37063,1000.0,140838,168564,12059,0,180623,321461,298305,23156,0.5618815346185074,0.5876401669432293,0.23004836759371222
0500000US37065,25.0,0,0,7950,43522,51472,51472,27282,24190,1.0,1.0,1.0
0500000US37065,100.0,14737,31279,5456,0,36735,51472,27282,24190,0.713688995958968,0.953779048456858,0.4429102935097148
0500000US37065,250.0,19366,31756,350,0,32106,51472,27282,24190,0.6237566055331054,0.9117000219925225,0.2990078544853245
0500000US37065,1000.0,51472,0,0,0,0,51472,27282,24190,0.0,0.0,0.0
0500000US37067,25.0,0,0,74,382214,382288,382288,352780,29508,1.0,1.0,1.0
0500000US37067,100.0,74,149655,228641,3918,382214,382288,352780,29508,0.9998064286611141,0.9999971653721866,0.9975260946184086
0500000US37067,250.0,74,191418,189213,1583,382214,382288,352780,29508,0.9998064286611141,0.9999971653721866,0.9975260946184086
0500000US37067,1000.0,192804,187901,1583,0,189484,382288,352780,29508,0.49565772401958735,0.5240773286467487,0.1558899281550766
0500000US37069,25.0,0,1,9301,60372,69674,69674,9934,59740,1.0,1.0,1.0
0500000US37069,100.0,11370,39971,18333,0,58304,69674,9934,59740,0.8368114361167724,0.9957720958324945,0.8103783059926347
0500000US37069,250.0,14018,50074,5582,0,55656,69674,9934,59740,0.7988058673249706,0.9957720958324945,0.766052895882156
0500000US37069,1000.0,69004,670,0,0,670,69674,9934,59740,0.009616212647472516,0.027179383933964164,0.006695681285570807
0500000US37071,25.0,0,0,376,224150,224526,224526,179346,45180,1.0,1.0,1.0
0500000US37071,100.0,476,92372,131611,67,224050,224526,179346,45180,0.9978799782653234,0.9996766027678342,0.9907481186365649
0500000US37071,250.0,483,152442,71601,0,224043,224526,179346,45180,0.9978488014751076,0.9996766027678342,0.9905931828242586
0500000US37071,1000.0,152925,71601,0,0,71601,224526,179346,45180,0.3188984794634029,0.38537240864028194,0.055024347056219565
0500000US37077,25.0,0,1,7897,52545,60443,60443,26319,34124,1.0,1.0,1.0
0500000US37077,100.0,10988,47694,1761,0,49455,60443,26319,34124,0.8182088910212928,0.9955165469812682,0.6814558668385887
0500000US37077,250.0,10988,48799,656,0,49455,60443,26319,34124,0.8182088910212928,0.9955165469812682,0.6814558668385887
0500000US37077,1000.0,60443,0,0,0,0,60443,26319,34124,0.0,0.0,0.0
0500000US37081,250.0,1108,196928,268239,70895,536062,537170,464706,72464,0.9979373382728001,1.0,0.9847096489291234
0500000US37081,1000.0,199092,267183,70895,0,338078,537170,464706,72464,0.6293687287078579,0.6875357753073986,0.256347979686465
0500000US37083,25.0,0,0,8681,41329,50010,50010,23512,26498,1.0,1.0,1.0
0500000US37083,100.0,12674,32475,4861,0,37336,50010,23512,26498,0.7465706858628275,0.9731626403538619,0.5455128688957657
0500000US37083,250.0,19293,30717,0,0,30717,50010,23512,26498,0.6142171565686863,0.8955427015991834,0.364593554230508
0500000US37083,1000.0,49840,170,0,0,170,50010,23512,26498,0.0033993201359728054,0.0,0.006415578534228999
0500000US37085,25.0,0,0,6534,129434,135968,135968,59091,76877,1.0,1.0,1.0
0500000US37085,100.0,8697,78273,47367,1631,127271,135968,59091,76877,0.9360364203341963,0.9980876952496996,0.8883411163286808
0500000US37085,250.0,11186,112423,11415,944,124782,135968,59091,76877,0.9177306425041186,0.9980876952496996,0.8559647228689985
0500000US37085,1000.0,128676,7292,0,0,7292,135968,59091,76877,0.053630265944928215,0.06085529099186001,0.0480767980020032
0500000US37087,25.0,0,1,10294,52022,62317,62317,27260,35057,1.0,1.0,1.0
0500000US37087,100.0,11297,43146,7874,0,51020,62317,27260,35057,0.8187172039732337,0.9932501834189288,0.6830019682231794
0500000US37087,250.0,11387,45189,5741,0,50930,62317,27260,35057,0.8172729752715953,0.9932501834189288,0.6804347205978835
0500000US37087,1000.0,56166,6151,0,0,6151,62317,27260,35057,0.09870500826419758,0.14288334556126192,0.06435234047408506
0500000US37089,25.0,0,1,8649,108765,117415,117415,77182,40233,1.0,1.0,1.0
0500000US37089,100.0,15280,59331,41042,1762,102135,117415,77182,40233,0.869863305369842,0.9777668368272395,0.6628638182586434
0500000US37089,250.0,18543,86164,11560,1148,98872,117415,77182,40233,0.8420729889707448,0.9686584955041331,0.5992344592747247
0500000US37089,1000.0,19603,86067,11320,425,97812,117415,77182,40233,0.8330451816207469,0.9631131610997383,0.5835259612755698
0500000US37091,250.0,4382,19170,125,0,19295,23677,7251,16426,0.8149258774337965,1.0,0.7332278095701936
0500000US37091,1000.0,23677,0,0,0,0,23677,7251,16426,0.0,0.0,0.0
0500000US37093,25.0,0,0,5761,49472,55233,55233,30020,25213,1.0,1.0,1.0
0500000US37093,100.0,7676,31735,15822,0,47557,55233,30020,25213,0.8610251117991056,0.9978347768154564,0.6981319160750407
0500000US37093,250.0,10349,43679,1205,0,44884,55233,30020,25213,0.8126301305379031,0.9978347768154564,0.5921151786776663
0500000US37093,1000.0,55233,0,0,0,0,55233,30020,25213,0.0,0.0,0.0
0500000US37097,25.0,0,9,3029,178763,181801,181801,110158,71643,1.0,1.0,1.0
0500000US37097,100.0,5002,58798,69497,48504,176799,181801,110158,71643,0.9724863999647967,0.9999909221300314,0.930195552950044
0500000US37097,250.0,5238,133900,42321,342,176563,181801,110158,71643,0.9711882772922041,0.9999909221300314,0.9269014418715017
0500000US37097,1000.0,134235,47224,342,0,47566,181801,110158,71643,0.2616377247649903,0.2890030683200494,0.21956087824351297
0500000US37099,25.0,0,0,17331,26607,43938,43938,11072,32866,1.0,1.0,1.0
0500000US37099,100.0,26048,16355,1535,0,17890,43938,11072,32866,0.4071646410851655,0.9734465317919075,0.21639384166007425
0500000US37099,250.0,28966,14972,0,0,14972,43938,11072,32866,0.34075287905685286,0.9734465317919075,0.1276090792916692
0500000US37099,1000.0,28969,14969,0,0,14969,43938,11072,32866,0.3406846010287223,0.9734465317919075,0.12751779954968662
0500000US37101,25.0,0,0,11288,198030,209318,209318,98558,110760,1.0,1.0,1.0
0500000US37101,100.0,14040,103425,88823,3030,195278,209318,98558,110760,0.932925023170487,0.9990361005702226,0.8740971469844709
0500000US37101,250.0,16668,148594,43104,952,192650,209318,98558,110760,0.9203699634049628,0.9990361005702226,0.8503701697363669
0500000US37101,1000.0,195788,13204,326,0,13530,209318,98558,110760,0.06463849262844093,0.10860609996144402,0.02551462621885157
0500000US37105,25.0,0,0,1059,60718,61777,61777,34703,27074,1.0,1.0,1.0
0500000US37105,100.0,1386,24352,29534,6505,60391,61777,34703,27074,0.9775644657396766,0.9994236809497737,0.94954568959149
0500000US37105,250.0,3675,42517,13170,2415,58102,61777,34703,27074,0.9405118409764152,0.9984727545169005,0.8662185122257516
0500000US37105,1000.0,45509,13805,2463,0,16268,61777,34703,27074,0.26333425061106885,0.2775264386364291,0.2451429415675556
0500000US37107,25.0,0,0,9826,46123,55949,55949,30327,25622,1.0,1.0,1.0
0500000US37107,100.0,13670,41508,771,0,42279,55949,30327,25622,0.7556703426334698,0.9156527186995087,0.5663102021700102
0500000US37107,250.0,15522,40139,288,0,40427,55949,30327,25622,0.7225687679851294,0.8723249909321726,0.5453126219654983
0500000US37107,1000.0,55703,246,0,0,246,55949,30327,25622,0.004396861427371356,0.008111583737263825,0.0
0500000US37109,25.0,0,0,1099,85008,86107,86107,39028,47079,1.0,1.0,1.0
0500000US37109,100.0,2193,39832,44082,0,83914,86107,39028,47079,0.9745316873192655,0.9949267192784668,0.957624418530555
0500000US37109,250.0,2313,68384,15410,0,83794,86107,39028,47079,0.9731380723982952,0.9949267192784668,0.9550755113744982
0500000US37109,1000.0,70697,15410,0,0,15410,86107,39028,47079,0.1789633827679515,0.2262221994465512,0.13978631661675056
0500000US37111,25.0,0,2,7736,38017,45755,45755,13463,32292,1.0,1.0,1.0
0500000US37111,100.0,10248,33385,2122,0,35507,45755,13463,32292,0.7760244781991039,0.995766173958256,0.6844109996283909
0500000US37111,250.0,10248,33675,1832,0,35507,45755,13463,32292,0.7760244781991039,0.995766173958256,0.6844109996283909
0500000US37111,1000.0,36579,9176,0,0,9176,45755,13463,32292,0.20054638837285543,0.091807175220976,0.24588133283785457
0500000US37113,25.0,0,2,10978,24877,35857,35857,6971,28886,1.0,1.0,1.0
0500000US37113,100.0,14503,21354,0,0,21354,35857,6971,28886,0.5955322531165462,0.9989958399081911,0.49816520113549817
0500000US37113,250.0,17645,18212,0,0,18212,35857,6971,28886,0.5079064060016175,0.9989958399081911,0.38939278543238937
0500000US37113,1000.0,17645,18212,0,0,18212,35857,6971,28886,0.5079064060016175,0.9989958399081911,0.38939278543238937
0500000US37115,25.0,0,0,5886,15869,21755,21755,1965,19790,1.0,1.0,1.0
0500000US37115,100.0,8041,10269,3126,319,13714,21755,1965,19790,0.6303838198115376,0.9913486005089058,0.5945426983324912
0500000US37115,250.0,8041,10269,3232,213,13714,21755,1965,19790,0.6303838198115376,0.9913486005089058,0.5945426983324912
0500000US37115,1000.0,21081,674,0,0,674,21755,1965,19790,0.030981383589979317,0.0,0.034057604850934814
0500000US37117,25.0,0,0,6985,15455,22440,22440,4573,17867,1.0,1.0,1.0
0500000US37117,100.0,8997,13212,231,0,13443,22440,4573,17867,0.5990641711229947,0.9376776732998032,0.5123971567694633
0500000US37117,250.0,18891,3549,0,0,3549,22440,4573,17867,0.15815508021390373,0.15657117865733655,0.15856047461801087
0500000US37117,1000.0,22440,0,0,0,0,22440,4573,17867,0.0,0.0,0.0
0500000US37119,25.0,0,0,58,1110285,1110343,1110343,1093189,17154,1.0,1.0,1.0
0500000US37119,100.0,57,174789,810595,124902,1110286,1110343,1093189,17154,0.999948664511777,0.9999707278430354,0.9985426139675877
0500000US37119,250.0,12536,301919,716465,79423,1097807,1110343,1093189,17154,0.9887097950813397,0.9891519215798915,0.9605339862422758
0500000US37119,1000.0,307504,723595,79244,0,802839,1110343,1093189,17154,0.7230549478854732,0.7268038738040723,0.48414363996735454
0500000US37121,25.0,0,0,1510,13454,14964,14964,2582,12382,1.0,1.0,1.0
0500000US37121,100.0,7374,7590,0,0,7590,14964,2582,12382,0.5072173215717722,0.9388071262587142,0.41721854304635764
0500000US37121,250.0,7374,7590,0,0,7590,14964,2582,12382,0.5072173215717722,0.9388071262587142,0.41721854304635764
0500000US37121,1000.0,14949,15,0,0,15,14964,2582,12382,0.0010024057738572574,0.0,0.0012114359554191568
0500000US37123,25.0,0,0,8988,18185,27173,27173,6232,20941,1.0,1.0,1.0
0500000US37123,100.0,10394,16718,61,0,16779,27173,6232,20941,0.6174879475950392,0.996790757381258,0.5046081849004346
0500000US37123,250.0,10521,16652,0,0,16652,27173,6232,20941,0.6128141905568028,0.996790757381258,0.49854352705219424
0500000US37123,1000.0,25183,1990,0,0,1990,27173,6232,20941,0.07323446067787878,0.0,0.0950288906928991
0500000US37125,25.0,0,1,9579,91294,100874,100874,48804,52070,1.0,1.0,1.0
0500000US37125,100.0,11783,75528,12903,660,89091,100874,48804,52070,0.8831909114340663,0.9993443160396689,0.7743230266948339
0500000US37125,250.0,12337,80599,7278,660,88537,100874,48804,52070,0.8776989115133731,0.9993443160396689,0.763683502976762
0500000US37125,1000.0,87897,12977,0,0,12977,100874,48804,52070,0.12864563713147095,0.05224981558888616,0.20024966391396198
0500000US37127,25.0,0,1,10822,83475,94298,94298,48294,46004,1.0,1.0,1.0
0500000US37127,100.0,19062,70418,4818,0,75236,94298,48294,46004,0.7978536130140618,0.9467014535967201,0.6415963829232241
0500000US37127,250.0,21250,71664,1384,0,73048,94298,48294,46004,0.7746505758340579,0.9178365842547729,0.6243370141726806
0500000US37127,1000.0,94298,0,0,0,0,94298,48294,46004,0.0,0.0,0.0
0500000US37129,25.0,0,4,387,234078,234469,234469,228320,6149,1.0,1.0,1.0
0500000US37129,100.0,380,108548,124940,601,234089,234469,228320,6149,0.998379316668728,0.9999605816398038,0.9396649861766141
0500000US37129,250.0,380,128901,104587,601,234089,234469,228320,6149,0.998379316668728,0.9999605816398038,0.9396649861766141
0500000US37129,1000.0,129254,104994,221,0,105215,234469,228320,6149,0.4487373597362551,0.45330238262088296,0.2792323955114653
0500000US37131,25.0,0,0,3736,15747,19483,19483,2132,17351,1.0,1.0,1.0
0500000US37131,100.0,4046,14424,1013,0,15437,19483,2132,17351,0.7923317764204691,0.9948405253283302,0.7674485620425335
0500000US37131,250.0,4210,15166,107,0,15273,19483,2132,17351,0.7839141815942103,0.9948405253283302,0.7579966572531842
0500000US37131,1000.0,19483,0,0,0,0,19483,2132,17351,0.0,0.0,0.0
0500000US37133,25.0,0,1,5660,192276,197937,197937,138140,59797,1.0,1.0,1.0
0500000US37133,100.0,6085,138409,53443,0,191852,197937,138140,59797,0.9692578951888732,0.999688721586796,0.898958141712795
0500000US37133,250.0,6204,180428,11305,0,191733,197937,138140,59797,0.968656693796511,0.999688721586796,0.8969680753215045
0500000US37133,1000.0,197937,0,0,0,0,197937,138140,59797,0.0,0.0,0.0
0500000US37135,25.0,0,1,8851,139613,148465,148465,102622,45843,1.0,1.0,1.0
0500000US37135,100.0,12530,51673,82594,1668,135935,148465,102622,45843,0.9156030040750345,0.9892713063475668,0.7506925812010558
0500000US37135,250.0,12538,71067,63206,1654,135927,148465,102622,45843,0.9155491193210521,0.9892713063475668,0.7505180725519709
0500000US37135,1000.0,88360,58735,1370,0,60105,148465,102622,45843,0.40484289226417003,0.5251018300169554,0.1356368475012543
0500000US37139,250.0,46,38792,986,0,39778,39824,23566,16258,0.9988449176376054,1.0,0.9971706236929512
0500000US37139,1000.0,39824,0,0,0,0,39824,23566,16258,0.0,0.0,0.0
0500000US37141,250.0,14030,34070,14958,0,49028,63058,18736,44322,0.7775064226585049,1.0,0.6834529127746943
0500000US37141,1000.0,47888,15170,0,0,15170,63058,18736,44322,0.24057217165149544,0.4273057216054654,0.16163530526600786
0500000US37145,25.0,0,0,448,39042,39490,39490,9566,29924,1.0,1.0,1.0
0500000US37145,100.0,6062,31938,1490,0,33428,39490,9566,29924,0.8464927829830337,0.9990591678862638,0.7977208929287528
0500000US37145,250.0,6062,32930,498,0,33428,39490,9566,29924,0.8464927829830337,0.9990591678862638,0.7977208929287528
0500000US37145,1000.0,39490,0,0,0,0,39490,9566,29924,0.0,0.0,0.0
0500000US37147,25.0,0,2,17570,163169,180741,180741,132934,47807,1.0,1.0,1.0
0500000US37147,100.0,23871,148302,8568,0,156870,180741,132934,47807,0.8679270337112222,0.9360434501331488,0.6785198820256447
0500000US37147,250.0,30400,145289,5052,0,150341,180741,132934,47807,0.8318035199539673,0.9185836580558774,0.5904992992657979
0500000US37147,1000.0,180741,0,0,0,0,180741,132934,47807,0.0,0.0,0.0
0500000US37149,250.0,9858,8760,2105,0,10865,20723,1589,19134,0.5242966751918159,1.0,0.4847914706804641
0500000US37149,1000.0,15971,4752,0,0,4752,20723,1589,19134,0.2293104280268301,0.022026431718061675,0.24652451134106826
0500000US37151,25.0,0,0,3546,140120,143666,143666,62789,80877,1.0,1.0,1.0
0500000US37151,100.0,3925,92907,46469,365,139741,143666,62789,80877,0.9726796876087592,0.998662186051697,0.9525081296289427
0500000US37151,250.0,3925,94002,45374,365,139741,143666,62789,80877,0.9726796876087592,0.998662186051697,0.9525081296289427
0500000US37151,1000.0,83226,60020,420,0,60440,143666,62789,80877,0.42069800787938694,0.37884024271767347,0.45319435686289056
0500000US37153,250.0,3212,34830,6787,0,41617,44829,24674,20155,0.9283499520399742,1.0,0.8406350781443811
0500000US37153,1000.0,38042,6787,0,0,6787,44829,24674,20155,0.15139753284704097,0.2569101078057875,0.022227735053336643
0500000US37155,25.0,0,0,19404,111221,130625,130625,47851,82774,1.0,1.0,1.0
0500000US37155,100.0,20664,65252,44171,538,109961,130625,47851,82774,0.8418066985645933,0.9994566466740507,0.7506705003986759
0500000US37155,250.0,27476,95785,7364,0,103149,130625,47851,82774,0.7896574162679426,0.9993939520595181,0.6684103704061661
0500000US37155,1000.0,123261,7364,0,0,7364,130625,47851,82774,0.056375119617224884,0.15163737434954339,0.0013047575325585328
0500000US37157,250.0,3056,79249,8704,0,87953,91009,34573,56436,0.9664209034271336,1.0,0.9458501665603516
0500000US37157,1000.0,82302,8707,0,0,8707,91009,34573,56436,0.09567185662956411,0.13435339715963324,0.07197533489262173
0500000US37159,250.0,3347,95367,34732,8638,138737,142084,86500,55584,0.9764435122885053,1.0,0.9397848301669545
0500000US37159,1000.0,100170,33475,8439,0,41914,142084,86500,55584,0.2949945102896878,0.43915606936416185,0.07064982728842832
0500000US37161,25.0,0,0,5048,61981,67029,67029,24945,42084,1.0,1.0,1.0
0500000US37161,100.0,16979,35010,14958,82,50050,67029,24945,42084,0.7466917304450312,0.9689316496291842,0.6149605550803156
0500000US37161,250.0,63001,4028,0,0,4028,67029,24945,42084,0.06009339241223948,0.09100020044097014,0.041773595665811236
0500000US37161,1000.0,64011,3018,0,0,3018,67029,24945,42084,0.04502528756209999,0.08510723591902185,0.02126698982986408
0500000US37163,25.0,0,0,22042,41489,63531,63531,9486,54045,1.0,1.0,1.0
0500000US37163,100.0,26916,32290,3599,726,36615,63531,9486,54045,0.5763328139018746,0.7294960995150749,0.5494495327967435
0500000US37163,250.0,26916,33248,3158,209,36615,63531,9486,54045,0.5763328139018746,0.7294960995150749,0.5494495327967435
0500000US37163,1000.0,45490,18041,0,0,18041,63531,9486,54045,0.28397160441359337,0.007590132827324478,0.33248219076695346
0500000US37165,250.0,4140,30683,0,0,30683,34823,17771,17052,0.8811130574620222,1.0,0.757213230119634
0500000US37165,1000.0,34823,0,0,0,0,34823,17771,17052,0.0,0.0,0.0
0500000US37167,250.0,2378,45984,14442,1,60427,62805,20263,42542,0.9621367725499562,1.0,0.944102298904612
0500000US37167,1000.0,49185,13620,0,0,13620,62805,20263,42542,0.2168617148316217,0.5826383062725164,0.04264021437638099
0500000US37169,250.0,1223,21606,20019,2743,44368,45591,10773,34818,0.9731745300607576,1.0,0.9648744902062152
0500000US37169,1000.0,20977,22029,2585,0,24614,45591,10773,34818,0.5398872584501327,0.5951916829109811,0.522775575851571
0500000US37171,25.0,0,0,164,71619,71783,71783,21765,50018,1.0,1.0,1.0
0500000US37171,100.0,834,25282,45667,0,70949,71783,21765,50018,0.9883816502514523,0.9998162186997473,0.9834059738494142
0500000US37171,250.0,834,25288,45661,0,70949,71783,21765,50018,0.9883816502514523,0.9998162186997473,0.9834059738494142
0500000US37171,1000.0,23356,48196,231,0,48427,71783,21765,50018,0.6746304835406712,0.5307603951297956,0.7372345955456036
0500000US37175,25.0,0,0,3477,30907,34384,34384,13761,20623,1.0,1.0,1.0
0500000US37175,100.0,3538,29925,921,0,30846,34384,13761,20623,0.8971033038622616,0.9997093234503306,0.8286379285264026
0500000US37175,250.0,33631,753,0,0,753,34384,13761,20623,0.021899720800372266,0.005668192718552431,0.03273044658876012
0500000US37175,1000.0,33777,607,0,0,607,34384,13761,20623,0.017653559795253605,0.0016713901605987936,0.02831789749309024
0500000US37179,25.0,0,4,2391,237457,239852,239852,171392,68460,1.0,1.0,1.0
0500000US37179,100.0,3639,142608,92140,1465,236213,239852,171392,68460,0.984828144022147,0.9999883308439134,0.9468740870581361
0500000US37179,250.0,7921,194247,37008,676,231931,239852,171392,68460,0.9669754682053934,0.9999883308439134,0.8843266140812153
0500000US37179,1000.0,204209,34967,676,0,35643,239852,171392,68460,0.14860413921918517,0.18122199402539207,0.06694420099328074
0500000US37181,25.0,0,0,2227,42308,44535,44535,20743,23792,1.0,1.0,1.0
0500000US37181,100.0,3218,38767,2550,0,41317,44535,20743,23792,0.9277422252161222,0.9973485031094828,0.86705615332885
0500000US37181,250.0,3251,39855,1429,0,41284,44535,20743,23792,0.9270012349837207,0.9973485031094828,0.8656691324815063
0500000US37181,1000.0,44535,0,0,0,0,44535,20743,23792,0.0,0.0,0.0
0500000US37183,25.0,0,5,1615,1110133,1111753,1111753,1027485,84268,1.0,1.0,1.0
0500000US37183,100.0,2365,248046,738458,122884,1109388,1111753,1027485,84268,0.9978727289245003,0.999900728477788,0.9731452033986804
0500000US37183,250.0,2743,341032,656125,111853,1109010,1111753,1027485,84268,0.9975327253445685,0.999900728477788,0.9686595148810937
0500000US37183,1000.0,372424,630825,108381,123,739329,1111753,1027485,84268,0.6650119226123069,0.698353747256651,0.25847296719988605
0500000US37187,25.0,0,0,1939,9641,11580,11580,3801,7779,1.0,1.0,1.0
0500000US37187,100.0,1983,9433,164,0,9597,11580,3801,7779,0.8287564766839378,0.9668508287292817,0.7612803702275357
0500000US37187,250.0,2331,9249,0,0,9249,11580,3801,7779,0.7987046632124353,0.9602736122073139,0.7197583236919912
0500000US37187,1000.0,11580,0,0,0,0,11580,3801,7779,0.0,0.0,0.0
0500000US37189,25.0,0,0,740,55435,56175,56175,23509,32666,1.0,1.0,1.0
0500000US37189,100.0,1194,15742,33036,6203,54981,56175,23509,32666,0.9787449933244325,0.9997447785954315,0.9636319108553236
0500000US37189,250.0,1194,24454,29764,763,54981,56175,23509,32666,0.9787449933244325,0.9997447785954315,0.9636319108553236
0500000US37189,1000.0,22436,32976,763,0,33739,56175,23509,32666,0.6006052514463729,0.615381343315326,0.5899712239025287
0500000US37191,25.0,0,0,4122,119009,123131,123131,65760,57371,1.0,1.0,1.0
0500000US37191,100.0,4230,74482,43477,942,118901,123131,65760,57371,0.9656463441375446,0.9999543795620438,0.9263216607693783
0500000US37191,250.0,4310,92465,25898,458,118821,123131,65760,57371,0.964996629605867,0.9996958637469586,0.9252235449966011
0500000US37191,1000.0,97513,25618,0,0,25618,123131,65760,57371,0.20805483590647358,0.3152372262773723,0.08519983964023635
0500000US37193,25.0,0,0,435,67977,68412,68412,18344,50068,1.0,1.0,1.0
0500000US37193,100.0,593,31301,36345,173,67819,68412,18344,50068,0.9913319300707478,0.999291321412996,0.9884157545737796
0500000US37193,250.0,593,31301,36345,173,67819,68412,18344,50068,0.9913319300707478,0.999291321412996,0.9884157545737796
0500000US37193,1000.0,20311,47031,1070,0,48101,68412,18344,50068,0.7031076419341636,0.5538595726122983,0.7577894064072861
0500000US37195,25.0,0,0,1405,80396,81801,81801,49796,32005,1.0,1.0,1.0
0500000US37195,100.0,1555,20870,53202,6174,80246,81801,49796,32005,0.9809904524394567,0.9887541167965298,0.9689111076394313
0500000US37195,250.0,1555,21991,55020,3235,80246,81801,49796,32005,0.9809904524394567,0.9887541167965298,0.9689111076394313
0500000US37195,1000.0,23439,58362,0,0,58362,81801,49796,32005,0.7134631605970587,0.9602578520363081,0.32947976878612717
0500000US37197,250.0,339,14545,22783,0,37328,37667,5715,31952,0.9910000796453129,1.0,0.9893903355032548
0500000US37197,1000.0,12680,24975,12,0,24987,37667,5715,31952,0.6633658109220273,0.5594050743657043,0.6819604406609915
0500000US38003,1000.0,1003,9313,82,17,9412,10415,5873,4542,0.9036965914546328,1.0,0.7791721708498459
0500000US38015,25.0,0,0,1159,94466,95625,95625,70082,25543,1.0,1.0,1.0
0500000US38015,100.0,1159,83130,11053,283,94466,95625,70082,25543,0.9878797385620915,0.9896549756000114,0.9830090435735818
0500000US38015,250.0,75363,20174,88,0,20262,95625,70082,25543,0.21189019607843138,0.026426186467281183,0.720745409701288
0500000US38015,1000.0,76761,18776,88,0,18864,95625,70082,25543,0.19727058823529411,0.0124282982791587,0.7044199976510198
0500000US38017,25.0,0,0,6700,175223,181923,181923,149553,32370,1.0,1.0,1.0
0500000US38017,100.0,17336,21114,99899,43574,164587,181923,149553,32370,0.9047069364511359,0.971869504456614,0.5944084028421378
0500000US38017,250.0,28512,132370,17673,3368,153411,181923,149553,32370,0.8432743523358783,0.9555140986807352,0.32471424158171147
0500000US38017,1000.0,168215,13678,30,0,13708,181923,149553,32370,0.0753505604019283,0.05853443260917534,0.15304294099474822
0500000US38035,25.0,0,0,865,68586,69451,69451,55043,14408,1.0,1.0,1.0
0500000US38035,100.0,7654,61052,745,0,61797,69451,55043,14408,0.889792803559344,0.9952037497956143,0.4870905052748473
0500000US38035,250.0,65483,3955,13,0,3968,69451,55043,14408,0.05713380656865992,0.013298693748523882,0.2245974458634092
0500000US38035,1000.0,66215,3223,13,0,3236,69451,55043,14408,0.046594001526255924,0.0,0.2245974458634092
0500000US38057,1000.0,11,8176,0,0,8176,8187,2634,5553,0.9986564064981067,1.0,0.9980190887808392
0500000US38059,25.0,0,0,965,30398,31363,31363,19105,12258,1.0,1.0,1.0
0500000US38059,100.0,1348,24560,5455,0,30015,31363,19105,12258,0.9570194177852884,0.9961266684114106,0.8960678740414423
0500000US38059,250.0,21431,9831,101,0,9932,31363,19105,12258,0.316678889136881,0.048678356451190785,0.7343775493555229
0500000US38059,1000.0,22353,8909,101,0,9010,31363,19105,12258,0.28728119121257534,0.0053389165140015704,0.7267090879425682
0500000US38069,1000.0,0,3904,71,0,3975,3975,2240,1735,1.0,1.0,1.0
0500000US38071,1000.0,0,11474,44,0,11518,11518,6953,4565,1.0,1.0,1.0
0500000US38077,25.0,0,0,39,16138,16177,16177,7558,8619,1.0,1.0,1.0
0500000US38077,100.0,1569,12008,2600,0,14608,16177,7558,8619,0.9030104469308278,0.9421804710240804,0.8686622578025293
0500000US38077,250.0,8550,7455,172,0,7627,16177,7558,8619,0.47147184273969217,0.04313310399576607,0.8470820280775032
0500000US38077,1000.0,8551,7507,119,0,7626,16177,7558,8619,0.47141002658094827,0.04300079386080974,0.8470820280775032
0500000US38089,100.0,769,8737,21418,565,30720,31489,17222,14267,0.9755787735399664,1.0,0.9460993902011635
0500000US38089,250.0,846,29861,782,0,30643,31489,17222,14267,0.9731334751818095,0.9999419347346418,0.940772411859536
0500000US38089,1000.0,992,30299,198,0,30497,31489,17222,14267,0.9684969354377719,0.9999419347346418,0.9305390060979883
0500000US38093,100.0,546,4446,15712,0,20158,20704,14749,5955,0.97362828438949,1.0,0.9083123425692695
0500000US38093,250.0,569,20099,36,0,20135,20704,14749,5955,0.9725173879443586,0.9986439758627703,0.9078085642317381
0500000US38093,1000.0,569,20099,36,0,20135,20704,14749,5955,0.9725173879443586,0.9986439758627703,0.9078085642317381
0500000US38099,25.0,0,0,247,10394,10641,10641,3804,6837,1.0,1.0,1.0
0500000US38099,100.0,1723,8918,0,0,8918,10641,3804,6837,0.8380791279015131,0.9997371188222923,0.7481351469942957
0500000US38099,250.0,6248,4393,0,0,4393,10641,3804,6837,0.4128371393666009,0.0,0.642533274828141
0500000US38099,1000.0,6248,4393,0,0,4393,10641,3804,6837,0.4128371393666009,0.0,0.642533274828141
0500000US38101,25.0,0,0,1614,66027,67641,67641,47470,20171,1.0,1.0,1.0
0500000US38101,100.0,2473,47996,17172,0,65168,67641,47470,20171,0.9634393341316657,0.9824942068674952,0.9185960041643945
0500000US38101,250.0,42145,25401,95,0,25496,67641,47470,20171,0.3769311512248488,0.1945439224773541,0.806157354618016
0500000US38101,1000.0,42145,25401,95,0,25496,67641,47470,20171,0.3769311512248488,0.1945439224773541,0.806157354618016
0500000US38105,25.0,0,0,1940,35639,37579,37579,14653,22926,1.0,1.0,1.0
0500000US38105,100.0,2746,26956,7646,231,34833,37579,14653,22926,0.9269272732111019,0.978707431925203,0.893832330105557
0500000US38105,250.0,13063,23724,792,0,24516,37579,14653,22926,0.6523856409164693,0.2815805637070907,0.8893832330105557
0500000US38105,1000.0,13063,23724,792,0,24516,37579,14653,22926,0.6523856409164693,0.2815805637070907,0.8893832330105557
0500000US39001,250.0,13441,14257,0,0,14257,27698,2852,24846,0.5147303054372157,1.0,0.45902761007808096
0500000US39001,1000.0,27698,0,0,0,0,27698,2852,24846,0.0,0.0,0.0
0500000US39003,25.0,0,0,1645,100706,102351,102351,74916,27435,1.0,1.0,1.0
0500000US39003,100.0,5776,61039,32806,2730,96575,102351,74916,27435,0.9435667458060987,0.999946606866357,0.789611809732094
0500000US39003,250.0,5846,89525,6975,5,96505,102351,74916,27435,0.9428828247892058,0.999946606866357,0.7870603244031347
0500000US39003,1000.0,100659,1692,0,0,1692,102351,74916,27435,0.016531348008324297,0.013681990496022211,0.024312010205941315
0500000US39005,100.0,0,8067,36912,8505,53484,53484,20085,33399,1.0,1.0,1.0
0500000US39005,250.0,9911,41638,1935,0,43573,53484,20085,33399,0.814692244409543,0.8697037590241474,0.7816102278511333
0500000US39005,1000.0,53132,352,0,0,352,53484,20085,33399,0.0065814075237454195,0.0,0.010539237701727596
0500000US39007,25.0,0,0,6657,90584,97241,97241,50818,46423,1.0,1.0,1.0
0500000US39007,100.0,15760,46214,28282,6985,81481,97241,50818,46423,0.8379284458201788,0.9999803219331733,0.6605346487732374
0500000US39007,250.0,23172,53939,17424,2706,74069,97241,50818,46423,0.7617054534609887,0.9999803219331733,0.5008724123817935
0500000US39007,1000.0,90955,6286,0,0,6286,97241,50818,46423,0.06464351456690079,0.09907906647250975,0.026947849126510565
0500000US39009,25.0,0,3,14803,50521,65327,65327,35550,29777,1.0,1.0,1.0
0500000US39009,100.0,21081,42690,1556,0,44246,65327,35550,29777,0.6773003505441854,0.7549648382559775,0.5845787016825066
0500000US39009,250.0,21407,43920,0,0,43920,65327,35550,29777,0.6723100708742173,0.7549648382559775,0.5736306545320213
0500000US39009,1000.0,65327,0,0,0,0,65327,35550,29777,0.0,0.0,0.0
0500000US39011,25.0,0,0,1804,43852,45656,45656,27624,18032,1.0,1.0,1.0
0500000US39011,100.0,4361,29528,11636,131,41295,45656,27624,18032,0.9044813387068512,0.9997827975673328,0.7584849157054127
0500000US39011,250.0,4523,30486,10516,131,41133,45656,27624,18032,0.9009330646574383,0.9997827975673328,0.7495008873114463
0500000US39011,1000.0,41290,4260,106,0,4366,45656,27624,18032,0.09562817592430349,0.0076382855487981466,0.23042369121561668
0500000US39013,25.0,0,0,7062,59944,67006,67006,30972,36034,1.0,1.0,1.0
0500000US39013,100.0,8386,51496,7124,0,58620,67006,30972,36034,0.8748470286243023,0.9680356450987989,0.7947494033412887
0500000US39013,250.0,18358,48629,19,0,48648,67006,30972,36034,0.7260245351162582,0.9390740023246803,0.5429039240717101
0500000US39013,1000.0,66987,19,0,0,19,67006,30972,36034,0.0002835566964152464,0.0,0.0005272797913082089
0500000US39015,25.0,0,0,5928,37504,43432,43432,9899,33533,1.0,1.0,1.0
0500000US39015,100.0,12310,26198,4885,39,31122,43432,9899,33533,0.716568428808252,0.8801899181735529,0.668267080189664
0500000US39015,250.0,12645,28375,2412,0,30787,43432,9899,33533,0.7088552219561614,0.8801899181735529,0.6582769212417618
0500000US39015,1000.0,41012,2420,0,0,2420,43432,9899,33533,0.055719285319580036,0.0,0.07216771538484477
0500000US39017,25.0,0,0,652,382479,383131,383131,346705,36426,1.0,1.0,1.0
0500000US39017,100.0,2907,174263,204456,1505,380224,383131,346705,36426,0.9924125168675988,0.99998557851776,0.9203316312524021
0500000US39017,250.0,2907,174263,204456,1505,380224,383131,346705,36426,0.9924125168675988,0.99998557851776,0.9203316312524021
0500000US39017,1000.0,173535,208533,1063,0,209596,383131,346705,36426,0.5470609269414378,0.5421208231782062,0.5940811508263328
0500000US39019,250.0,12086,14828,0,0,14828,26914,7217,19697,0.5509400312105224,1.0,0.3864040209168909
0500000US39019,1000.0,26914,0,0,0,0,26914,7217,19697,0.0,0.0,0.0
0500000US39021,250.0,7884,31001,0,0,31001,38885,10985,27900,0.7972482962581973,1.0,0.7174193548387097
0500000US39021,1000.0,38885,0,0,0,0,38885,10985,27900,0.0,0.0,0.0
0500000US39023,25.0,0,0,355,133728,134083,134083,102119,31964,1.0,1.0,1.0
0500000US39023,100.0,1255,93514,39314,0,132828,134083,102119,31964,0.9906401258921713,0.9996376776114141,0.9618946314603929
0500000US39023,250.0,1255,130834,1994,0,132828,134083,102119,31964,0.9906401258921713,0.9996376776114141,0.9618946314603929
0500000US39023,1000.0,132089,1994,0,0,1994,134083,102119,31964,0.01487138563427131,0.019526238995681507,0.0
0500000US39025,250.0,1268,50892,154268,0,205160,206428,158344,48084,0.9938574224426919,1.0,0.9736294817402878
0500000US39025,1000.0,51846,154582,0,0,154582,206428,158344,48084,0.7488422113279206,0.79834411155459,0.5858289659762083
0500000US39027,250.0,10203,31765,0,0,31765,41968,18994,22974,0.7568861990087686,1.0,0.5558892661269261
0500000US39027,1000.0,41953,15,0,0,15,41968,18994,22974,0.00035741517346549753,0.0,0.0006529119874640898
0500000US39029,25.0,0,0,15878,86005,101883,101883,55599,46284,1.0,1.0,1.0
0500000US39029,100.0,17471,83838,574,0,84412,101883,55599,46284,0.8285189874660149,0.9737765067717046,0.6540273096534439
0500000US39029,250.0,19158,82195,530,0,82725,101883,55599,46284,0.8119607785400901,0.9737765067717046,0.6175784288306975
0500000US39029,1000.0,101883,0,0,0,0,101883,55599,46284,0.0,0.0,0.0
0500000US39031,250.0,11843,24757,0,0,24757,36600,14014,22586,0.6764207650273224,1.0,0.4756486318958647
0500000US39031,1000.0,36600,0,0,0,0,36600,14014,22586,0.0,0.0,0.0
0500000US39033,25.0,0,0,167,41327,41494,41494,26222,15272,1.0,1.0,1.0
0500000US39033,100.0,6348,35069,77,0,35146,41494,26222,15272,0.8470140261242589,0.9999237281671879,0.5844683080146673
0500000US39033,250.0,6641,34776,77,0,34853,41494,26222,15272,0.839952764255073,0.9999237281671879,0.5652828706128863
0500000US39033,1000.0,41417,77,0,0,77,41494,26222,15272,0.0018556899792741119,0.0029364655632674853,0.0
0500000US39035,25.0,0,0,6204,1228868,1235072,1235072,1227726,7346,1.0,1.0,1.0
0500000US39035,100.0,6623,297561,605061,325827,1228449,1235072,1227726,7346,0.9946375595916676,0.9946071028877779,0.9997277429893819
0500000US39035,250.0,6840,475139,552898,200195,1228232,1235072,1227726,7346,0.9944618613327806,0.9944303533524581,0.9997277429893819
0500000US39035,1000.0,684617,549902,553,0,550455,1235072,1227726,7346,0.44568656726085604,0.447125824491784,0.20514565750068064
0500000US39037,250.0,10235,40263,615,0,40878,51113,16393,34720,0.79975740026999,1.0,0.705213133640553
0500000US39037,1000.0,50880,233,0,0,233,51113,16393,34720,0.004558527184864907,0.0058561581162691395,0.003945852534562212
0500000US39039,25.0,0,0,0,38087,38087,38087,20966,17121,1.0,1.0,1.0
0500000US39039,100.0,5376,21465,10277,969,32711,38087,20966,17121,0.8588494761992281,0.997949060383478,0.6885111850943286
0500000US39039,250.0,9429,22339,6117,202,28658,38087,20966,17121,0.7524352141150524,0.9920347228846704,0.45902692599731326
0500000US39039,1000.0,30009,8000,78,0,8078,38087,20966,17121,0.2120933651902224,0.219116665076791,0.2034927866362946
0500000US39041,250.0,4893,142442,57686,4117,204245,209138,166188,42950,0.9766039648461782,1.0,0.8860768335273574
0500000US39041,1000.0,196732,12406,0,0,12406,209138,166188,42950,0.05931968365385535,0.04648951789539558,0.1089639115250291
0500000US39043,25.0,0,0,0,74266,74266,74266,53989,20277,1.0,1.0,1.0
0500000US39043,100.0,2798,61407,9745,316,71468,74266,53989,20277,0.9623246169175665,0.982978014039897,0.9073334319672536
0500000US39043,250.0,53961,19989,316,0,20305,74266,53989,20277,0.2734090970295963,0.1553464594639649,0.5877595305025398
0500000US39043,1000.0,74266,0,0,0,0,74266,53989,20277,0.0,0.0,0.0
0500000US39045,25.0,0,2,3526,154037,157565,157565,101516,56049,1.0,1.0,1.0
0500000US39045,100.0,7283,78383,46957,24942,150282,157565,101516,56049,0.9537778059848316,0.9999802986721305,0.8700958090242467
0500000US39045,250.0,7283,99708,43185,7389,150282,157565,101516,56049,0.9537778059848316,0.9999802986721305,0.8700958090242467
0500000US39045,1000.0,135303,22262,0,0,22262,157565,101516,56049,0.141287722527211,0.17434690098112612,0.08141090831236954
0500000US39047,250.0,4370,24155,0,0,24155,28525,14780,13745,0.8468010517090272,1.0,0.682066205893052
0500000US39047,1000.0,28525,0,0,0,0,28525,14780,13745,0.0,0.0,0.0
0500000US39049,25.0,0,3,206,1316534,1316743,1316743,1296639,20104,1.0,1.0,1.0
0500000US39049,100.0,184,144164,514844,657551,1316559,1316743,1296639,20104,0.9998602612658658,0.9999305897786508,0.995324313569439
0500000US39049,250.0,184,221335,918271,176953,1316559,1316743,1296639,20104,0.9998602612658658,0.9999305897786508,0.995324313569439
0500000US39049,1000.0,1115841,200902,0,0,200902,1316743,1296639,20104,0.1525749519837964,0.1537174186492925,0.07888977317946677
0500000US39051,25.0,0,0,9,42117,42126,42126,18002,24124,1.0,1.0,1.0
0500000US39051,100.0,9672,24855,7599,0,32454,42126,18002,24124,0.7704030764848312,0.9993889567825797,0.5995274415519815
0500000US39051,250.0,10242,27027,4857,0,31884,42126,18002,24124,0.7568722404215924,0.9993889567825797,0.5758995191510529
0500000US39051,1000.0,37324,4802,0,0,4802,42126,18002,24124,0.11399135925556664,0.24375069436729252,0.017161333112253357
0500000US39053,25.0,0,0,3513,26385,29898,29898,5491,24407,1.0,1.0,1.0
0500000US39053,100.0,21078,8820,0,0,8820,29898,5491,24407,0.2950030102347983,0.6594427244582043,0.21301266030237226
0500000US39053,250.0,21628,8270,0,0,8270,29898,5491,24407,0.2766071309117667,0.6428701511564378,0.19420658007948538
0500000US39053,1000.0,29898,0,0,0,0,29898,5491,24407,0.0,0.0,0.0
0500000US39055,25.0,0,0,6027,87622,93649,93649,33671,59978,1.0,1.0,1.0
0500000US39055,100.0,9755,31979,48475,3440,83894,93649,33671,59978,0.8958344456427725,0.9956639244453684,0.8397912567941579
0500000US39055,250.0,22013,56957,14679,0,71636,93649,33671,59978,0.7649414302341723,0.9868135784502985,0.6403848077628463
0500000US39055,1000.0,78562,15087,0,0,15087,93649,33671,59978,0.16110156008072696,0.2940512607288171,0.08646503718029944
0500000US39057,25.0,0,0,3145,165791,168936,168936,142576,26360,1.0,1.0,1.0
0500000US39057,100.0,6976,94141,67602,217,161960,168936,142576,26360,0.9587062556234314,0.9996563236449332,0.7372154779969651
0500000US39057,250.0,6976,141273,20687,0,161960,168936,142576,26360,0.9587062556234314,0.9996563236449332,0.7372154779969651
0500000US39057,1000.0,148249,20687,0,0,20687,168936,142576,26360,0.12245465738504523,0.1392099652115363,0.031828528072837634
0500000US39059,25.0,0,0,6703,32172,38875,38875,14871,24004,1.0,1.0,1.0
0500000US39059,100.0,14485,23792,538,60,24390,38875,14871,24004,0.6273954983922829,0.9042431578239527,0.45588235294117646
0500000US39059,250.0,19667,19208,0,0,19208,38875,14871,24004,0.49409646302250804,0.8144711182839083,0.29561739710048324
0500000US39059,1000.0,38875,0,0,0,0,38875,14871,24004,0.0,0.0,0.0
0500000US39061,25.0,0,0,49,817424,817473,817473,798444,19029,1.0,1.0,1.0
0500000US39061,100.0,49,94148,722196,1080,817424,817473,798444,19029,0.9999400591823828,0.9999448928165281,0.9997372431551842
0500000US39061,250.0,49,94148,722289,987,817424,817473,798444,19029,0.9999400591823828,0.9999448928165281,0.9997372431551842
0500000US39061,1000.0,94120,722586,767,0,723353,817473,798444,19029,0.884864698895254,0.883597346839603,0.9380419359924326
0500000US39063,250.0,6476,65472,3835,0,69307,75783,51618,24165,0.9145454785374029,1.0,0.7320091040761432
0500000US39063,1000.0,72835,2948,0,0,2948,75783,51618,24165,0.03890054497710568,0.05033127978612112,0.014483757500517277
0500000US39065,25.0,0,0,870,30495,31365,31365,13565,17800,1.0,1.0,1.0
0500000US39065,100.0,5048,20911,5199,207,26317,31365,13565,17800,0.8390562729156703,0.9946922226317729,0.7204494382022472
0500000US39065,250.0,5312,24984,1020,49,26053,31365,13565,17800,0.8306392475689462,0.9946922226317729,0.7056179775280899
0500000US39065,1000.0,31365,0,0,0,0,31365,13565,17800,0.0,0.0,0.0
0500000US39067,250.0,7631,6895,514,0,7409,15040,2187,12853,0.49261968085106383,1.0,0.4062864700848051
0500000US39067,1000.0,15040,0,0,0,0,15040,2187,12853,0.0,0.0,0.0
0500000US39069,250.0,8504,18120,382,0,18502,27006,7766,19240,0.6851070132563134,1.0,0.558004158004158
0500000US39069,1000.0,25442,1564,0,0,1564,27006,7766,19240,0.0579130563578464,0.010301313417460727,0.07713097713097714
0500000US39071,250.0,13067,30094,0,0,30094,43161,11462,31699,0.6972498320242811,1.0,0.5877787942837314
0500000US39071,1000.0,43161,0,0,0,0,43161,11462,31699,0.0,0.0,0.0
0500000US39073,25.0,0,0,8173,20091,28264,28264,7835,20429,1.0,1.0,1.0
0500000US39073,100.0,11397,16867,0,0,16867,28264,7835,20429,0.5967662043589018,0.9997447351627313,0.44221449899652454
0500000US39073,250.0,11397,16867,0,0,16867,28264,7835,20429,0.5967662043589018,0.9997447351627313,0.44221449899652454
0500000US39073,1000.0,28264,0,0,0,0,28264,7835,20429,0.0,0.0,0.0
0500000US39075,250.0,26921,16981,58,0,17039,43960,3010,40950,0.3876023657870792,1.0,0.34258852258852257
0500000US39075,1000.0,43960,0,0,0,0,43960,3010,40950,0.0,0.0,0.0
0500000US39077,25.0,0,0,0,58266,58266,58266,28353,29913,1.0,1.0,1.0
0500000US39077,100.0,4407,41759,7779,4321,53859,58266,28353,29913,0.9243641231593038,0.9999294607272599,0.852739611540133
0500000US39077,250.0,7980,49208,1078,0,50286,58266,28353,29913,0.8630419112346823,0.9999294607272599,0.733293216995955
0500000US39077,1000.0,58266,0,0,0,0,58266,28353,29913,0.0,0.0,0.0
0500000US39079,25.0,0,0,4608,27805,32413,32413,11546,20867,1.0,1.0,1.0
0500000US39079,100.0,9599,22814,0,0,22814,32413,11546,20867,0.7038533921574677,0.9941971245452971,0.543202185268606
0500000US39079,250.0,9599,22814,0,0,22814,32413,11546,20867,0.7038533921574677,0.9941971245452971,0.543202185268606
0500000US39079,1000.0,32413,0,0,0,0,32413,11546,20867,0.0,0.0,0.0
0500000US39081,25.0,0,0,4727,60598,65325,65325,38606,26719,1.0,1.0,1.0
0500000US39081,100.0,18919,46406,0,0,46406,65325,38606,26719,0.7103865288939916,0.8247163653318137,0.5451925596017815
0500000US39081,250.0,21344,43981,0,0,43981,65325,38606,26719,0.6732644469957902,0.8247163653318137,0.45443317489427
0500000US39081,1000.0,65325,0,0,0,0,65325,38606,26719,0.0,0.0,0.0
0500000US39083,25.0,0,1,13507,48812,62320,62320,26745,35575,1.0,1.0,1.0
0500000US39083,100.0,16667,44938,715,0,45653,62320,26745,35575,0.7325577663671373,0.9996634885025238,0.5317498243148279
0500000US39083,250.0,17073,44698,549,0,45247,62320,26745,35575,0.7260430038510911,0.9996634885025238,0.5203373155305692
0500000US39083,1000.0,61645,675,0,0,675,62320,26745,35575,0.010831193838254172,0.0,0.018973998594518624
0500000US39085,25.0,0,0,188,229961,230149,230149,215045,15104,1.0,1.0,1.0
0500000US39085,100.0,194,87455,141842,658,229955,230149,215045,15104,0.999157067812591,0.9999534981050477,0.9878177966101694
0500000US39085,250.0,393,191058,38149,549,229756,230149,215045,15104,0.9982924105688055,0.9999534981050477,0.9746424788135594
0500000US39085,1000.0,191944,38205,0,0,38205,230149,215045,15104,0.16600115577299923,0.17404264223767119,0.051509533898305086
0500000US39087,25.0,0,0,8077,51386,59463,59463,32808,26655,1.0,1.0,1.0
0500000US39087,100.0,8387,48868,2208,0,51076,59463,32808,26655,0.8589543077207675,0.9516581321628871,0.7448508722566123
0500000US39087,250.0,8387,48868,2208,0,51076,59463,32808,26655,0.8589543077207675,0.9516581321628871,0.7448508722566123
0500000US39087,1000.0,59290,173,0,0,173,59463,32808,26655,0.002909372214654491,0.0,0.006490339523541549
0500000US39089,25.0,0,0,8089,168770,176859,176859,110934,65925,1.0,1.0,1.0
0500000US39089,100.0,10857,104043,56431,5528,166002,176859,110934,65925,0.9386121147354672,0.9999639425243839,0.8353735305271142
0500000US39089,250.0,12484,136662,27112,601,164375,176859,110934,65925,0.9294126959894605,0.9999639425243839,0.8106939704209328
0500000US39089,1000.0,158273,18586,0,0,18586,176859,110934,65925,0.1050893649743581,0.15893233814700633,0.014486158513462268
0500000US39091,250.0,8079,37438,154,0,37592,45671,19400,26271,0.8231043769569311,1.0,0.6924745917551673
0500000US39091,1000.0,45671,0,0,0,0,45671,19400,26271,0.0,0.0,0.0
0500000US39093,25.0,0,0,7,309824,309831,309831,273188,36643,1.0,1.0,1.0
0500000US39093,100.0,759,151827,124709,32536,309072,309831,273188,36643,0.9975502774092974,0.9996705565398187,0.9817427612367983
0500000US39093,250.0,33338,213094,63372,27,276493,309831,273188,36643,0.8923994048368304,0.9170644391408115,0.7085118576535764
0500000US39093,1000.0,281256,28575,0,0,28575,309831,273188,36643,0.09222769832586152,0.10242397177035595,0.016210463117102857
0500000US39095,25.0,0,0,4591,423757,428348,428348,407759,20589,1.0,1.0,1.0
0500000US39095,100.0,9431,250956,150212,17749,418917,428348,407759,20589,0.9779828550617722,0.9827226376364471,0.88411287580747
0500000US39095,250.0,348869,76270,3209,0,79479,428348,407759,20589,0.18554773221772952,0.15671757091811586,0.7565204720967507
0500000US39095,1000.0,401388,26960,0,0,26960,428348,407759,20589,0.06293947911511201,0.06380729793824293,0.04575258633250765
0500000US39097,25.0,0,0,2610,42120,44730,44730,22188,22542,1.0,1.0,1.0
0500000US39097,100.0,4131,38093,2506,0,40599,44730,22188,22542,0.9076458752515091,0.9958536145664323,0.8208233519652205
0500000US39097,250.0,4131,40599,0,0,40599,44730,22188,22542,0.9076458752515091,0.9958536145664323,0.8208233519652205
0500000US39097,1000.0,44730,0,0,0,0,44730,22188,22542,0.0,0.0,0.0
0500000US39099,25.0,0,0,2996,225687,228683,228683,192820,35863,1.0,1.0,1.0
0500000US39099,100.0,3046,209127,16510,0,225637,228683,192820,35863,0.9866802517021379,0.9924333575355253,0.9557482642277556
0500000US39099,250.0,3049,209197,16437,0,225634,228683,192820,35863,0.9866671331056528,0.9924177989835079,0.9557482642277556
0500000US39099,1000.0,227716,967,0,0,967,228683,192820,35863,0.00422856093369424,0.0026138367389274973,0.012910241753339095
0500000US39101,25.0,0,0,390,64703,65093,65093,44908,20185,1.0,1.0,1.0
0500000US39101,100.0,3653,59000,2440,0,61440,65093,44908,20185,0.9438802943480866,0.9999777322526053,0.8190735694822888
0500000US39101,250.0,3653,59000,2440,0,61440,65093,44908,20185,0.9438802943480866,0.9999777322526053,0.8190735694822888
0500000US39101,1000.0,65093,0,0,0,0,65093,44908,20185,0.0,0.0,0.0
0500000US39103,25.0,0,0,0,179737,179737,179737,125796,53941,1.0,1.0,1.0
0500000US39103,100.0,690,78601,94738,5708,179047,179737,125796,53941,0.996161057545191,0.9970984768991065,0.9939748985002131
0500000US39103,250.0,2914,95795,77906,3122,176823,179737,125796,53941,0.9837874227343285,0.9970984768991065,0.952744665467826
0500000US39103,1000.0,177411,2326,0,0,2326,179737,125796,53941,0.012941130652008212,0.017353492956850774,0.002651044659906194
0500000US39105,25.0,0,0,7530,15377,22907,22907,4165,18742,1.0,1.0,1.0
0500000US39105,100.0,9843,11158,1906,0,13064,22907,4165,18742,0.5703060199938883,0.9447779111644657,0.487087824138299
0500000US39105,250.0,10817,11502,588,0,12090,22907,4165,18742,0.5277862662068363,0.8873949579831932,0.4478710916657774
0500000US39105,1000.0,22907,0,0,0,0,22907,4165,18742,0.0,0.0,0.0
0500000US39107,250.0,5474,13384,21890,418,35692,41166,15774,25392,0.8670261866588933,1.0,0.7844202898550725
0500000US39107,1000.0,13923,26835,408,0,27243,41166,15774,25392,0.6617839965019676,0.8612907315836186,0.537846565847511
0500000US39109,250.0,4455,101911,617,0,102528,106983,73198,33785,0.9583578699419534,1.0,0.8681367470771052
0500000US39109,1000.0,106777,206,0,0,206,106983,73198,33785,0.0019255395717076545,5.464630181152491e-05,0.005978984756548764
0500000US39111,25.0,0,0,8270,5384,13654,13654,206,13448,1.0,1.0,1.0
0500000US39111,100.0,8376,5278,0,0,5278,13654,206,13448,0.38655339094770763,0.0,0.39247471743010115
0500000US39111,250.0,13654,0,0,0,0,13654,206,13448,0.0,0.0,0.0
0500000US39111,1000.0,13654,0,0,0,0,13654,206,13448,0.0,0.0,0.0
0500000US39113,25.0,0,0,1065,530622,531687,531687,508345,23342,1.0,1.0,1.0
0500000US39113,100.0,1876,272436,256574,801,529811,531687,508345,23342,0.9964716082958582,0.9999488536328675,0.9207437237597463
0500000US39113,250.0,1876,421712,108099,0,529811,531687,508345,23342,0.9964716082958582,0.9999488536328675,0.9207437237597463
0500000US39113,1000.0,423816,107871,0,0,107871,531687,508345,23342,0.2028844037939615,0.21220037572908163,0.0
0500000US39115,250.0,8030,6478,0,0,6478,14508,2628,11880,0.44651226909291425,1.0,0.32407407407407407
0500000US39115,1000.0,14508,0,0,0,0,14508,2628,11880,0.0,0.0,0.0
0500000US39117,250.0,11325,23182,816,0,23998,35323,3928,31395,0.6793873680038501,1.0,0.6392737697085523
0500000US39117,1000.0,32442,2881,0,0,2881,35323,3928,31395,0.08156158876652606,0.0015274949083503055,0.09157509157509157
0500000US39119,250.0,10354,75861,0,0,75861,86215,44859,41356,0.8799048889404396,1.0,0.7496372956765645
0500000US39119,1000.0,86215,0,0,0,0,86215,44859,41356,0.0,0.0,0.0
0500000US39121,250.0,7889,6535,0,0,6535,14424,5264,9160,0.4530643372157515,1.0,0.13875545851528384
0500000US39121,1000.0,14424,0,0,0,0,14424,5264,9160,0.0,0.0,0.0
0500000US39123,25.0,0,0,0,40525,40525,40525,20431,20094,1.0,1.0,1.0
0500000US39123,100.0,2967,33607,3951,0,37558,40525,20431,20094,0.9267859346082665,0.9998531643091381,0.85249328157659
0500000US39123,250.0,2967,33732,3826,0,37558,40525,20431,20094,0.9267859346082665,0.9998531643091381,0.85249328157659
0500000US39123,1000.0,36589,3936,0,0,3936,40525,20431,20094,0.09712523133867983,0.18657921785522,0.00617099631730865
0500000US39125,250.0,8900,6712,2670,390,9772,18672,3197,15475,0.523350471293916,1.0,0.42487883683360256
0500000US39125,1000.0,14567,4105,0,0,4105,18672,3197,15475,0.21984790059982862,0.3228026274632468,0.198578352180937
0500000US39127,25.0,0,0,10152,25881,36033,36033,8894,27139,1.0,1.0,1.0
0500000US39127,100.0,15260,20754,19,0,20773,36033,8894,27139,0.5764993200677158,0.9988756465032607,0.4380780426692214
0500000US39127,250.0,15260,20754,19,0,20773,36033,8894,27139,0.5764993200677158,0.9988756465032607,0.4380780426692214
0500000US39127,1000.0,36033,0,0,0,0,36033,8894,27139,0.0,0.0,0.0
0500000US39129,25.0,0,0,3840,54604,58444,58444,28874,29570,1.0,1.0,1.0
0500000US39129,100.0,8166,47733,2545,0,50278,58444,28874,29570,0.8602765040038327,0.9996883008935374,0.7241460940142036
0500000US39129,250.0,8166,48245,2033,0,50278,58444,28874,29570,0.8602765040038327,0.9996883008935374,0.7241460940142036
0500000US39129,1000.0,56411,2033,0,0,2033,58444,28874,29570,0.034785435630689206,0.0,0.06875211362867771
0500000US39131,25.0,0,0,3402,24370,27772,27772,6929,20843,1.0,1.0,1.0
0500000US39131,100.0,7141,20630,1,0,20631,27772,6929,20843,0.74287051706755,0.9783518545244624,0.6645876313390586
0500000US39131,250.0,7144,20627,1,0,20628,27772,6929,20843,0.7427624945988766,0.9783518545244624,0.6644436981240704
0500000US39131,1000.0,27772,0,0,0,0,27772,6929,20843,0.0,0.0,0.0
0500000US39133,25.0,0,0,1182,161284,162466,162466,108334,54132,1.0,1.0,1.0
0500000US39133,100.0,3354,96013,63099,0,159112,162466,108334,54132,0.9793556805731661,0.9992246201561836,0.9395921081800044
0500000US39133,250.0,7322,137010,18134,0,155144,162466,108334,54132,0.9549321088720102,0.9992246201561836,0.8662898100938446
0500000US39133,1000.0,145324,17142,0,0,17142,162466,108334,54132,0.10551130698115298,0.12443000350767072,0.0676494494938299
0500000US39135,250.0,5927,34866,89,0,34955,40882,12629,28253,0.8550217699721149,1.0,0.7902169681095813
0500000US39135,1000.0,40882,0,0,0,0,40882,12629,28253,0.0,0.0,0.0
0500000US39137,25.0,0,0,5,33775,33780,33780,4883,28897,1.0,1.0,1.0
0500000US39137,100.0,11839,20315,1611,15,21941,33780,4883,28897,0.6495263469508585,0.9971329100962523,0.5907879710696612
0500000US39137,250.0,22968,10748,64,0,10812,33780,4883,28897,0.32007104795737124,0.9971329100962523,0.2056614873516282
0500000US39137,1000.0,33618,162,0,0,162,33780,4883,28897,0.0047957371225577266,0.0,0.00560611828217462
0500000US39139,25.0,0,0,255,120899,121154,121154,81052,40102,1.0,1.0,1.0
0500000US39139,100.0,5600,103605,11250,699,115554,121154,81052,40102,0.9537778364725886,0.9847011794897103,0.8912772430302728
0500000US39139,250.0,5817,109798,5539,0,115337,121154,81052,40102,0.9519867276359014,0.9846641662142822,0.8859408508303825
0500000US39139,1000.0,115251,5903,0,0,5903,121154,81052,40102,0.04872311273255526,0.0,0.14719964091566506
0500000US39141,250.0,5708,70478,480,0,70958,76666,31422,45244,0.9255471786711189,1.0,0.8738396251436654
0500000US39141,1000.0,76666,0,0,0,0,76666,31422,45244,0.0,0.0,0.0
0500000US39143,250.0,4740,51469,2309,0,53778,58518,31993,26525,0.9189992822721214,1.0,0.8213006597549481
0500000US39143,1000.0,56186,2332,0,0,2332,58518,31993,26525,0.03985098602139513,0.0,0.08791705937794533
0500000US39145,25.0,0,0,7126,68188,75314,75314,33487,41827,1.0,1.0,1.0
0500000US39145,100.0,13966,61348,0,0,61348,75314,33487,41827,0.8145630294500359,0.9995222026458028,0.6664833719846033
0500000US39145,250.0,13971,61343,0,0,61343,75314,33487,41827,0.8144966407308071,0.9995222026458028,0.6663638319745618
0500000US39145,1000.0,75314,0,0,0,0,75314,33487,41827,0.0,0.0,0.0
0500000US39147,250.0,7444,36885,10449,400,47734,55178,28475,26703,0.8650911595200986,1.0,0.7212298243643036
0500000US39147,1000.0,41680,13098,400,0,13498,55178,28475,26703,0.24462648156874117,0.24094820017559263,0.24854885218889264
0500000US39149,25.0,0,0,1139,47451,48590,48590,23451,25139,1.0,1.0,1.0
0500000US39149,100.0,3111,18854,26625,0,45479,48590,23451,25139,0.9359744803457501,0.9998720736855571,0.8763673972711723
0500000US39149,250.0,3111,18854,26625,0,45479,48590,23451,25139,0.9359744803457501,0.9998720736855571,0.8763673972711723
0500000US39149,1000.0,24593,23997,0,0,23997,48590,23451,25139,0.49386705083350485,0.7898170653703467,0.21778909264489438
0500000US39151,25.0,0,0,1984,368622,370606,370606,319714,50892,1.0,1.0,1.0
0500000US39151,100.0,2388,216276,142102,9840,368218,370606,319714,50892,0.9935564993551103,0.9999937444090656,0.9531164033639865
0500000US39151,250.0,88405,253752,28449,0,282201,370606,319714,50892,0.7614582602548259,0.7653746786190158,0.7368545154444707
0500000US39151,1000.0,336870,33736,0,0,33736,370606,319714,50892,0.09102928716750404,0.10232270091394184,0.020081741727579972
0500000US39153,25.0,0,0,55,540958,541013,541013,519793,21220,1.0,1.0,1.0
0500000US39153,100.0,67,235921,297272,7753,540946,541013,519793,21220,0.999876158243887,0.9999846092579161,0.9972196041470311
0500000US39153,250.0,114,418412,121637,850,540899,541013,519793,21220,0.9997892841761659,0.9999846092579161,0.9950047125353441
0500000US39153,1000.0,419646,120517,850,0,121367,541013,519793,21220,0.22433287185335657,0.22900847067967442,0.10980207351555137
0500000US39155,25.0,0,0,4875,193099,197974,197974,142755,55219,1.0,1.0,1.0
0500000US39155,100.0,8496,186294,3184,0,189478,197974,142755,55219,0.9570852738238355,0.9927988511785927,0.8647566960647604
0500000US39155,250.0,10125,185848,2001,0,187849,197974,142755,55219,0.9488569206057361,0.990900493853105,0.8401637117658777
0500000US39155,1000.0,197962,12,0,0,12,197974,142755,55219,6.061402002283128e-05,8.406010297362615e-05,0.0
0500000US39157,25.0,0,0,9832,82155,91987,91987,53701,38286,1.0,1.0,1.0
0500000US39157,100.0,14129,77816,42,0,77858,91987,53701,38286,0.8464022090077946,0.9998137837284222,0.631222901321632
0500000US39157,250.0,15179,76788,20,0,76808,91987,53701,38286,0.8349875525889527,0.9998137837284222,0.6037977328527399
0500000US39157,1000.0,91987,0,0,0,0,91987,53701,38286,0.0,0.0,0.0
0500000US39159,25.0,0,4,433,58550,58987,58987,28040,30947,1.0,1.0,1.0
0500000US39159,100.0,11843,45405,1739,0,47144,58987,28040,30947,0.7992269483106447,0.9995007132667618,0.61776585775681
0500000US39159,250.0,11843,45848,1296,0,47144,58987,28040,30947,0.7992269483106447,0.9995007132667618,0.61776585775681
0500000US39159,1000.0,58228,759,0,0,759,58987,28040,30947,0.01286724193466357,0.0,0.024525802177917083
0500000US39161,250.0,5579,22069,627,0,22696,28275,13583,14692,0.8026878868258178,1.0,0.6202695344405118
0500000US39161,1000.0,26467,1808,0,0,1808,28275,13583,14692,0.06394341290893014,0.0,0.12306016879934659
0500000US39165,25.0,0,1,4072,230523,234596,234596,192249,42347,1.0,1.0,1.0
0500000US39165,100.0,6482,120992,106974,148,228114,234596,192249,42347,0.9723695203669287,0.9996722999859557,0.8484190143339552
0500000US39165,250.0,6503,142670,85396,27,228093,234596,192249,42347,0.972280004774165,0.9995994777606125,0.8482537133681253
0500000US39165,1000.0,149308,85288,0,0,85288,234596,192249,42347,0.3635526607444287,0.41831687030881826,0.11493140009918058
0500000US39167,25.0,0,0,13100,46811,59911,59911,25726,34185,1.0,1.0,1.0
0500000US39167,100.0,15139,29050,15398,324,44772,59911,25726,34185,0.7473085076196357,0.9320531757754801,0.6082784847155185
0500000US39167,250.0,16099,29264,14224,324,43812,59911,25726,34185,0.7312847390295605,0.9139780766539688,0.5937984496124031
0500000US39167,1000.0,59797,114,0,0,114,59911,25726,34185,0.0019028225200714392,0.0,0.003334795963141729
0500000US39169,25.0,0,0,2510,113200,115710,115710,55872,59838,1.0,1.0,1.0
0500000US39169,100.0,3979,71058,38595,2078,111731,115710,55872,59838,0.9656123066286406,0.9949527491408935,0.9382165179317491
0500000US39169,250.0,64401,49610,1699,0,51309,115710,55872,59838,0.4434275343531242,0.4807953894616266,0.40853638156355493
0500000US39169,1000.0,114061,1649,0,0,1649,115710,55872,59838,0.01425114510413966,0.019007731958762885,0.009809819846920018
0500000US39171,250.0,10069,25046,1577,0,26623,36692,13190,23502,0.7255805080126458,1.0,0.5715683771593907
0500000US39171,1000.0,34638,2054,0,0,2054,36692,13190,23502,0.0559795050692249,0.029946929492039424,0.07058973704365586
0500000US39173,25.0,0,0,0,130815,130815,130815,91009,39806,1.0,1.0,1.0
0500000US39173,100.0,9855,77286,24044,19630,120960,130815,91009,39806,0.9246646026831785,0.9990220747398609,0.7546601014922374
0500000US39173,250.0,17405,109493,3917,0,113410,130815,91009,39806,0.8669495088483736,0.9184915777560461,0.7491081746470382
0500000US39173,1000.0,126959,3856,0,0,3856,130815,91009,39806,0.029476741963842066,0.029876166093463285,0.028563533135708186
0500000US39175,250.0,7266,14471,35,0,14506,21772,8859,12913,0.6662686018739665,1.0,0.43731123673817085
0500000US39175,1000.0,21772,0,0,0,0,21772,8859,12913,0.0,0.0,0.0
0500000US40001,25.0,0,0,5251,16943,22194,22194,3526,18668,1.0,1.0,1.0
0500000US40001,100.0,5931,13842,2421,0,16263,22194,3526,18668,0.7327656123276561,0.9702212138400453,0.6879151489179345
0500000US40001,250.0,6886,15243,65,0,15308,22194,3526,18668,0.6897359646751374,0.9679523539421441,0.6371866295264624
0500000US40001,1000.0,6886,15243,65,0,15308,22194,3526,18668,0.6897359646751374,0.9679523539421441,0.6371866295264624
0500000US40009,25.0,0,0,6105,15753,21858,21858,13430,8428,1.0,1.0,1.0
0500000US40009,100.0,6901,14957,0,0,14957,21858,13430,8428,0.6842803550187574,0.9635889798957558,0.23920265780730898
0500000US40009,250.0,6901,14957,0,0,14957,21858,13430,8428,0.6842803550187574,0.9635889798957558,0.23920265780730898
0500000US40009,1000.0,21858,0,0,0,0,21858,13430,8428,0.0,0.0,0.0
0500000US40011,25.0,0,0,1645,7784,9429,9429,2641,6788,1.0,1.0,1.0
0500000US40011,100.0,9215,214,0,0,214,9429,2641,6788,0.02269593806342136,0.0,0.03152622274602239
0500000US40011,250.0,9429,0,0,0,0,9429,2641,6788,0.0,0.0,0.0
0500000US40011,1000.0,9429,0,0,0,0,9429,2641,6788,0.0,0.0,0.0
0500000US40013,25.0,0,0,1641,46350,47991,47991,17364,30627,1.0,1.0,1.0
0500000US40013,100.0,14343,29446,4202,0,33648,47991,17364,30627,0.701131462149153,0.9666551485832757,0.5505926143598785
0500000US40013,250.0,47855,136,0,0,136,47991,17364,30627,0.0028338646829613886,0.004088919603777931,0.0021223103797303033
0500000US40013,1000.0,47926,65,0,0,65,47991,17364,30627,0.0013544206205330165,0.0,0.0021223103797303033
0500000US40015,25.0,0,0,13527,15235,28762,28762,5700,23062,1.0,1.0,1.0
0500000US40015,100.0,25091,2884,787,0,3671,28762,5700,23062,0.1276336833321744,0.0,0.15917960280981702
0500000US40015,250.0,26219,2543,0,0,2543,28762,5700,23062,0.0884152701481121,0.0,0.1102679732893938
0500000US40015,1000.0,27104,1658,0,0,1658,28762,5700,23062,0.05764550448508449,0.0,0.07189315757523199
0500000US40017,25.0,0,7,16935,131295,148237,148237,102706,45531,1.0,1.0,1.0
0500000US40017,100.0,31332,60359,56431,115,116905,148237,102706,45531,0.7886357656995218,0.9541312094716959,0.4153214293558235
0500000US40017,250.0,33084,87020,28133,0,115153,148237,102706,45531,0.7768168540917585,0.9534496524058964,0.37837956557071006
0500000US40017,1000.0,107849,30584,9804,0,40388,148237,102706,45531,0.27245559475704445,0.27607929429634104,0.2642814785530737
0500000US40019,25.0,0,0,0,48111,48111,48111,20984,27127,1.0,1.0,1.0
0500000US40019,100.0,13726,34385,0,0,34385,48111,20984,27127,0.7147014196337635,0.9799370949294701,0.5095292512994434
0500000US40019,250.0,14097,34014,0,0,34014,48111,20984,27127,0.706990085427449,0.9799370949294701,0.49585284034356913
0500000US40019,1000.0,48111,0,0,0,0,48111,20984,27127,0.0,0.0,0.0
0500000US40021,25.0,0,1,9759,38897,48657,48657,18928,29729,1.0,1.0,1.0
0500000US40021,100.0,11246,25323,11808,280,37411,48657,18928,29729,0.7688718992128574,0.830832628909552,0.7294224494601231
0500000US40021,250.0,20087,28290,280,0,28570,48657,18928,29729,0.5871714244610231,0.39137785291631444,0.7118301994685324
0500000US40021,1000.0,45748,2909,0,0,2909,48657,18928,29729,0.05978584787389276,0.0,0.09785058360523395
0500000US40023,25.0,0,0,9317,5351,14668,14668,4740,9928,1.0,1.0,1.0
0500000US40023,100.0,11072,3596,0,0,3596,14668,4740,9928,0.24515953095173165,0.3755274261603376,0.18291700241740533
0500000US40023,250.0,14668,0,0,0,0,14668,4740,9928,0.0,0.0,0.0
0500000US40023,1000.0,14668,0,0,0,0,14668,4740,9928,0.0,0.0,0.0
0500000US40027,25.0,0,0,14526,267131,281657,281657,226924,54733,1.0,1.0,1.0
0500000US40027,100.0,18424,109089,127973,26171,263233,281657,226924,54733,0.9345871041728059,0.953627646260422,0.8556446750589224
0500000US40027,250.0,22499,181381,64293,13484,259158,281657,226924,54733,0.9201191520182349,0.9406188856180924,0.835126888714304
0500000US40027,1000.0,155058,102081,22198,2320,126599,281657,226924,54733,0.4494793312433208,0.36142056371296116,0.8145725613432482
0500000US40031,25.0,0,0,6430,114317,120747,120747,94539,26208,1.0,1.0,1.0
0500000US40031,100.0,17113,98070,5450,114,103634,120747,94539,26208,0.858273911567161,0.9557642877542601,0.5066010378510378
0500000US40031,250.0,107993,11009,1745,0,12754,120747,94539,26208,0.10562581264958963,0.045050190926495946,0.3241376678876679
0500000US40031,1000.0,110885,8779,1083,0,9862,120747,94539,26208,0.08167490703702783,0.04406646992246586,0.21733821733821734
0500000US40033,25.0,0,0,2360,3306,5666,5666,2172,3494,1.0,1.0,1.0
0500000US40033,100.0,4043,1623,0,0,1623,5666,2172,3494,0.2864454641722556,0.1703499079189687,0.3586147681740126
0500000US40033,250.0,4043,1623,0,0,1623,5666,2172,3494,0.2864454641722556,0.1703499079189687,0.3586147681740126
0500000US40033,1000.0,4413,1253,0,0,1253,5666,2172,3494,0.22114366396046595,0.0,0.3586147681740126
0500000US40035,25.0,0,0,64,14078,14142,14142,5237,8905,1.0,1.0,1.0
0500000US40035,100.0,4729,8160,1253,0,9413,14142,5237,8905,0.6656059963230094,0.963146839793775,0.4906232453677709
0500000US40035,250.0,4951,8601,590,0,9191,14142,5237,8905,0.6499080752368831,0.963146839793775,0.4656934306569343
0500000US40035,1000.0,10241,3901,0,0,3901,14142,5237,8905,0.27584500070711354,0.022531983960282605,0.4248175182481752
0500000US40037,25.0,0,1,22994,48527,71522,71522,32506,39016,1.0,1.0,1.0
0500000US40037,100.0,28234,31287,12001,0,43288,71522,32506,39016,0.6052403456279187,0.86947025164585,0.38509842116054954
0500000US40037,250.0,38750,28840,3932,0,32772,71522,32506,39016,0.4582086630687061,0.7397095920753092,0.22367746565511584
0500000US40037,1000.0,66389,5133,0,0,5133,71522,32506,39016,0.07176812728950532,0.09850489140466376,0.04949251589091655
0500000US40039,25.0,0,0,6146,22857,29003,29003,18915,10088,1.0,1.0,1.0
0500000US40039,100.0,9812,19191,0,0,19191,29003,18915,10088,0.6616901699824156,0.8972772931535818,0.21996431403647898
0500000US40039,250.0,19475,9528,0,0,9528,29003,18915,10088,0.32851773954418506,0.45022468939994714,0.10031720856463125
0500000US40039,1000.0,29003,0,0,0,0,29003,18915,10088,0.0,0.0,0.0
0500000US40041,25.0,0,0,3956,39051,43007,43007,7942,35065,1.0,1.0,1.0
0500000US40041,100.0,10013,19037,13764,193,32994,43007,7942,35065,0.7671774362313112,0.9706623016872324,0.72108940538999
0500000US40041,250.0,14322,27266,1419,0,28685,43007,7942,35065,0.6669844443927733,0.9294887937547217,0.6075288749465279
0500000US40041,1000.0,14404,28140,463,0,28603,43007,7942,35065,0.6650777780361337,0.9262150591790481,0.6059318408669614
0500000US40047,25.0,0,0,8082,52972,61054,61054,46444,14610,1.0,1.0,1.0
0500000US40047,100.0,14433,46579,42,0,46621,61054,46444,14610,0.763602712352999,0.9463439841529584,0.18268309377138947
0500000US40047,250.0,16438,44574,42,0,44616,61054,46444,14610,0.7307629311756806,0.9095254500043063,0.16249144421629022
0500000US40047,1000.0,61054,0,0,0,0,61054,46444,14610,0.0,0.0,0.0
0500000US40049,25.0,0,0,5974,21737,27711,27711,8161,19550,1.0,1.0,1.0
0500000US40049,100.0,16117,10067,1527,0,11594,27711,8161,19550,0.418389809101079,0.8196299473103786,0.25089514066496166
0500000US40049,250.0,19369,7479,863,0,8342,27711,8161,19550,0.30103568979827505,0.7380223011885798,0.11861892583120205
0500000US40049,1000.0,26705,1006,0,0,1006,27711,8161,19550,0.03630327306845657,0.1085651268226933,0.006138107416879796
0500000US40051,25.0,0,0,17430,38398,55828,55828,19520,36308,1.0,1.0,1.0
0500000US40051,100.0,34931,20660,237,0,20897,55828,19520,36308,0.37431038188722504,0.6706454918032787,0.21499394072931585
0500000US40051,250.0,48246,7345,237,0,7582,55828,19520,36308,0.13580998781973203,0.07540983606557378,0.16828247218243914
0500000US40051,1000.0,49113,6713,2,0,6715,55828,19520,36308,0.12028014616321558,0.07423155737704919,0.14503690646689435
0500000US40055,25.0,0,0,2821,2891,5712,5712,2745,2967,1.0,1.0,1.0
0500000US40055,100.0,2821,2891,0,0,2891,5712,2745,2967,0.5061274509803921,0.9887067395264116,0.05965621840242669
0500000US40055,250.0,2821,2891,0,0,2891,5712,2745,2967,0.5061274509803921,0.9887067395264116,0.05965621840242669
0500000US40055,1000.0,5712,0,0,0,0,5712,2745,2967,0.0,0.0,0.0
0500000US40061,25.0,0,0,7647,4980,12627,12627,2746,9881,1.0,1.0,1.0
0500000US40061,100.0,7838,4092,697,0,4789,12627,2746,9881,0.37926665082759164,0.9901675163874727,0.20949296629895758
0500000US40061,250.0,12627,0,0,0,0,12627,2746,9881,0.0,0.0,0.0
0500000US40061,1000.0,12627,0,0,0,0,12627,2746,9881,0.0,0.0,0.0
0500000US40063,25.0,0,0,6120,7159,13279,13279,5052,8227,1.0,1.0,1.0
0500000US40063,100.0,7529,5697,53,0,5750,13279,5052,8227,0.43301453422697495,0.9703087885985748,0.10307524006320652
0500000US40063,250.0,12275,1004,0,0,1004,13279,5052,8227,0.07560810301980571,0.18824228028503562,0.006442202503950408
0500000US40063,1000.0,13279,0,0,0,0,13279,5052,8227,0.0,0.0,0.0
0500000US40065,25.0,0,0,4955,19575,24530,24530,18068,6462,1.0,1.0,1.0
0500000US40065,100.0,5172,19358,0,0,19358,24530,18068,6462,0.7891561353444762,0.9863847686517601,0.23769730733519034
0500000US40065,250.0,5172,19358,0,0,19358,24530,18068,6462,0.7891561353444762,0.9863847686517601,0.23769730733519034
0500000US40065,1000.0,24258,272,0,0,272,24530,18068,6462,0.011088463106400326,0.0,0.04209223150727329
0500000US40071,25.0,0,0,2300,41238,43538,43538,32379,11159,1.0,1.0,1.0
0500000US40071,100.0,15057,26721,1760,0,28481,43538,32379,11159,0.6541641784188525,0.7858488526514099,0.27206738955103504
0500000US40071,250.0,16086,27419,33,0,27452,43538,32379,11159,0.6305296522577978,0.7858488526514099,0.1798548257012277
0500000US40071,1000.0,43505,33,0,0,33,43538,32379,11159,0.0007579585649317837,0.0010191790975632355,0.0
0500000US40073,25.0,0,1,1173,14591,15765,15765,4161,11604,1.0,1.0,1.0
0500000US40073,100.0,15256,509,0,0,509,15765,4161,11604,0.032286711068823346,0.0,0.04386418476387453
0500000US40073,250.0,15256,509,0,0,509,15765,4161,11604,0.032286711068823346,0.0,0.04386418476387453
0500000US40073,1000.0,15631,134,0,0,134,15765,4161,11604,0.008499841420869014,0.0,0.011547742157876593
0500000US40075,25.0,0,0,2324,6384,8708,8708,3241,5467,1.0,1.0,1.0
0500000US40075,100.0,3198,4958,552,0,5510,8708,3241,5467,0.6327514928801102,0.9817957420549214,0.4258276934333272
0500000US40075,250.0,5310,3398,0,0,3398,8708,3241,5467,0.3902158934313275,0.9817957420549214,0.03950978598865923
0500000US40075,1000.0,8708,0,0,0,0,8708,3241,5467,0.0,0.0,0.0
0500000US40077,25.0,0,0,4837,5236,10073,10073,2657,7416,1.0,1.0,1.0
0500000US40077,100.0,5331,4725,17,0,4742,10073,2657,7416,0.4707634269830239,0.9145652992096349,0.3117583603020496
0500000US40077,250.0,10073,0,0,0,0,10073,2657,7416,0.0,0.0,0.0
0500000US40077,1000.0,10073,0,0,0,0,10073,2657,7416,0.0,0.0,0.0
0500000US40079,25.0,0,0,22328,27525,49853,49853,13453,36400,1.0,1.0,1.0
0500000US40079,100.0,30693,16790,2370,0,19160,49853,13453,36400,0.3843299299941829,0.7150821378131272,0.2620879120879121
0500000US40079,250.0,38885,10538,430,0,10968,49853,13453,36400,0.2200068200509498,0.2988181074853193,0.19087912087912087
0500000US40079,1000.0,45125,4298,430,0,4728,49853,13453,36400,0.0948388261488777,0.14762506504125475,0.07532967032967033
0500000US40081,25.0,0,0,2901,31976,34877,34877,2719,32158,1.0,1.0,1.0
0500000US40081,100.0,21057,10478,3342,0,13820,34877,2719,32158,0.39624967743785305,0.9334314086061052,0.3508302755146464
0500000US40081,250.0,34760,117,0,0,117,34877,2719,32158,0.0033546463285259627,0.0,0.003638285963057404
0500000US40081,1000.0,34797,80,0,0,80,34877,2719,32158,0.0022937752673681797,0.0,0.0024877168978170282
0500000US40083,25.0,0,0,1,48001,48002,48002,19805,28197,1.0,1.0,1.0
0500000US40083,100.0,21211,17465,9326,0,26791,48002,19805,28197,0.5581225782259073,0.9113860136329209,0.30999751746639714
0500000US40083,250.0,22160,22324,3518,0,25842,48002,19805,28197,0.5383525686429732,0.9042665993436001,0.2813419867361776
0500000US40083,1000.0,43793,4209,0,0,4209,48002,19805,28197,0.08768384650639556,0.13274425650088362,0.05603432989325106
0500000US40087,25.0,0,3,5849,34615,40467,40467,8481,31986,1.0,1.0,1.0
0500000US40087,100.0,21880,12796,5621,170,18587,40467,8481,31986,0.45931252625596164,0.5690366702039854,0.4302194710185706
0500000US40087,250.0,29293,9707,1330,137,11174,40467,8481,31986,0.27612622630785577,0.13052706048815,0.31473144500719064
0500000US40087,1000.0,29837,9480,1013,137,10630,40467,8481,31986,0.26268317394420143,0.07227921235703337,0.31316826111423746
0500000US40089,25.0,0,0,14287,18545,32832,32832,9755,23077,1.0,1.0,1.0
0500000US40089,100.0,14467,18330,35,0,18365,32832,9755,23077,0.5593628167641326,0.7990773962070733,0.4580318065606448
0500000US40089,250.0,32797,35,0,0,35,32832,9755,23077,0.0010660331384015594,0.0,0.001516661611127963
0500000US40089,1000.0,32832,0,0,0,0,32832,9755,23077,0.0,0.0,0.0
0500000US40091,25.0,0,0,11588,8008,19596,19596,2386,17210,1.0,1.0,1.0
0500000US40091,100.0,12394,5672,1095,435,7202,19596,2386,17210,0.36752398448662993,0.9798826487845766,0.28262638001162116
0500000US40091,250.0,18956,640,0,0,640,19596,2386,17210,0.032659726474790776,0.12657166806370496,0.019639744334689135
0500000US40091,1000.0,18956,640,0,0,640,19596,2386,17210,0.032659726474790776,0.12657166806370496,0.019639744334689135
0500000US40095,25.0,0,0,1,16930,16931,16931,4540,12391,1.0,1.0,1.0
0500000US40095,100.0,6297,9561,1073,0,10634,16931,4540,12391,0.6280786722579883,0.9828193832599119,0.4981034621902994
0500000US40095,250.0,11595,5336,0,0,5336,16931,4540,12391,0.3151615380072057,0.9828193832599119,0.07053506577354532
0500000US40095,1000.0,16905,26,0,0,26,16931,4540,12391,0.0015356446754474042,0.0,0.0020982971511580985
0500000US40097,25.0,0,0,1974,39126,41100,41100,9169,31931,1.0,1.0,1.0
0500000US40097,100.0,9581,24305,7062,152,31519,41100,9169,31931,0.7668856447688565,0.9412149634638456,0.716826908020419
0500000US40097,250.0,31035,10065,0,0,10065,41100,9169,31931,0.2448905109489051,0.005344094230559494,0.31367636466130094
0500000US40097,1000.0,31235,9865,0,0,9865,41100,9169,31931,0.2400243309002433,0.005344094230559494,0.3074128589771695
0500000US40099,25.0,0,0,2,14070,14072,14072,7472,6600,1.0,1.0,1.0
0500000US40099,100.0,5106,8538,428,0,8966,14072,7472,6600,0.6371517907902217,0.9868843683083511,0.2412121212121212
0500000US40099,250.0,5106,8538,428,0,8966,14072,7472,6600,0.6371517907902217,0.9868843683083511,0.2412121212121212
0500000US40099,1000.0,14072,0,0,0,0,14072,7472,6600,0.0,0.0,0.0
0500000US40101,25.0,0,0,21985,46012,67997,67997,37914,30083,1.0,1.0,1.0
0500000US40101,100.0,24890,36077,6871,159,43107,67997,37914,30083,0.6339544391664338,0.9059977844595664,0.29109463816773595
0500000US40101,250.0,33581,33521,895,0,34416,67997,37914,30083,0.5061399767636807,0.7670781241757663,0.17727620250639897
0500000US40101,1000.0,66727,1270,0,0,1270,67997,37914,30083,0.018677294586525877,0.02371155773592868,0.01233254662101519
0500000US40103,25.0,0,0,775,10356,11131,11131,4778,6353,1.0,1.0,1.0
0500000US40103,100.0,7271,3860,0,0,3860,11131,4778,6353,0.3467792651154434,0.7632900795311846,0.033527467338265386
0500000US40103,250.0,11131,0,0,0,0,11131,4778,6353,0.0,0.0,0.0
0500000US40103,1000.0,11131,0,0,0,0,11131,4778,6353,0.0,0.0,0.0
0500000US40105,25.0,0,0,1508,8568,10076,10076,4091,5985,1.0,1.0,1.0
0500000US40105,100.0,5910,4166,0,0,4166,10076,4091,5985,0.4134577213179833,0.8755805426546077,0.09757727652464494
0500000US40105,250.0,5980,4096,0,0,4096,10076,4091,5985,0.40651052004763794,0.8755805426546077,0.0858813700918964
0500000US40105,1000.0,10071,5,0,0,5,10076,4091,5985,0.0004962286621675268,0.0,0.000835421888053467
0500000US40107,25.0,0,0,7599,4394,11993,11993,2996,8997,1.0,1.0,1.0
0500000US40107,100.0,8082,3911,0,0,3911,11993,2996,8997,0.326106895689152,0.9759679572763685,0.1097032344114705
0500000US40107,250.0,11993,0,0,0,0,11993,2996,8997,0.0,0.0,0.0
0500000US40107,1000.0,11993,0,0,0,0,11993,2996,8997,0.0,0.0,0.0
0500000US40109,25.0,0,3,25092,772309,797404,797404,736781,60623,1.0,1.0,1.0
0500000US40109,100.0,47759,299128,450320,197,749645,797404,736781,60623,0.9401068968803769,0.9675344505355051,0.6067664087887435
0500000US40109,250.0,51080,441656,304471,197,746324,797404,736781,60623,0.9359421322190509,0.9648878024813343,0.5841512297312901
0500000US40109,1000.0,469821,310907,16676,0,327583,797404,736781,60623,0.4108118344026366,0.4266695259514021,0.2180855450901473
0500000US40111,25.0,0,0,17619,20846,38465,38465,19320,19145,1.0,1.0,1.0
0500000US40111,100.0,19064,18739,639,23,19401,38465,19320,19145,0.5043806057454829,0.7932712215320911,0.2128493079132933
0500000US40111,250.0,21031,17375,59,0,17434,38465,19320,19145,0.45324320811127,0.7118012422360248,0.1923217550274223
0500000US40111,1000.0,35841,2624,0,0,2624,38465,19320,19145,0.06821786039256467,0.004296066252587992,0.1327239488117002
0500000US40113,25.0,0,0,12355,34608,46963,46963,18414,28549,1.0,1.0,1.0
0500000US40113,100.0,24422,18385,4156,0,22541,46963,18414,28549,0.4799735962353342,0.7287933094384708,0.31948579635013485
0500000US40113,250.0,35512,9110,2341,0,11451,46963,18414,28549,0.24383024934522923,0.41517323775388293,0.13331465200182144
0500000US40113,1000.0,43192,3771,0,0,3771,46963,18414,28549,0.08029725528607627,0.15634843054197892,0.031244526953658622
0500000US40115,25.0,0,0,15,31112,31127,31127,15519,15608,1.0,1.0,1.0
0500000US40115,100.0,2349,24485,4281,12,28778,31127,15519,15608,0.9245349696405051,0.9881435659514144,0.8612890825217837
0500000US40115,250.0,5365,23726,2036,0,25762,31127,15519,15608,0.8276415973270794,0.9881435659514144,0.6680548436699129
0500000US40115,1000.0,20978,10137,12,0,10149,31127,15519,15608,0.3260513380666303,0.028352342290096012,0.6220527934392619
0500000US40117,25.0,0,0,10656,5720,16376,16376,3020,13356,1.0,1.0,1.0
0500000US40117,100.0,16376,0,0,0,0,16376,3020,13356,0.0,0.0,0.0
0500000US40117,250.0,16376,0,0,0,0,16376,3020,13356,0.0,0.0,0.0
0500000US40117,1000.0,16376,0,0,0,0,16376,3020,13356,0.0,0.0,0.0
0500000US40119,25.0,0,0,0,81784,81784,81784,52294,29490,1.0,1.0,1.0
0500000US40119,100.0,30398,37446,13940,0,51386,81784,52294,29490,0.6283136065734128,0.8069376983975217,0.3115632417768735
0500000US40119,250.0,39048,39178,3558,0,42736,81784,52294,29490,0.5225471974958427,0.6743221019619842,0.25340793489318414
0500000US40119,1000.0,78050,3734,0,0,3734,81784,52294,29490,0.045656852196028566,0.053180097143075686,0.03231603933536792
0500000US40121,25.0,0,0,10979,32675,43654,43654,20145,23509,1.0,1.0,1.0
0500000US40121,100.0,14450,29067,137,0,29204,43654,20145,23509,0.6689879507032575,0.9678828493422685,0.41286315879025054
0500000US40121,250.0,43603,51,0,0,51,43654,20145,23509,0.0011682778210473266,0.0,0.002169381938831937
0500000US40121,1000.0,43603,51,0,0,51,43654,20145,23509,0.0011682778210473266,0.0,0.002169381938831937
0500000US40123,25.0,0,0,2533,35751,38284,38284,17577,20707,1.0,1.0,1.0
0500000US40123,100.0,9313,28410,561,0,28971,38284,17577,20707,0.7567391077212412,0.9905558400182056,0.5582653209059738
0500000US40123,250.0,10932,26840,512,0,27352,38284,17577,20707,0.7144499007418242,0.9905558400182056,0.48007920027043993
0500000US40123,1000.0,38284,0,0,0,0,38284,17577,20707,0.0,0.0,0.0
0500000US40125,25.0,0,0,7299,65293,72592,72592,34893,37699,1.0,1.0,1.0
0500000US40125,100.0,13970,55853,2769,0,58622,72592,34893,37699,0.8075545514657263,0.9675293038718368,0.6594869890448023
0500000US40125,250.0,71334,1258,0,0,1258,72592,34893,37699,0.017329733303945338,0.0,0.03336958540014324
0500000US40125,1000.0,71859,733,0,0,733,72592,34893,37699,0.01009753140841966,0.0,0.019443486564630363
0500000US40131,25.0,0,0,2031,90418,92449,92449,44704,47745,1.0,1.0,1.0
0500000US40131,100.0,29232,32882,30335,0,63217,92449,44704,47745,0.6838040433103657,0.9336524695776665,0.449869096240444
0500000US40131,250.0,35643,43105,13701,0,56806,92449,44704,47745,0.614457701002715,0.9267850751610595,0.32202324850769715
0500000US40131,1000.0,66338,24340,1771,0,26111,92449,44704,47745,0.28243680299408325,0.346546170365068,0.22241072363598283
0500000US40133,25.0,0,0,9405,14853,24258,24258,8265,15993,1.0,1.0,1.0
0500000US40133,100.0,15013,9245,0,0,9245,24258,8265,15993,0.3811113859345371,0.8722323049001814,0.12730569624210591
0500000US40133,250.0,15840,8418,0,0,8418,24258,8265,15993,0.347019539945585,0.8050816696914701,0.11029825548677546
0500000US40133,1000.0,24258,0,0,0,0,24258,8265,15993,0.0,0.0,0.0
0500000US40135,25.0,0,0,26845,14723,41568,41568,13232,28336,1.0,1.0,1.0
0500000US40135,100.0,30093,11416,59,0,11475,41568,13232,28336,0.27605369515011546,0.37348851269649336,0.2305547713156409
0500000US40135,250.0,32430,9138,0,0,9138,41568,13232,28336,0.2198325635103926,0.37348851269649336,0.14808018068887635
0500000US40135,1000.0,41227,341,0,0,341,41568,13232,28336,0.00820342571208622,0.002191656590084643,0.01101072840203275
0500000US40137,25.0,0,0,2067,41076,43143,43143,23521,19622,1.0,1.0,1.0
0500000US40137,100.0,15182,27961,0,0,27961,43143,23521,19622,0.648100502978467,0.9982993920326517,0.228315156457038
0500000US40137,250.0,15687,27456,0,0,27456,43143,23521,19622,0.6363952437243585,0.9982993920326517,0.20257873815105493
0500000US40137,1000.0,43143,0,0,0,0,43143,23521,19622,0.0,0.0,0.0
0500000US40139,25.0,0,0,2414,17569,19983,19983,10049,9934,1.0,1.0,1.0
0500000US40139,100.0,6584,8580,4819,0,13399,19983,10049,9934,0.670519941950658,0.924768633694895,0.4133279645661365
0500000US40139,250.0,11217,8766,0,0,8766,19983,10049,9934,0.43867287194114996,0.47288287391780276,0.4040668411516006
0500000US40139,1000.0,11217,8766,0,0,8766,19983,10049,9934,0.43867287194114996,0.47288287391780276,0.4040668411516006
0500000US40141,25.0,0,0,695,6555,7250,7250,3434,3816,1.0,1.0,1.0
0500000US40141,100.0,3040,4210,0,0,4210,7250,3434,3816,0.5806896551724138,0.9889341875364007,0.21331236897274633
0500000US40141,250.0,3040,4210,0,0,4210,7250,3434,3816,0.5806896551724138,0.9889341875364007,0.21331236897274633
0500000US40141,1000.0,7223,27,0,0,27,7250,3434,3816,0.0037241379310344828,0.0,0.007075471698113208
0500000US40143,25.0,0,1,10777,640743,651521,651521,616713,34808,1.0,1.0,1.0
0500000US40143,100.0,24301,252520,359192,15508,627220,651521,616713,34808,0.9627011255201291,0.9809635924652148,0.6391346816823719
0500000US40143,250.0,27326,385125,232921,6149,624195,651521,616713,34808,0.958058143943173,0.9774206154240302,0.6150022983222247
0500000US40143,1000.0,400448,238970,11439,664,251073,651521,616713,34808,0.3853644011474688,0.38334687285658,0.42111008963456675
0500000US40145,25.0,0,3,8904,72375,81282,81282,47109,34173,1.0,1.0,1.0
0500000US40145,100.0,16753,36321,26733,1475,64529,81282,47109,34173,0.793890406240004,0.9597741408223481,0.5652123021098528
0500000US40145,250.0,25134,45247,10798,103,56148,81282,47109,34173,0.6907802465490515,0.9483750451081534,0.33567436280104174
0500000US40145,1000.0,69270,10343,1669,0,12012,81282,47109,34173,0.14778179670775818,0.17854337812307627,0.10537558891522547
0500000US40147,25.0,0,0,4176,47351,51527,51527,38789,12738,1.0,1.0,1.0
0500000US40147,100.0,11432,29834,9285,976,40095,51527,38789,12738,0.7781357346633804,0.9792209131454794,0.16580310880829016
0500000US40147,250.0,12027,37883,1617,0,39500,51527,38789,12738,0.7665883905525258,0.9773904973059373,0.12466635264562725
0500000US40147,1000.0,50066,1461,0,0,1461,51527,38789,12738,0.028354066799930133,0.03766531748691639,0.0
0500000US40149,25.0,0,0,3551,7365,10916,10916,2778,8138,1.0,1.0,1.0
0500000US40149,100.0,5774,5142,0,0,5142,10916,2778,8138,0.471051667277391,0.9946004319654428,0.29233226837060705
0500000US40149,250.0,7952,2964,0,0,2964,10916,2778,8138,0.27152803224624406,0.9946004319654428,0.024698943229294668
0500000US40149,1000.0,10894,22,0,0,22,10916,2778,8138,0.002015390252839868,0.0,0.002703366920619317
0500000US40151,25.0,0,0,826,7967,8793,8793,5152,3641,1.0,1.0,1.0
0500000US40151,100.0,4370,4423,0,0,4423,8793,5152,3641,0.5030137609462072,0.7593167701863354,0.1403460587750618
0500000US40151,250.0,8793,0,0,0,0,8793,5152,3641,0.0,0.0,0.0
0500000US40151,1000.0,8793,0,0,0,0,8793,5152,3641,0.0,0.0,0.0
0500000US40153,25.0,0,0,13257,6954,20211,20211,11059,9152,1.0,1.0,1.0
0500000US40153,100.0,20211,0,0,0,0,20211,11059,9152,0.0,0.0,0.0
0500000US40153,250.0,20211,0,0,0,0,20211,11059,9152,0.0,0.0,0.0
0500000US40153,1000.0,20211,0,0,0,0,20211,11059,9152,0.0,0.0,0.0
0500000US41001,25.0,0,0,4742,11382,16124,16124,8768,7356,1.0,1.0,1.0
0500000US41001,100.0,5277,10491,356,0,10847,16124,8768,7356,0.6727238898536343,0.9974908759124088,0.28561718325176727
0500000US41001,250.0,5352,10416,356,0,10772,16124,8768,7356,0.6680724386008434,0.9974908759124088,0.27542142468733005
0500000US41001,1000.0,15768,356,0,0,356,16124,8768,7356,0.022078888613247333,0.03569799270072993,0.005845568243610658
0500000US41003,25.0,0,0,454,92599,93053,93053,72338,20715,1.0,1.0,1.0
0500000US41003,100.0,9611,75127,8275,40,83442,93053,72338,20715,0.8967147754505497,0.9827338328402776,0.5963311609944485
0500000US41003,250.0,13985,75986,3082,0,79068,93053,72338,20715,0.8497093054495825,0.9823329370455363,0.386579773111272
0500000US41003,1000.0,93023,30,0,0,30,93053,72338,20715,0.0003223969135868806,0.0004147197876634687,0.0
0500000US41005,25.0,0,1,12752,405429,418182,418182,334741,83441,1.0,1.0,1.0
0500000US41005,100.0,25453,113085,267866,11778,392729,418182,334741,83441,0.9391341568981927,0.9806208382002802,0.7727016694430795
0500000US41005,250.0,59456,256748,101777,201,358726,418182,334741,83441,0.8578226705118824,0.9492443411473348,0.4910655433180331
0500000US41005,1000.0,357946,53697,6539,0,60236,418182,334741,83441,0.14404254606845823,0.11712936270131236,0.2520104025598926
0500000US41007,25.0,0,0,7085,33139,40224,40224,23367,16857,1.0,1.0,1.0
0500000US41007,100.0,7518,32702,4,0,32706,40224,23367,16857,0.8130966587112172,0.999101296700475,0.5552589428723972
0500000US41007,250.0,7518,32702,4,0,32706,40224,23367,16857,0.8130966587112172,0.999101296700475,0.5552589428723972
0500000US41007,1000.0,40219,5,0,0,5,40224,23367,16857,0.00012430389817024662,0.00017118158086189926,5.932253663166637e-05
0500000US41009,25.0,0,0,10121,42233,52354,52354,28591,23763,1.0,1.0,1.0
0500000US41009,100.0,15786,32240,4328,0,36568,52354,28591,23763,0.6984757611643809,0.9758665314259732,0.364726675924757
0500000US41009,250.0,15786,34727,1841,0,36568,52354,28591,23763,0.6984757611643809,0.9758665314259732,0.364726675924757
0500000US41009,1000.0,52302,52,0,0,52,52354,28591,23763,0.0009932383389998855,0.0,0.002188275891091192
0500000US41011,25.0,0,1,6666,57820,64487,64487,39060,25427,1.0,1.0,1.0
0500000US41011,100.0,7365,16298,40783,41,57122,64487,39060,25427,0.885790934606975,0.9992831541218637,0.7114484602981083
0500000US41011,250.0,7365,16298,40803,21,57122,64487,39060,25427,0.885790934606975,0.9992831541218637,0.7114484602981083
0500000US41011,1000.0,23501,40986,0,0,40986,64487,39060,25427,0.6355699598368664,0.9051971326164875,0.22137884925472923
0500000US41013,25.0,0,0,2042,22361,24403,24403,11208,13195,1.0,1.0,1.0
0500000US41013,100.0,7616,15571,1216,0,16787,24403,11208,13195,0.6879072245215753,0.9944682369735903,0.4275104206138689
0500000US41013,250.0,24354,49,0,0,49,24403,11208,13195,0.0020079498422325122,0.0,0.003713527851458886
0500000US41013,1000.0,24392,11,0,0,11,24403,11208,13195,0.0004507642502970946,0.0,0.0008336491095111784
0500000US41015,25.0,0,0,1324,21601,22925,22925,13658,9267,1.0,1.0,1.0
0500000US41015,100.0,1435,17989,3501,0,21490,22925,13658,9267,0.9374045801526718,0.9991946112168693,0.8463364627171684
0500000US41015,250.0,1500,21425,0,0,21425,22925,13658,9267,0.9345692475463467,0.9989017425684581,0.8397539656846876
0500000US41015,1000.0,22925,0,0,0,0,22925,13658,9267,0.0,0.0,0.0
0500000US41017,25.0,0,1,5043,192638,197682,197682,134697,62985,1.0,1.0,1.0
0500000US41017,100.0,19462,83491,92538,2191,178220,197682,134697,62985,0.9015489523578272,0.9821822312300942,0.7291101055806938
0500000US41017,250.0,182129,14625,928,0,15553,197682,134697,62985,0.07867686486377111,0.10841369889455593,0.015082956259426848
0500000US41017,1000.0,197682,0,0,0,0,197682,134697,62985,0.0,0.0,0.0
0500000US41019,25.0,0,0,7767,103210,110977,110977,63146,47831,1.0,1.0,1.0
0500000US41019,100.0,8160,37770,60648,4399,102817,110977,63146,47831,0.9264712507997153,0.9995882557881735,0.8299429240450754
0500000US41019,250.0,8869,37392,62405,2311,102108,110977,63146,47831,0.9200825396253278,0.9995882557881735,0.8151199013192281
0500000US41019,1000.0,24683,83983,2311,0,86294,110977,63146,47831,0.7775845445452662,0.7943654388243119,0.7554305784951182
0500000US41025,25.0,0,0,2415,4978,7393,7393,4074,3319,1.0,1.0,1.0
0500000US41025,100.0,2467,4822,104,0,4926,7393,4074,3319,0.6663059651021236,0.9982817869415808,0.2588128954504369
0500000US41025,250.0,2470,4923,0,0,4923,7393,4074,3319,0.6659001758420127,0.9982817869415808,0.25790900873757155
0500000US41025,1000.0,7393,0,0,0,0,7393,4074,3319,0.0,0.0,0.0
0500000US41027,250.0,10213,13084,85,0,13169,23382,10989,12393,0.5632110170216406,1.0,0.17590575324780117
0500000US41027,1000.0,23297,85,0,0,85,23382,10989,12393,0.0036352749978616028,0.007735007735007735,0.0
0500000US41029,25.0,0,2,16132,204808,220942,220942,171311,49631,1.0,1.0,1.0
0500000US41029,100.0,23279,140520,46194,10949,197663,220942,171311,49631,0.8946375066759602,0.986054602448179,0.5790937115915457
0500000US41029,250.0,23279,151571,40141,5951,197663,220942,171311,49631,0.8946375066759602,0.986054602448179,0.5790937115915457
0500000US41029,1000.0,176832,43978,132,0,44110,220942,171311,49631,0.199645155742231,0.2093268966966511,0.1662267534403901
0500000US41031,25.0,0,0,678,23979,24657,24657,8328,16329,1.0,1.0,1.0
0500000US41031,100.0,9337,13336,1806,178,15320,24657,8328,16329,0.6213245731435292,0.9701008645533141,0.443444179067916
0500000US41031,250.0,24051,606,0,0,606,24657,8328,16329,0.02457719917264874,0.0,0.0371118868271174
0500000US41031,1000.0,24657,0,0,0,0,24657,8328,16329,0.0,0.0,0.0
0500000US41033,25.0,0,0,10034,77452,87486,87486,46900,40586,1.0,1.0,1.0
0500000US41033,100.0,22274,45876,16352,2984,65212,87486,46900,40586,0.7453992638822211,0.9973134328358209,0.4542945843394274
0500000US41033,250.0,22614,50691,14026,155,64872,87486,46900,40586,0.7415129277827309,0.9973134328358209,0.44591731138816343
0500000US41033,1000.0,72791,14691,4,0,14695,87486,46900,40586,0.16796973230002515,0.1732409381663113,0.1618784802641305
0500000US41035,100.0,12611,7700,44108,3817,55625,68236,40393,27843,0.8151855325634563,1.0,0.5470674855439428
0500000US41035,250.0,17654,48260,2322,0,50582,68236,40393,27843,0.7412802626179729,0.9994305944099225,0.3667708221096865
0500000US41035,1000.0,64564,3332,340,0,3672,68236,40393,27843,0.05381323641479571,0.027455252147649344,0.09205186222748986
0500000US41037,250.0,5588,2238,43,0,2281,7869,1996,5873,0.28987164823992884,1.0,0.0485271581815086
0500000US41037,1000.0,7869,0,0,0,0,7869,1996,5873,0.0,0.0,0.0
0500000US41039,25.0,0,6,22825,359231,382062,382062,305896,76166,1.0,1.0,1.0
0500000US41039,100.0,40729,200604,132181,8548,341333,382062,305896,76166,0.8933968832283765,0.9740075058189711,0.5696505002231967
0500000US41039,250.0,44402,313501,23253,906,337660,382062,305896,76166,0.8837832603085363,0.971643957423438,0.5309193078276396
0500000US41039,1000.0,373908,8124,30,0,8154,382062,305896,76166,0.02134208583947108,0.021360200852577345,0.021269332773153377
0500000US41041,25.0,0,0,2279,47683,49962,49962,30002,19960,1.0,1.0,1.0
0500000US41041,100.0,4817,38684,5846,615,45145,49962,30002,19960,0.9035867259116929,0.9735017665488968,0.7984969939879759
0500000US41041,250.0,13089,36027,846,0,36873,49962,30002,19960,0.7380208958808695,0.9383041130591294,0.4369739478957916
0500000US41041,1000.0,48301,1661,0,0,1661,49962,30002,19960,0.033245266402465876,0.0323311779214719,0.03461923847695391
0500000US41043,25.0,0,2,3288,126459,129749,129749,83477,46272,1.0,1.0,1.0
0500000US41043,100.0,24819,97827,7103,0,104930,129749,83477,46272,0.8087152887498169,0.980785126442014,0.498292704011065
0500000US41043,250.0,26651,99921,3177,0,103098,129749,83477,46272,0.7945957194275101,0.980785126442014,0.4587007261410788
0500000US41043,1000.0,120518,8750,481,0,9231,129749,83477,46272,0.07114505699465892,0.0,0.19949429460580914
0500000US41045,25.0,0,0,1482,29089,30571,30571,15492,15079,1.0,1.0,1.0
0500000US41045,100.0,12354,17125,1092,0,18217,30571,15492,15079,0.5958915311896896,0.9618512780790085,0.21990848199482724
0500000US41045,250.0,12354,18118,99,0,18217,30571,15492,15079,0.5958915311896896,0.9618512780790085,0.21990848199482724
0500000US41045,1000.0,30571,0,0,0,0,30571,15492,15079,0.0,0.0,0.0
0500000US41047,25.0,0,1,3178,344639,347818,347818,293499,54319,1.0,1.0,1.0
0500000US41047,100.0,33584,125466,187016,1752,314234,347818,293499,54319,0.9034437550673053,0.9505415691365218,0.6489626097682211
0500000US41047,250.0,71646,219675,56492,5,276172,347818,293499,54319,0.7940129608013387,0.8698394202365255,0.3843038347539535
0500000US41047,1000.0,292069,42293,13456,0,55749,347818,293499,54319,0.16028210155886125,0.1406921318300914,0.2661315561773965
0500000US41049,25.0,0,1,4977,6620,11598,11598,5998,5600,1.0,1.0,1.0
0500000US41049,100.0,5302,6296,0,0,6296,11598,5998,5600,0.542852215899293,0.8779593197732578,0.18392857142857144
0500000US41049,250.0,7151,4447,0,0,4447,11598,5998,5600,0.38342817727194345,0.6902300766922308,0.05482142857142857
0500000US41049,1000.0,7151,4447,0,0,4447,11598,5998,5600,0.38342817727194345,0.6902300766922308,0.05482142857142857
0500000US41051,25.0,0,8,17101,795745,812854,812854,800448,12406,1.0,1.0,1.0
0500000US41051,100.0,20201,75470,707834,9349,792653,812854,800448,12406,0.9751480585689435,0.97836211721436,0.7677736579074641
0500000US41051,250.0,24068,250753,534290,3743,788786,812854,800448,12406,0.9703907466777552,0.974221935715999,0.7231984523617604
0500000US41051,1000.0,804454,7941,459,0,8400,812854,800448,12406,0.010333959111968447,0.010494123290957063,0.0
0500000US41053,25.0,0,0,2790,83294,86084,86084,64319,21765,1.0,1.0,1.0
0500000US41053,100.0,12264,14089,48692,11039,73820,86084,64319,21765,0.8575345011848892,0.9961131236493105,0.4480128646910177
0500000US41053,250.0,15040,33611,37007,426,71044,86084,64319,21765,0.8252869290460481,0.9945894681198402,0.3249712841718355
0500000US41053,1000.0,48217,37853,14,0,37867,86084,64319,21765,0.43988429905673526,0.5522784869167742,0.10774178727314496
0500000US41057,25.0,0,0,2256,24780,27036,27036,7722,19314,1.0,1.0,1.0
0500000US41057,100.0,2276,24757,3,0,24760,27036,7722,19314,0.9158159491048972,0.9932659932659933,0.8848503676089883
0500000US41057,250.0,2276,24757,3,0,24760,27036,7722,19314,0.9158159491048972,0.9932659932659933,0.8848503676089883
0500000US41057,1000.0,27033,3,0,0,3,27036,7722,19314,0.00011096316023080337,0.0003885003885003885,0.0
0500000US41059,25.0,0,0,5455,72494,77949,77949,53842,24107,1.0,1.0,1.0
0500000US41059,100.0,12317,35305,30051,276,65632,77949,53842,24107,0.8419864270227969,0.9716763864640987,0.5523291989878458
0500000US41059,250.0,17996,31100,28577,276,59953,77949,53842,24107,0.7691310985387881,0.9145648378589205,0.44431078110092503
0500000US41059,1000.0,68358,9591,0,0,9591,77949,53842,24107,0.12304198899280298,0.16160246647598528,0.03691873729622101
0500000US41061,25.0,0,0,2862,23972,26834,26834,13797,13037,1.0,1.0,1.0
0500000US41061,100.0,9853,14628,2009,344,16981,26834,13797,13037,0.6328165759856897,0.9990577661810538,0.24522512848047864
0500000US41061,250.0,9857,14687,2290,0,16977,26834,13797,13037,0.6326675113661773,0.9990577661810538,0.24491830942701542
0500000US41061,1000.0,24544,2290,0,0,2290,26834,13797,13037,0.08533949467093985,0.16561571356091903,0.0003835238168290251
0500000US41065,25.0,0,0,3981,22701,26682,26682,17257,9425,1.0,1.0,1.0
0500000US41065,100.0,5424,21001,257,0,21258,26682,17257,9425,0.796716887789521,0.9958277800312917,0.43214854111405837
0500000US41065,250.0,6093,20589,0,0,20589,26682,17257,9425,0.7716438048122329,0.9958277800312917,0.36116710875331565
0500000US41065,1000.0,26579,103,0,0,103,26682,17257,9425,0.003860280338805187,0.0,0.010928381962864721
0500000US41067,25.0,0,0,17154,584426,601580,601580,560709,40871,1.0,1.0,1.0
0500000US41067,100.0,22259,41587,530159,7575,579321,601580,560709,40871,0.9629991023637754,0.9912985166993931,0.5747596095030706
0500000US41067,250.0,28460,545471,27591,58,573120,601580,560709,40871,0.9526912463845207,0.9820084928189132,0.5504881211617039
0500000US41067,1000.0,599749,1831,0,0,1831,601580,560709,40871,0.003043651717144852,0.003265508490143729,0.0
0500000US41071,25.0,0,0,15899,91201,107100,107100,79916,27184,1.0,1.0,1.0
0500000US41071,100.0,21024,23425,55689,6962,86076,107100,79916,27184,0.8036974789915966,0.9478952900545573,0.37978222483814006
0500000US41071,250.0,29007,68650,9217,226,78093,107100,79916,27184,0.7291596638655462,0.8867936333149807,0.2657445556209535
0500000US41071,1000.0,104771,2329,0,0,2329,107100,79916,27184,0.021746031746031746,0.02719105060313329,0.005738669805768099
0500000US42001,25.0,0,0,6316,96692,103008,103008,47408,55600,1.0,1.0,1.0
0500000US42001,100.0,7304,95139,565,0,95704,103008,47408,55600,0.9290928859894377,0.9680433682078974,0.8958812949640288
0500000US42001,250.0,7304,95292,412,0,95704,103008,47408,55600,0.9290928859894377,0.9680433682078974,0.8958812949640288
0500000US42001,1000.0,103008,0,0,0,0,103008,47408,55600,0.0,0.0,0.0
0500000US42003,25.0,0,0,7714,1208331,1216045,1216045,1185074,30971,1.0,1.0,1.0
0500000US42003,100.0,8105,148359,1042369,17212,1207940,1216045,1185074,30971,0.9933349505980453,0.9935489260586259,0.9851473959510509
0500000US42003,250.0,8212,179436,1023159,5238,1207833,1216045,1185074,30971,0.9932469604332077,0.9934628554841302,0.9849859546026929
0500000US42003,1000.0,1204062,11983,0,0,11983,1216045,1185074,30971,0.009854076123827655,0.009627246906100378,0.018533466791514644
0500000US42005,25.0,0,0,2965,61770,64735,64735,21529,43206,1.0,1.0,1.0
0500000US42005,100.0,4814,36939,21053,1929,59921,64735,21529,43206,0.925635282304781,0.9932184495331878,0.8919594500763783
0500000US42005,250.0,22406,37593,4461,275,42329,64735,21529,43206,0.6538812080018537,0.989456082493381,0.4866685182613526
0500000US42005,1000.0,59981,4491,263,0,4754,64735,21529,43206,0.07343786205298525,0.17488039388731477,0.022890339304726195
0500000US42007,25.0,0,0,2808,161121,163929,163929,120584,43345,1.0,1.0,1.0
0500000US42007,100.0,2870,108972,51622,465,161059,163929,120584,43345,0.9824924204991186,0.992436807536655,0.9548275464298074
0500000US42007,250.0,25258,101287,37035,349,138671,163929,120584,43345,0.8459210999884096,0.9328517879652358,0.6040835159764679
0500000US42007,1000.0,117447,46482,0,0,46482,163929,120584,43345,0.2835495854912798,0.3854740264048298,0.0
0500000US42009,25.0,0,0,11399,36489,47888,47888,7905,39983,1.0,1.0,1.0
0500000US42009,100.0,12888,33968,1032,0,35000,47888,7905,39983,0.7308720347477448,0.967741935483871,0.6840407173048546
0500000US42009,250.0,12970,34165,753,0,34918,47888,7905,39983,0.7291597059806214,0.967741935483871,0.6819898456844159
0500000US42009,1000.0,47888,0,0,0,0,47888,7905,39983,0.0,0.0,0.0
0500000US42011,25.0,0,7,8562,412595,421164,421164,319613,101551,1.0,1.0,1.0
0500000US42011,100.0,9295,291615,109286,10968,411869,421164,319613,101551,0.9779302124588046,0.9847503074030155,0.956465224370021
0500000US42011,250.0,10808,313418,90330,6608,410356,421164,319613,101551,0.9743377876551652,0.9801666390290757,0.9559925554647418
0500000US42011,1000.0,409379,11785,0,0,11785,421164,319613,101551,0.02798197376793838,0.032626958227606515,0.013362743842995146
0500000US42013,25.0,0,0,15971,105858,121829,121829,93491,28338,1.0,1.0,1.0
0500000US42013,100.0,17027,102501,2301,0,104802,121829,93491,28338,0.8602385310558242,0.8902996010311153,0.7610628837603218
0500000US42013,250.0,17240,102486,2103,0,104589,121829,93491,28338,0.8584901788572508,0.8880213068637622,0.7610628837603218
0500000US42013,1000.0,121624,205,0,0,205,121829,93491,28338,0.0016826863882983525,0.0021927244333679176,0.0
0500000US42015,25.0,0,0,15224,45099,60323,60323,16163,44160,1.0,1.0,1.0
0500000US42015,100.0,19643,25373,14906,401,40680,60323,16163,44160,0.6743696434195912,0.9957309905339355,0.5567481884057971
0500000US42015,250.0,19669,27030,13501,123,40654,60323,16163,44160,0.6739386303731578,0.9957309905339355,0.5561594202898551
0500000US42015,1000.0,57519,2804,0,0,2804,60323,16163,44160,0.046483099315352355,0.0,0.0634963768115942
0500000US42017,25.0,0,0,8526,619744,628270,628270,572289,55981,1.0,1.0,1.0
0500000US42017,100.0,8525,35636,579715,4394,619745,628270,572289,55981,0.9864309930443917,0.9854007328465163,0.9969632553902217
0500000US42017,250.0,8525,36571,578981,4193,619745,628270,572289,55981,0.9864309930443917,0.9854007328465163,0.9969632553902217
0500000US42017,1000.0,627999,271,0,0,271,628270,572289,55981,0.00043134321231317745,0.0004735369717048554,0.0
0500000US42019,25.0,0,0,6982,180871,187853,187853,108638,79215,1.0,1.0,1.0
0500000US42019,100.0,7798,136960,41727,1368,180055,187853,108638,79215,0.958488818384588,0.9726154752480716,0.9391150665909235
0500000US42019,250.0,7837,173061,6795,160,180016,187853,108638,79215,0.9582812092433978,0.9724866068962978,0.9387994697973868
0500000US42019,1000.0,176534,11319,0,0,11319,187853,108638,79215,0.06025456074696704,0.06812533367698227,0.04946032948305245
0500000US42021,25.0,0,0,8248,121944,130192,130192,87780,42412,1.0,1.0,1.0
0500000US42021,100.0,13738,113396,3058,0,116454,130192,87780,42412,0.8944789234361559,0.9420938710412394,0.7959303970574366
0500000US42021,250.0,14900,112660,2632,0,115292,130192,87780,42412,0.8855536438490844,0.9420938710412394,0.7685324908044893
0500000US42021,1000.0,130192,0,0,0,0,130192,87780,42412,0.0,0.0,0.0
0500000US42023,25.0,0,0,231,4216,4447,4447,2448,1999,1.0,1.0,1.0
0500000US42023,100.0,551,1981,1915,0,3896,4447,2448,1999,0.8760962446593209,0.9897875816993464,0.7368684342171086
0500000US42023,250.0,883,2597,967,0,3564,4447,2448,1999,0.8014391724758264,0.886437908496732,0.6973486743371686
0500000US42023,1000.0,883,2597,967,0,3564,4447,2448,1999,0.8014391724758264,0.886437908496732,0.6973486743371686
0500000US42025,25.0,0,0,1612,62570,64182,64182,34660,29522,1.0,1.0,1.0
0500000US42025,100.0,1612,58849,3721,0,62570,64182,34660,29522,0.9748839238415755,0.9673687247547605,0.9837070659169433
0500000US42025,250.0,1612,61773,797,0,62570,64182,34660,29522,0.9748839238415755,0.9673687247547605,0.9837070659169433
0500000US42025,1000.0,64182,0,0,0,0,64182,34660,29522,0.0,0.0,0.0
0500000US42027,25.0,0,0,9977,152408,162385,162385,107134,55251,1.0,1.0,1.0
0500000US42027,100.0,14510,89683,44913,13279,147875,162385,107134,55251,0.910644456076608,0.992392704463569,0.7521311831460064
0500000US42027,250.0,20303,123563,18132,387,142082,162385,107134,55251,0.8749699787541952,0.9418951966695913,0.7451991819152595
0500000US42027,1000.0,150711,11674,0,0,11674,162385,107134,55251,0.07189087662037749,0.022065824108126273,0.16850373748891423
0500000US42029,25.0,0,43,5702,519240,524985,524985,452997,71988,1.0,1.0,1.0
0500000US42029,100.0,5961,59661,451465,7898,519024,524985,452997,71988,0.988645389868282,0.992050719982693,0.9672167583486136
0500000US42029,250.0,5961,60377,451750,6897,519024,524985,452997,71988,0.988645389868282,0.992050719982693,0.9672167583486136
0500000US42029,1000.0,524985,0,0,0,0,524985,452997,71988,0.0,0.0,0.0
0500000US42031,25.0,0,0,5571,32867,38438,38438,7715,30723,1.0,1.0,1.0
0500000US42031,100.0,8031,21021,9038,348,30407,38438,7715,30723,0.7910661324730736,0.9315618924173688,0.755785567815643
0500000US42031,250.0,18924,19396,118,0,19514,38438,7715,30723,0.5076746969145117,0.8185353208036293,0.42961299352276794
0500000US42031,1000.0,38437,1,0,0,1,38438,7715,30723,2.6015921744107392e-05,0.0,3.254890472935586e-05
0500000US42033,25.0,0,0,15254,64001,79255,79255,35490,43765,1.0,1.0,1.0
0500000US42033,100.0,17479,58240,3438,98,61776,79255,35490,43765,0.7794587092297016,0.8654832347140039,0.7096995315891694
0500000US42033,250.0,38348,38864,2043,0,40907,79255,35490,43765,0.5161440918554034,0.5343758805297267,0.5013595338741003
0500000US42033,1000.0,71552,7703,0,0,7703,79255,35490,43765,0.09719260614472273,0.0072696534234995775,0.1701131040786016
0500000US42035,25.0,0,0,1339,37293,38632,38632,20549,18083,1.0,1.0,1.0
0500000US42035,100.0,3473,34248,911,0,35159,38632,20549,18083,0.9101004348726445,0.967151686213441,0.8452690372172759
0500000US42035,250.0,3844,34788,0,0,34788,38632,20549,18083,0.9004969973079312,0.967151686213441,0.824752530000553
0500000US42035,1000.0,38632,0,0,0,0,38632,20549,18083,0.0,0.0,0.0
0500000US42037,25.0,0,0,13032,51932,64964,64964,37453,27511,1.0,1.0,1.0
0500000US42037,100.0,13558,50539,867,0,51406,64964,37453,27511,0.7912997968105412,0.8823325234293649,0.6673694158700156
0500000US42037,250.0,13558,50560,846,0,51406,64964,37453,27511,0.7912997968105412,0.8823325234293649,0.6673694158700156
0500000US42037,1000.0,64964,0,0,0,0,64964,37453,27511,0.0,0.0,0.0
0500000US42039,25.0,0,0,17990,66639,84629,84629,28390,56239,1.0,1.0,1.0
0500000US42039,100.0,22263,47435,14788,143,62366,84629,28390,56239,0.7369341478689339,0.9375484325466714,0.6356620850299615
0500000US42039,250.0,26223,55821,2559,26,58406,84629,28390,56239,0.6901416772028501,0.9303980274744629,0.5688579099912872
0500000US42039,1000.0,82264,2365,0,0,2365,84629,28390,56239,0.02794550331446667,0.0675589996477633,0.007948220985437153
0500000US42041,25.0,0,17,18844,234508,253369,253369,194263,59106,1.0,1.0,1.0
0500000US42041,100.0,22703,90827,139520,319,230666,253369,194263,59106,0.9103955101058141,0.9460422211126154,0.7932358812980069
0500000US42041,250.0,23970,92797,136602,0,229399,253369,194263,59106,0.9053948983498376,0.9459135295964749,0.77222278618076
0500000US42041,1000.0,253369,0,0,0,0,253369,194263,59106,0.0,0.0,0.0
0500000US42043,25.0,0,2,4372,273925,278299,278299,240077,38222,1.0,1.0,1.0
0500000US42043,100.0,4617,77405,196034,243,273682,278299,240077,38222,0.9834099296080834,0.9903780870304111,0.9396420909423892
0500000US42043,250.0,4617,77405,196034,243,273682,278299,240077,38222,0.9834099296080834,0.9903780870304111,0.9396420909423892
0500000US42043,1000.0,278243,56,0,0,56,278299,240077,38222,0.00020122242623940437,0.00023325849623245877,0.0
0500000US42045,25.0,0,1,5645,561099,566745,566745,564019,2726,1.0,1.0,1.0
0500000US42045,100.0,5646,14632,330331,216136,561099,566745,564019,2726,0.9900378477092873,0.9900198397571713,0.9937637564196625
0500000US42045,250.0,5933,27544,532135,1133,560812,566745,564019,2726,0.9895314471234858,0.9895109916509904,0.9937637564196625
0500000US42045,1000.0,566688,57,0,0,57,566745,564019,2726,0.00010057433237170156,0.0001010604252693615,0.0
0500000US42047,25.0,0,0,1147,28763,29910,29910,12723,17187,1.0,1.0,1.0
0500000US42047,100.0,1885,11957,15880,188,28025,29910,12723,17187,0.9369775994650619,0.994812544211271,0.8941641938674579
0500000US42047,250.0,2678,19806,7426,0,27232,29910,12723,17187,0.9104647275158809,0.994812544211271,0.8480246698085763
0500000US42047,1000.0,8432,16081,5397,0,21478,29910,12723,17187,0.7180875961216985,0.7873929104770887,0.6667830336882528
0500000US42049,25.0,0,0,13808,255920,269728,269728,213265,56463,1.0,1.0,1.0
0500000US42049,100.0,14252,250646,4830,0,255476,269728,213265,56463,0.9471615850041524,0.9982275572644362,0.7542815649186193
0500000US42049,250.0,15572,252207,1949,0,254156,269728,213265,56463,0.9422677660457943,0.9982275572644362,0.7309034234808636
0500000US42049,1000.0,266310,3418,0,0,3418,269728,213265,56463,0.012672025151263495,0.0,0.06053521775321892
0500000US42051,25.0,0,0,13873,115401,129274,129274,66630,62644,1.0,1.0,1.0
0500000US42051,100.0,13984,106569,8639,82,115290,129274,66630,62644,0.8918266627473429,0.8994146780729401,0.8837558265755698
0500000US42051,250.0,19601,101371,8220,82,109673,129274,66630,62644,0.8483763169701564,0.8994146780729401,0.794090415682268
0500000US42051,1000.0,123994,5280,0,0,5280,129274,66630,62644,0.04084347974070579,0.0,0.08428580550411852
0500000US42055,25.0,0,0,12370,142657,155027,155027,91491,63536,1.0,1.0,1.0
0500000US42055,100.0,15986,137587,1454,0,139041,155027,91491,63536,0.896882478535997,0.976642511285263,0.7820290858725761
0500000US42055,250.0,16715,138312,0,0,138312,155027,91491,63536,0.8921800718584505,0.976642511285263,0.7705552757491816
0500000US42055,1000.0,155027,0,0,0,0,155027,91491,63536,0.0,0.0,0.0
0500000US42059,25.0,0,0,6882,29351,36233,36233,10815,25418,1.0,1.0,1.0
0500000US42059,100.0,10144,14317,11524,248,26089,36233,10815,25418,0.7200342229459332,0.8685159500693481,0.6568573451884492
0500000US42059,250.0,13882,17463,4778,110,22351,36233,10815,25418,0.6168686004471062,0.8535367545076283,0.5161696435596821
0500000US42059,1000.0,31350,4883,0,0,4883,36233,10815,25418,0.13476664918720505,0.35145631067961164,0.04256825871429695
0500000US42061,25.0,0,0,7784,37360,45144,45144,13855,31289,1.0,1.0,1.0
0500000US42061,100.0,9641,33665,1818,20,35503,45144,13855,31289,0.7864389509126352,0.9713460844460483,0.7045607082361213
0500000US42061,250.0,14049,30207,888,0,31095,45144,13855,31289,0.6887958532695375,0.7741609527246481,0.6509955575441848
0500000US42061,1000.0,45144,0,0,0,0,45144,13855,31289,0.0,0.0,0.0
0500000US42063,25.0,0,0,15355,68718,84073,84073,30687,53386,1.0,1.0,1.0
0500000US42063,100.0,18206,62801,3066,0,65867,84073,30687,53386,0.7834500969395645,0.9882034737836869,0.6657550668714645
0500000US42063,250.0,32410,49166,2497,0,51663,84073,30687,53386,0.6145016830611493,0.9882034737836869,0.3996928033566853
0500000US42063,1000.0,81395,2678,0,0,2678,84073,30687,53386,0.03185327037217656,0.05621272851696158,0.017851122017008204
0500000US42065,25.0,0,0,4519,38906,43425,43425,16172,27253,1.0,1.0,1.0
0500000US42065,100.0,6026,32298,4795,306,37399,43425,16172,27253,0.8612320092112838,0.9467598318080633,0.8104795802296995
0500000US42065,250.0,9116,32511,1798,0,34309,43425,16172,27253,0.7900748416810593,0.8591392530299282,0.7490918430998422
0500000US42065,1000.0,40744,2681,0,0,2681,43425,16172,27253,0.061738629821531374,0.0689463269849122,0.05746156386452868
0500000US42067,25.0,0,0,4908,19855,24763,24763,4358,20405,1.0,1.0,1.0
0500000US42067,100.0,6467,18044,252,0,18296,24763,4358,20405,0.7388442434276945,0.9802661771454796,0.6872825287919627
0500000US42067,250.0,24519,244,0,0,244,24763,4358,20405,0.009853410329927715,0.0,0.01195785346728743
0500000US42067,1000.0,24763,0,0,0,0,24763,4358,20405,0.0,0.0,0.0
0500000US42069,25.0,0,0,22381,187293,209674,209674,175116,34558,1.0,1.0,1.0
0500000US42069,100.0,22574,186294,806,0,187100,209674,175116,34558,0.8923376288905635,0.9049544302062633,0.8284044215521732
0500000US42069,250.0,27303,182184,187,0,182371,209674,175116,34558,0.8697835687781985,0.9025388885081889,0.7038023033740378
0500000US42069,1000.0,207064,2610,0,0,2610,209674,175116,34558,0.012447895304138807,0.00440279586102926,0.0532148851206667
0500000US42071,25.0,0,55,18320,527348,545723,545723,427130,118593,1.0,1.0,1.0
0500000US42071,100.0,23031,443589,64894,14209,522692,545723,427130,118593,0.9577972707765662,0.9875354107648725,0.8506910188628334
0500000US42071,250.0,23130,469419,43599,9575,522593,545723,427130,118593,0.9576158600608734,0.9873504553648772,0.8505223748450583
0500000US42071,1000.0,518151,27572,0,0,27572,545723,427130,118593,0.05052380053616945,0.059326200454194275,0.018820672383698868
0500000US42073,25.0,0,0,3371,82141,85512,85512,50398,35114,1.0,1.0,1.0
0500000US42073,100.0,3732,77113,4593,74,81780,85512,50398,35114,0.9563570025259612,0.9742648517798326,0.9306544398245714
0500000US42073,250.0,5671,75574,4193,74,79841,85512,50398,35114,0.9336818224342782,0.9742648517798326,0.8754342997095176
0500000US42073,1000.0,85303,209,0,0,209,85512,50398,35114,0.002444101412667228,0.0,0.005952041920601469
0500000US42075,25.0,0,0,3524,138269,141793,141793,103074,38719,1.0,1.0,1.0
0500000US42075,100.0,3524,98346,38938,985,138269,141793,103074,38719,0.975146869027385,0.9877078603721599,0.9417082052738965
0500000US42075,250.0,3524,98346,38938,985,138269,141793,103074,38719,0.975146869027385,0.9877078603721599,0.9417082052738965
0500000US42075,1000.0,141719,74,0,0,74,141793,103074,38719,0.0005218875402876024,0.0007179308069930341,0.0
0500000US42077,25.0,0,0,360,368957,369317,369317,339183,30134,1.0,1.0,1.0
0500000US42077,100.0,352,53782,189095,126088,368965,369317,339183,30134,0.9990468892577379,0.9999852586951586,0.9884847680361054
0500000US42077,250.0,637,239319,128935,426,368680,369317,339183,30134,0.9982751944806223,0.9999498795635394,0.979425233955001
0500000US42077,1000.0,368885,432,0,0,432,369317,339183,30134,0.001169726820048901,0.001067270470512968,0.002322957456693436
0500000US42079,25.0,0,0,9499,307918,317417,317417,253604,63813,1.0,1.0,1.0
0500000US42079,100.0,10169,252617,53424,1207,307248,317417,253604,63813,0.9679632785893635,0.9877486159524298,0.889332894551267
0500000US42079,250.0,10169,252735,53306,1207,307248,317417,253604,63813,0.9679632785893635,0.9877486159524298,0.889332894551267
0500000US42079,1000.0,317417,0,0,0,0,317417,253604,63813,0.0,0.0,0.0
0500000US42081,25.0,0,0,4917,108382,113299,113299,71014,42285,1.0,1.0,1.0
0500000US42081,100.0,10478,90048,12773,0,102821,113299,71014,42285,0.9075190425334734,0.993226687695384,0.7635804658862481
0500000US42081,250.0,11100,96913,5286,0,102199,113299,71014,42285,0.9020291441230726,0.9915227983214577,0.7517322927752158
0500000US42081,1000.0,101780,11519,0,0,11519,113299,71014,42285,0.10166903503120063,0.028163460726054017,0.22511528910961334
0500000US42083,25.0,0,0,5296,35329,40625,40625,14924,25701,1.0,1.0,1.0
0500000US42083,100.0,5296,34124,1205,0,35329,40625,14924,25701,0.8696369230769231,0.971321361565264,0.8105910275864753
0500000US42083,250.0,5597,34023,1005,0,35028,40625,14924,25701,0.8622276923076924,0.971321361565264,0.798879421034201
0500000US42083,1000.0,36635,3990,0,0,3990,40625,14924,25701,0.09821538461538462,0.0,0.15524687755340258
0500000US42085,25.0,0,0,9506,99918,109424,109424,58660,50764,1.0,1.0,1.0
0500000US42085,100.0,11226,93738,4460,0,98198,109424,58660,50764,0.8974082468197104,0.9803102625298329,0.8016113781419903
0500000US42085,250.0,12576,95092,1756,0,96848,109424,58660,50764,0.8850709168007018,0.9803102625298329,0.7750177290993617
0500000US42085,1000.0,108580,844,0,0,844,109424,58660,50764,0.007713115952624652,0.003733378793044664,0.012311874556772516
0500000US42087,25.0,0,0,1850,44288,46138,46138,22950,23188,1.0,1.0,1.0
0500000US42087,100.0,4243,36015,5880,0,41895,46138,22950,23188,0.9080367592873553,0.9897167755991285,0.827195100914266
0500000US42087,250.0,45548,590,0,0,590,46138,22950,23188,0.01278772378516624,0.00026143790849673205,0.02518544074521304
0500000US42087,1000.0,46138,0,0,0,0,46138,22950,23188,0.0,0.0,0.0
0500000US42089,25.0,0,1,1130,169139,170270,170270,105075,65195,1.0,1.0,1.0
0500000US42089,100.0,1131,163450,5689,0,169139,170270,105075,65195,0.9933576085041405,0.9984487270996907,0.9851522356008896
0500000US42089,250.0,1131,163512,5627,0,169139,170270,105075,65195,0.9933576085041405,0.9984487270996907,0.9851522356008896
0500000US42089,1000.0,170270,0,0,0,0,170270,105075,65195,0.0,0.0,0.0
0500000US42091,25.0,0,4,8531,822367,830902,830902,805999,24903,1.0,1.0,1.0
0500000US42091,100.0,8538,46300,770082,5982,822364,830902,805999,24903,0.9897244199676978,0.9896091682495884,0.9934546038629885
0500000US42091,250.0,8538,49638,767824,4902,822364,830902,805999,24903,0.9897244199676978,0.9896091682495884,0.9934546038629885
0500000US42091,1000.0,830102,800,0,0,800,830902,805999,24903,0.0009628090918062539,0.0009925570627258842,0.0
0500000US42093,25.0,0,0,5069,13161,18230,18230,8430,9800,1.0,1.0,1.0
0500000US42093,100.0,5178,12839,213,0,13052,18230,8430,9800,0.7159626988480526,0.9177935943060498,0.5423469387755102
0500000US42093,250.0,5363,12817,50,0,12867,18230,8430,9800,0.7058145913329676,0.9177935943060498,0.523469387755102
0500000US42093,1000.0,18230,0,0,0,0,18230,8430,9800,0.0,0.0,0.0
0500000US42095,25.0,0,3,47,305235,305285,305285,265760,39525,1.0,1.0,1.0
0500000US42095,100.0,44,28454,273169,3618,305241,305285,265760,39525,0.9998558723815452,0.9998645394340758,0.999797596457938
0500000US42095,250.0,320,300931,4034,0,304965,305285,265760,39525,0.99895179913851,0.9989878085490669,0.9987096774193548
0500000US42095,1000.0,305285,0,0,0,0,305285,265760,39525,0.0,0.0,0.0
0500000US42097,25.0,0,0,11571,79272,90843,90843,58833,32010,1.0,1.0,1.0
0500000US42097,100.0,14307,73198,3260,78,76536,90843,58833,32010,0.8425085036821769,0.9189060561249639,0.7020930959075289
0500000US42097,250.0,15552,74382,909,0,75291,90843,58833,32010,0.8288035401737063,0.9158805432325395,0.6687597625741956
0500000US42097,1000.0,90825,18,0,0,18,90843,58833,32010,0.000198144050724877,0.0003059507419305492,0.0
0500000US42099,25.0,0,1,7039,39232,46272,46272,5339,40933,1.0,1.0,1.0
0500000US42099,100.0,9713,29668,6412,479,36559,46272,5339,40933,0.7900890387275242,0.9998126990073047,0.762734224220067
0500000US42099,250.0,14750,26736,4552,234,31522,46272,5339,40933,0.6812327109266944,0.9998126990073047,0.6396794762172331
0500000US42099,1000.0,46272,0,0,0,0,46272,5339,40933,0.0,0.0,0.0
0500000US42103,25.0,0,0,820,54989,55809,55809,16401,39408,1.0,1.0,1.0
0500000US42103,100.0,846,52383,2580,0,54963,55809,16401,39408,0.9848411546524755,0.9947564172916286,0.9807145757206659
0500000US42103,250.0,1860,51546,2403,0,53949,55809,16401,39408,0.9666720421437403,0.9378696420949942,0.978659155501421
0500000US42103,1000.0,55809,0,0,0,0,55809,16401,39408,0.0,0.0,0.0
0500000US42107,25.0,0,0,10204,131155,141359,141359,88009,53350,1.0,1.0,1.0
0500000US42107,100.0,15593,122790,2904,72,125766,141359,88009,53350,0.889692202123671,0.9227578997602518,0.83514526710403
0500000US42107,250.0,15593,122837,2857,72,125766,141359,88009,53350,0.889692202123671,0.9227578997602518,0.83514526710403
0500000US42107,1000.0,141359,0,0,0,0,141359,88009,53350,0.0,0.0,0.0
0500000US42109,25.0,0,0,9134,31238,40372,40372,12950,27422,1.0,1.0,1.0
0500000US42109,100.0,9134,30312,926,0,31238,40372,12950,27422,0.7737540869909838,0.8430888030888031,0.7410108671869302
0500000US42109,250.0,16168,24108,96,0,24204,40372,12950,27422,0.5995244228673338,0.8430888030888031,0.48450149514987967
0500000US42109,1000.0,40372,0,0,0,0,40372,12950,27422,0.0,0.0,0.0
0500000US42111,25.0,0,0,10417,63030,73447,73447,18600,54847,1.0,1.0,1.0
0500000US42111,100.0,11158,59583,2706,0,62289,73447,18600,54847,0.8480809291053413,0.9955913978494624,0.7980564114719128
0500000US42111,250.0,11175,59590,2682,0,62272,73447,18600,54847,0.8478494696856237,0.9955913978494624,0.7977464583295348
0500000US42111,1000.0,73447,0,0,0,0,73447,18600,54847,0.0,0.0,0.0
0500000US42115,25.0,0,0,16020,24308,40328,40328,6031,34297,1.0,1.0,1.0
0500000US42115,100.0,18832,20801,695,0,21496,40328,6031,34297,0.5330291608807777,0.045597744984248054,0.6187421640376709
0500000US42115,250.0,19408,20672,248,0,20920,40328,6031,34297,0.5187462804999008,0.02652959708174432,0.6053007551680905
0500000US42115,1000.0,27808,12520,0,0,12520,40328,6031,34297,0.3104542749454473,0.02138948764715636,0.36128524360731257
0500000US42117,250.0,8867,30705,1019,0,31724,40591,3098,37493,0.7815525609125176,1.0,0.7635025204704878
0500000US42117,1000.0,40403,188,0,0,188,40591,3098,37493,0.004631568574314503,0.0,0.0050142693302749845
0500000US42119,25.0,0,0,2847,42073,44920,44920,24835,20085,1.0,1.0,1.0
0500000US42119,100.0,13703,16524,14639,54,31217,44920,24835,20085,0.694946571682992,0.6779947654519831,0.7159073935772965
0500000US42119,250.0,18516,22417,3987,0,26404,44920,24835,20085,0.58780053428317,0.5865109724179586,0.589395070948469
0500000US42119,1000.0,39506,5414,0,0,5414,44920,24835,20085,0.12052537845057881,0.14584256090195288,0.08922081155090864
0500000US42121,25.0,0,0,4613,46055,50668,50668,22435,28233,1.0,1.0,1.0
0500000US42121,100.0,5884,41782,3002,0,44784,50668,22435,28233,0.883871477066393,0.9966570091375083,0.7942478659724436
0500000US42121,250.0,7272,40651,2745,0,43396,50668,22435,28233,0.8564774611194442,0.9966570091375083,0.7450855381999788
0500000US42121,1000.0,50668,0,0,0,0,50668,22435,28233,0.0,0.0,0.0
0500000US42123,25.0,0,0,9707,29484,39191,39191,17258,21933,1.0,1.0,1.0
0500000US42123,100.0,11832,13105,14072,182,27359,39191,17258,21933,0.6980939501416141,0.9810522656159463,0.4754479551360963
0500000US42123,250.0,18539,20482,170,0,20652,39191,17258,21933,0.5269577198846674,0.8090161084714336,0.30501983312816305
0500000US42123,1000.0,39191,0,0,0,0,39191,17258,21933,0.0,0.0,0.0
0500000US42125,25.0,0,0,11389,195476,206865,206865,142596,64269,1.0,1.0,1.0
0500000US42125,100.0,20412,126837,58570,1046,186453,206865,142596,64269,0.901326952360235,0.9582807371875789,0.7749614899873967
0500000US42125,250.0,23462,126437,56084,882,183403,206865,142596,64269,0.8865830372465134,0.9529019046817583,0.7394389207860711
0500000US42125,1000.0,206865,0,0,0,0,206865,142596,64269,0.0,0.0,0.0
0500000US42127,25.0,0,0,18022,33339,51361,51361,6196,45165,1.0,1.0,1.0
0500000US42127,100.0,18176,32006,1179,0,33185,51361,6196,45165,0.6461128093300365,0.9181730148482892,0.6087899922506366
0500000US42127,250.0,23884,26560,917,0,27477,51361,6196,45165,0.534977901520609,0.9112330535829567,0.4833610096313517
0500000US42127,1000.0,47567,3794,0,0,3794,51361,6196,45165,0.07386927824614006,0.0,0.08400309974537806
0500000US42129,25.0,0,0,6694,342205,348899,348899,256694,92205,1.0,1.0,1.0
0500000US42129,100.0,6933,280677,58139,3150,341966,348899,256694,92205,0.9801289198306673,0.986018372069468,0.9637329862805705
0500000US42129,250.0,15904,291133,40209,1653,332995,348899,256694,92205,0.9544166076715611,0.986018372069468,0.8664389132910363
0500000US42129,1000.0,321158,27741,0,0,27741,348899,256694,92205,0.07951011610810005,0.06538914037725853,0.1188221896860257
0500000US42131,25.0,0,0,2757,24037,26794,26794,4347,22447,1.0,1.0,1.0
0500000US42131,100.0,2992,21823,1979,0,23802,26794,4347,22447,0.8883332089273718,0.9735449735449735,0.8718314251347619
0500000US42131,250.0,4599,20407,1788,0,22195,26794,4347,22447,0.8283570948719863,0.9735449735449735,0.8002405666681517
0500000US42131,1000.0,26794,0,0,0,0,26794,4347,22447,0.0,0.0,0.0
0500000US42133,25.0,0,1,1751,447305,449057,449057,336416,112641,1.0,1.0,1.0
0500000US42133,100.0,13869,396209,37691,1288,435188,449057,336416,112641,0.9691152793520644,0.9849264006468182,0.921893449099351
0500000US42133,250.0,13869,396209,37691,1288,435188,449057,336416,112641,0.9691152793520644,0.9849264006468182,0.921893449099351
0500000US42133,1000.0,448728,329,0,0,329,449057,336416,112641,0.0007326464123708126,1.4862551127175878e-05,0.0028763949183689777
0500000US44001,250.0,16,780,42696,4987,48463,48479,47920,559,0.9996699601889478,0.9996661101836394,1.0
0500000US44001,1000.0,48396,83,0,0,83,48479,47920,559,0.0017120815198333299,0.0017320534223706178,0.0
0500000US44003,25.0,0,1,2373,161916,164290,164290,151321,12969,1.0,1.0,1.0
0500000US44003,100.0,2374,4053,157863,0,161916,164290,151321,12969,0.9855499421754215,0.9846419201564885,0.9961446526332023
0500000US44003,250.0,2374,4053,157863,0,161916,164290,151321,12969,0.9855499421754215,0.9846419201564885,0.9961446526332023
0500000US44003,1000.0,164290,0,0,0,0,164290,151321,12969,0.0,0.0,0.0
0500000US44005,25.0,0,0,2875,79207,82082,82082,72105,9977,1.0,1.0,1.0
0500000US44005,100.0,2875,78994,213,0,79207,82082,72105,9977,0.964974050339904,0.9661049857846197,0.9568006414753935
0500000US44005,250.0,2875,78994,213,0,79207,82082,72105,9977,0.964974050339904,0.9661049857846197,0.9568006414753935
0500000US44005,1000.0,82082,0,0,0,0,82082,72105,9977,0.0,0.0,0.0
0500000US44007,25.0,0,7,7040,631879,638926,638926,603119,35807,1.0,1.0,1.0
0500000US44007,100.0,7046,17201,614679,0,631880,638926,603119,35807,0.9889721188369233,0.9887617534848016,0.9925154299438658
0500000US44007,250.0,7046,17201,614679,0,631880,638926,603119,35807,0.9889721188369233,0.9887617534848016,0.9925154299438658
0500000US44007,1000.0,638358,568,0,0,568,638926,603119,35807,0.0008889918394305444,0.0009417710269449313,0.0
0500000US44009,25.0,0,0,2721,122856,125577,125577,86720,38857,1.0,1.0,1.0
0500000US44009,100.0,2721,9791,113065,0,122856,125577,86720,38857,0.9783320193984567,0.9866120848708487,0.9598527935764469
0500000US44009,250.0,2721,9791,113065,0,122856,125577,86720,38857,0.9783320193984567,0.9866120848708487,0.9598527935764469
0500000US44009,1000.0,124745,832,0,0,832,125577,86720,38857,0.006625417074782803,0.00959409594095941,0.0
0500000US45001,25.0,0,0,946,23581,24527,24527,5015,19512,1.0,1.0,1.0
0500000US45001,100.0,1026,12854,9807,840,23501,24527,5015,19512,0.9581685489460594,0.9952143569292123,0.9486469864698647
0500000US45001,250.0,4262,12390,7875,0,20265,24527,5015,19512,0.8262323154075101,0.9928215353938186,0.7834153341533415
0500000US45001,1000.0,9523,15004,0,0,15004,24527,5015,19512,0.6117340074203939,0.2741774675972084,0.6984932349323493
0500000US45003,25.0,0,4,50982,119886,170872,170872,105627,65245,1.0,1.0,1.0
0500000US45003,100.0,60054,62543,45653,2622,110818,170872,105627,65245,0.648543939323002,0.72182301873574,0.5299103379569315
0500000US45003,250.0,91612,66199,13061,0,79260,170872,105627,65245,0.46385598576712395,0.5244965775795961,0.3656831941144915
0500000US45003,1000.0,124656,46216,0,0,46216,170872,105627,65245,0.2704714640198511,0.3567269732170752,0.13082994865506936
0500000US45005,25.0,0,0,5973,2715,8688,8688,2784,5904,1.0,1.0,1.0
0500000US45005,100.0,6941,1427,320,0,1747,8688,2784,5904,0.20108195211786373,0.2625718390804598,0.17208672086720866
0500000US45005,250.0,6941,1427,320,0,1747,8688,2784,5904,0.20108195211786373,0.2625718390804598,0.17208672086720866
0500000US45005,1000.0,8688,0,0,0,0,8688,2784,5904,0.0,0.0,0.0
0500000US45007,25.0,0,4,9625,192926,202555,202555,124636,77919,1.0,1.0,1.0
0500000US45007,100.0,10487,106243,85116,709,192068,202555,124636,77919,0.9482264076423688,0.9968628646618954,0.8704295486338377
0500000US45007,250.0,14800,170810,16945,0,187755,202555,124636,77919,0.9269334254893733,0.9749430341153439,0.8501392471669298
0500000US45007,1000.0,183269,19286,0,0,19286,202555,124636,77919,0.09521364567648292,0.07754581340864598,0.1234743772379009
0500000US45009,25.0,0,0,8454,5612,14066,14066,5863,8203,1.0,1.0,1.0
0500000US45009,100.0,9226,4329,511,0,4840,14066,5863,8203,0.3440921370681075,0.460685655807607,0.2607582591734731
0500000US45009,250.0,9226,4389,451,0,4840,14066,5863,8203,0.3440921370681075,0.460685655807607,0.2607582591734731
0500000US45009,1000.0,14061,5,0,0,5,14066,5863,8203,0.00035546708374804495,0.0008528057308545113,0.0
0500000US45011,25.0,0,0,9781,11085,20866,20866,3763,17103,1.0,1.0,1.0
0500000US45011,100.0,10994,7475,2101,296,9872,20866,3763,17103,0.47311415700182113,0.6888121179909646,0.42565631760509853
0500000US45011,250.0,11665,7499,1702,0,9201,20866,3763,17103,0.44095658008243077,0.6888121179909646,0.386423434485178
0500000US45011,1000.0,20866,0,0,0,0,20866,3763,17103,0.0,0.0,0.0
0500000US45013,25.0,0,4,22275,169836,192115,192115,149459,42656,1.0,1.0,1.0
0500000US45013,100.0,54835,99901,35078,2301,137280,192115,149459,42656,0.7145720011451474,0.817655678145846,0.35338522130532635
0500000US45013,250.0,99586,91270,1259,0,92529,192115,149459,42656,0.4816333966634568,0.573863066125158,0.15847711927981994
0500000US45013,1000.0,192115,0,0,0,0,192115,149459,42656,0.0,0.0,0.0
0500000US45015,25.0,0,13,12627,215216,227856,227856,149230,78626,1.0,1.0,1.0
0500000US45015,100.0,19675,86410,81659,40112,208181,227856,149230,78626,0.9136516045221543,0.9732359445151779,0.8005621550123369
0500000US45015,250.0,41831,91111,73145,21769,186025,227856,149230,78626,0.8164147531774454,0.9636936272867386,0.5368834736601125
0500000US45015,1000.0,110092,101605,16159,0,117764,227856,149230,78626,0.5168351941577136,0.519171748307981,0.5124004782133137
0500000US45019,25.0,0,13,21541,389841,411395,411395,354430,56965,1.0,1.0,1.0
0500000US45019,100.0,24643,78034,189899,118819,386752,411395,354430,56965,0.9400989316836617,0.9663036424681883,0.7770560870710085
0500000US45019,250.0,27232,120490,214472,49201,384163,411395,354430,56965,0.9338057098409072,0.9655644273904579,0.7362064425524445
0500000US45019,1000.0,318217,92413,765,0,93178,411395,354430,56965,0.22649278673780673,0.25157576954546734,0.07042921091898534
0500000US45021,25.0,0,0,7283,50016,57299,57299,22233,35066,1.0,1.0,1.0
0500000US45021,100.0,7796,32173,17022,308,49503,57299,22233,35066,0.8639417790886403,0.9924886430081411,0.7824388296355445
0500000US45021,250.0,8246,39256,9797,0,49053,57299,22233,35066,0.8560882388872406,0.9924886430081411,0.7696058860434609
0500000US45021,1000.0,46662,10637,0,0,10637,57299,22233,35066,0.18564023804952967,0.2906490352179193,0.11906119888210802
0500000US45023,25.0,0,0,4176,28068,32244,32244,9013,23231,1.0,1.0,1.0
0500000US45023,100.0,8510,23232,502,0,23734,32244,9013,23231,0.7360749286688997,0.9894596693664707,0.6377684989884207
0500000US45023,250.0,15938,16220,86,0,16306,32244,9013,23231,0.5057064880287806,0.9894596693664707,0.318023330894064
0500000US45023,1000.0,31488,756,0,0,756,32244,9013,23231,0.023446222553033122,0.0,0.032542723085532264
0500000US45025,25.0,0,0,14714,30936,45650,45650,11665,33985,1.0,1.0,1.0
0500000US45025,100.0,27427,15440,2783,0,18223,45650,11665,33985,0.3991894852135816,0.7564509215602229,0.2765631896424893
0500000US45025,250.0,28704,16924,22,0,16946,45650,11665,33985,0.3712157721796276,0.7198456922417488,0.25155215536266
0500000US45025,1000.0,45093,557,0,0,557,45650,11665,33985,0.012201533406352683,0.02546078011144449,0.00765043401500662
0500000US45027,250.0,10674,17373,5698,0,23071,33745,4615,29130,0.6836864720699363,1.0,0.6335736354273944
0500000US45027,1000.0,20340,13405,0,0,13405,33745,4615,29130,0.39724403615350423,0.3076923076923077,0.4114315139031926
0500000US45029,25.0,0,0,4437,33240,37677,37677,9037,28640,1.0,1.0,1.0
0500000US45029,100.0,4437,21406,11834,0,33240,37677,9037,28640,0.8822358468030894,0.9993360628527166,0.845286312849162
0500000US45029,250.0,10227,26868,582,0,27450,37677,9037,28640,0.7285611911776415,0.5208586920438198,0.7940991620111731
0500000US45029,1000.0,37373,304,0,0,304,37677,9037,28640,0.008068582955118508,0.0,0.010614525139664804
0500000US45031,250.0,7502,58652,464,0,59116,66618,28157,38461,0.887387793088955,1.0,0.8049452692337693
0500000US45031,1000.0,66618,0,0,0,0,66618,28157,38461,0.0,0.0,0.0
0500000US45033,25.0,0,0,7049,23430,30479,30479,9498,20981,1.0,1.0,1.0
0500000US45033,100.0,7049,23430,0,0,23430,30479,9498,20981,0.7687260080711309,0.9932617393135397,0.6670797388113054
0500000US45033,250.0,7049,23430,0,0,23430,30479,9498,20981,0.7687260080711309,0.9932617393135397,0.6670797388113054
0500000US45033,1000.0,30479,0,0,0,0,30479,9498,20981,0.0,0.0,0.0
0500000US45035,25.0,0,3,11896,150896,162795,162795,124248,38547,1.0,1.0,1.0
0500000US45035,100.0,13880,33076,50502,65337,148915,162795,124248,38547,0.9147393961731012,0.9986478655592042,0.6442784133655018
0500000US45035,250.0,16909,46740,56789,42357,145886,162795,124248,38547,0.8961331736232685,0.9986478655592042,0.5656990167847044
0500000US45035,1000.0,106808,40376,15611,0,55987,162795,124248,38547,0.343911053779293,0.393455025433005,0.18421667055802007
0500000US45037,25.0,0,2,8774,18483,27259,27259,7136,20123,1.0,1.0,1.0
0500000US45037,100.0,9315,14411,3533,0,17944,27259,7136,20123,0.6582779999266297,0.6989910313901345,0.6438403816528351
0500000US45037,250.0,24530,2729,0,0,2729,27259,7136,20123,0.10011372390770021,0.20571748878923768,0.06266461263231128
0500000US45037,1000.0,24655,2604,0,0,2604,27259,7136,20123,0.09552808246817565,0.20571748878923768,0.0564528151866024
0500000US45039,25.0,0,0,4520,17827,22347,22347,4875,17472,1.0,1.0,1.0
0500000US45039,100.0,7614,14433,300,0,14733,22347,4875,17472,0.6592831252517116,0.969025641025641,0.5728594322344323
0500000US45039,250.0,10493,11772,82,0,11854,22347,4875,17472,0.5304515147447084,0.969025641025641,0.4080815018315018
0500000US45039,1000.0,19915,2432,0,0,2432,22347,4875,17472,0.10882892558285229,0.010666666666666666,0.1362179487179487
0500000US45041,25.0,0,0,6714,131578,138292,138292,84342,53950,1.0,1.0,1.0
0500000US45041,100.0,8382,86533,43367,10,129910,138292,84342,53950,0.9393891186764238,0.9995138839486851,0.8453938832252085
0500000US45041,250.0,11761,86509,40022,0,126531,138292,84342,53950,0.9149553119486304,0.9995138839486851,0.7827618164967562
0500000US45041,1000.0,95539,42753,0,0,42753,138292,84342,53950,0.3091502039163509,0.37751061155770554,0.20227988878591288
0500000US45043,250.0,7299,38960,15848,569,55377,62676,35596,27080,0.883543940264216,1.0,0.7304652880354505
0500000US45043,1000.0,46026,16650,0,0,16650,62676,35596,27080,0.2656519241815049,0.4037532307000787,0.08412112259970458
0500000US45045,25.0,0,3,8704,514813,523520,523520,449783,73737,1.0,1.0,1.0
0500000US45045,100.0,11334,218944,291200,2042,512186,523520,449783,73737,0.9783503973105134,0.994121609754037,0.8821487177400762
0500000US45045,250.0,15031,356294,151406,789,508489,523520,449783,73737,0.9712885849633252,0.994121609754037,0.8320110663574596
0500000US45045,1000.0,371330,152084,106,0,152190,523520,449783,73737,0.2907052261613692,0.32535467103025234,0.07934958026499586
0500000US45047,25.0,0,0,6142,64669,70811,70811,41936,28875,1.0,1.0,1.0
0500000US45047,100.0,6429,54845,9492,45,64382,70811,41936,28875,0.9092090211972716,0.9751287676459367,0.8134718614718615
0500000US45047,250.0,62611,8155,45,0,8200,70811,41936,28875,0.11580121732499188,0.17760396795116368,0.026043290043290042
0500000US45047,1000.0,62644,8167,0,0,8167,70811,41936,28875,0.11533518803575715,0.17760396795116368,0.024900432900432902
0500000US45049,25.0,0,0,8823,10399,19222,19222,4209,15013,1.0,1.0,1.0
0500000US45049,100.0,10379,5073,3706,64,8843,19222,4209,15013,0.4600457808760795,0.970064148253742,0.3170585492573103
0500000US45049,250.0,14208,5008,6,0,5014,19222,4209,15013,0.2608469462074706,0.5711570444286054,0.17384933058016386
0500000US45049,1000.0,19222,0,0,0,0,19222,4209,15013,0.0,0.0,0.0
0500000US45051,25.0,0,2,567,353510,354079,354079,239794,114285,1.0,1.0,1.0
0500000US45051,100.0,552,93723,241502,18302,353527,354079,239794,114285,0.9984410258727572,0.9997539554784524,0.995686223038894
0500000US45051,250.0,47980,98751,207290,58,306099,354079,239794,114285,0.8644935169834981,0.9910840137784932,0.5988799929999562
0500000US45051,1000.0,120285,233781,13,0,233794,354079,239794,114285,0.6602876759141322,0.7512573292075698,0.46941418383864897
0500000US45053,25.0,0,3,11092,18978,30073,30073,8998,21075,1.0,1.0,1.0
0500000US45053,100.0,16207,12300,1308,258,13866,30073,8998,21075,0.46107804342765935,0.53156256945988,0.43098457888493474
0500000US45053,250.0,26593,3480,0,0,3480,30073,8998,21075,0.11571841851494696,0.017448321849299845,0.15767497034400949
0500000US45053,1000.0,30073,0,0,0,0,30073,8998,21075,0.0,0.0,0.0
0500000US45055,25.0,0,0,11113,55437,66550,66550,27911,38639,1.0,1.0,1.0
0500000US45055,100.0,16664,22232,24451,3203,49886,66550,27911,38639,0.7496018031555222,0.9929776790512701,0.5737984937498383
0500000US45055,250.0,19981,33465,11969,1135,46569,66550,27911,38639,0.6997595792637115,0.9924760846977894,0.4883149149822718
0500000US45055,1000.0,53601,12904,45,0,12949,66550,27911,38639,0.1945755071374906,0.30837304288631723,0.11237350863117576
0500000US45057,25.0,0,4,12350,85655,98009,98009,45877,52132,1.0,1.0,1.0
0500000US45057,100.0,59230,17201,20995,583,38779,98009,45877,52132,0.39566774479894706,0.49966214007018767,0.30415100130438116
0500000US45057,250.0,68376,10329,19304,0,29633,98009,45877,52132,0.3023497842034915,0.401007040564989,0.21552980894652038
0500000US45057,1000.0,71651,26358,0,0,26358,98009,45877,52132,0.2689344856084645,0.3477341587287748,0.19958950356786617
0500000US45059,25.0,0,2,6043,61448,67493,67493,24108,43385,1.0,1.0,1.0
0500000US45059,100.0,11051,37916,18526,0,56442,67493,24108,43385,0.8362645015038597,0.9962253193960511,0.7473781260804425
0500000US45059,250.0,16728,50119,646,0,50765,67493,24108,43385,0.7521520750300031,0.9960179193628671,0.6166416964388614
0500000US45059,1000.0,66843,650,0,0,650,67493,24108,43385,0.009630628361459706,0.026796084287373487,9.219776420421805e-05
0500000US45061,250.0,9933,6249,646,0,6895,16828,3564,13264,0.4097337770382696,1.0,0.25113088057901084
0500000US45061,1000.0,14548,2280,0,0,2280,16828,3564,13264,0.13548847159496077,0.0765993265993266,0.1513118214716526
0500000US45063,25.0,0,0,9525,289216,298741,298741,220407,78334,1.0,1.0,1.0
0500000US45063,100.0,9956,84501,118842,85442,288785,298741,220407,78334,0.9666734730083919,0.9987795305956707,0.8763372226619348
0500000US45063,250.0,10159,137506,92580,58496,288582,298741,220407,78334,0.9659939546295956,0.9987795305956707,0.8737457553552735
0500000US45063,1000.0,136006,95768,56325,10642,162735,298741,220407,78334,0.5447360757311517,0.486844791680845,0.7076237649041285
0500000US45067,250.0,8949,21708,0,0,21708,30657,11970,18687,0.7080927683726392,1.0,0.5211109327339862
0500000US45067,1000.0,30637,20,0,0,20,30657,11970,18687,0.0006523795544247644,0.0,0.0010702627495050034
0500000US45069,25.0,0,0,15644,10474,26118,26118,10266,15852,1.0,1.0,1.0
0500000US45069,100.0,24826,1292,0,0,1292,26118,10266,15852,0.04946779998468489,0.014513929475939996,0.07210446631339894
0500000US45069,250.0,24826,1292,0,0,1292,26118,10266,15852,0.04946779998468489,0.014513929475939996,0.07210446631339894
0500000US45069,1000.0,24991,1127,0,0,1127,26118,10266,15852,0.04315031778849835,0.014513929475939996,0.06169568508705526
0500000US45071,25.0,0,0,7023,31417,38440,38440,12330,26110,1.0,1.0,1.0
0500000US45071,100.0,8238,21325,8599,278,30202,38440,12330,26110,0.7856919875130073,0.9931062449310625,0.6877441593259288
0500000US45071,250.0,25628,11514,1298,0,12812,38440,12330,26110,0.3332986472424558,0.00105433901054339,0.490195327460743
0500000US45071,1000.0,28724,9162,554,0,9716,38440,12330,26110,0.2527575442247659,0.0,0.37211796246648793
0500000US45073,25.0,0,3,11936,67607,79546,79546,27158,52388,1.0,1.0,1.0
0500000US45073,100.0,17544,35294,22540,4168,62002,79546,27158,52388,0.7794483694968949,0.8575741954488548,0.7389478506528212
0500000US45073,250.0,65764,12915,867,0,13782,79546,27158,52388,0.1732582405149222,0.06904043007585242,0.22728487439871725
0500000US45073,1000.0,76067,3479,0,0,3479,79546,27158,52388,0.04373570009805647,0.061160615656528465,0.03470260364969077
0500000US45075,25.0,0,0,29958,56217,86175,86175,28721,57454,1.0,1.0,1.0
0500000US45075,100.0,41064,33365,11746,0,45111,86175,28721,57454,0.5234812880765883,0.9998955468124369,0.2853239113029554
0500000US45075,250.0,42214,43961,0,0,43961,86175,28721,57454,0.5101363504496664,0.9998955468124369,0.2653078984927072
0500000US45075,1000.0,85903,272,0,0,272,86175,28721,57454,0.0031563678561067595,0.0,0.004734222160336965
0500000US45077,25.0,0,2,7896,118979,126877,126877,79374,47503,1.0,1.0,1.0
0500000US45077,100.0,11861,53168,58405,3443,115016,126877,79374,47503,0.906515759357488,0.9550608511603296,0.8254005010209882
0500000US45077,250.0,42370,77710,6797,0,84507,126877,79374,47503,0.6660545252488631,0.6324741099100462,0.7221649159000484
0500000US45077,1000.0,112969,13861,47,0,13908,126877,79374,47503,0.10961797646539562,0.1649532592536599,0.01715681114876955
0500000US45079,25.0,0,0,9911,405848,415759,415759,373638,42121,1.0,1.0,1.0
0500000US45079,100.0,12396,161597,223569,18197,403363,415759,373638,42121,0.9701846502420873,0.999858151472816,0.7069632724769117
0500000US45079,250.0,13184,275087,119180,8308,402575,415759,373638,42121,0.9682893214578638,0.999858151472816,0.6882552645948576
0500000US45079,1000.0,286674,120726,8359,0,129085,415759,373638,42121,0.31048035039530114,0.32313362131260737,0.19823840839486243
0500000US45081,25.0,0,0,8144,12329,20473,20473,3902,16571,1.0,1.0,1.0
0500000US45081,100.0,8451,10569,1027,426,12022,20473,3902,16571,0.5872124261222097,0.9671963095848283,0.4977370104399252
0500000US45081,250.0,13408,6007,632,426,7065,20473,3902,16571,0.3450886533483124,0.09764223475140954,0.4033552591877376
0500000US45081,1000.0,14146,5901,426,0,6327,20473,3902,16571,0.30904117618326576,0.014095335725269094,0.3784925472210488
0500000US45083,25.0,0,3,12970,306800,319773,319773,229596,90177,1.0,1.0,1.0
0500000US45083,100.0,18108,160579,139515,1571,301665,319773,229596,90177,0.9433723297464138,0.9969337444903221,0.8070017853776462
0500000US45083,250.0,21802,227946,69705,320,297971,319773,229596,90177,0.9318203850856701,0.9957446993850068,0.7690652827217583
0500000US45083,1000.0,244391,75196,186,0,75382,319773,229596,90177,0.23573597520741277,0.26529207825920315,0.16048438071792143
0500000US45085,25.0,0,0,3294,103424,106718,106718,72565,34153,1.0,1.0,1.0
0500000US45085,100.0,4849,49016,52733,120,101869,106718,72565,34153,0.9545624918008209,0.9999724385034108,0.8580798172927707
0500000US45085,250.0,9557,62399,34645,117,97161,106718,72565,34153,0.910446222755299,0.9999724385034108,0.7202295552367288
0500000US45085,1000.0,71116,35602,0,0,35602,106718,72565,34153,0.3336082010532431,0.4177496038034865,0.15483266477322635
0500000US45087,25.0,0,0,5568,21748,27316,27316,9611,17705,1.0,1.0,1.0
0500000US45087,100.0,5600,19119,2597,0,21716,27316,9611,17705,0.7949919461121687,0.9979190510872958,0.6848347924315166
0500000US45087,250.0,5609,21707,0,0,21707,27316,9611,17705,0.7946624688827061,0.9979190510872958,0.6843264614515674
0500000US45087,1000.0,27316,0,0,0,0,27316,9611,17705,0.0,0.0,0.0
0500000US45089,25.0,0,0,5224,25144,30368,30368,5628,24740,1.0,1.0,1.0
0500000US45089,100.0,7114,17526,5728,0,23254,30368,5628,24740,0.7657402528977871,0.998045486851457,0.7128940986257074
0500000US45089,250.0,12658,15888,1822,0,17710,30368,5628,24740,0.5831796628029505,0.998045486851457,0.4888035569927243
0500000US45089,1000.0,24147,6221,0,0,6221,30368,5628,24740,0.20485379346680715,0.04211087420042644,0.24187550525464835
0500000US45091,25.0,0,5,9845,271125,280975,280975,209390,71585,1.0,1.0,1.0
0500000US45091,100.0,110167,122396,41238,7174,170808,280975,209390,71585,0.6079117359195658,0.6243660155690338,0.5597820772508207
0500000US45091,250.0,153387,91398,36190,0,127588,280975,209390,71585,0.45409022154996,0.4735804002101342,0.39708039393727734
0500000US45091,1000.0,176273,104702,0,0,104702,280975,209390,71585,0.3726381350653973,0.4168202875017909,0.2434029475448767
0500000US46005,25.0,0,0,0,18453,18453,18453,12416,6037,1.0,1.0,1.0
0500000US46005,100.0,2971,14137,1345,0,15482,18453,12416,6037,0.8389963691540671,0.9945231958762887,0.5191320192148418
0500000US46005,250.0,14992,3339,122,0,3461,18453,12416,6037,0.18755757871348833,0.09044780927835051,0.38727844956104024
0500000US46005,1000.0,17464,989,0,0,989,18453,12416,6037,0.053595621308188374,0.0,0.16382309093920822
0500000US46011,25.0,0,0,32,35045,35077,35077,22874,12203,1.0,1.0,1.0
0500000US46011,100.0,737,4322,17700,12318,34340,35077,22874,12203,0.9789890811642957,0.9996502579347731,0.9402605916577891
0500000US46011,250.0,2985,6644,15960,9488,32092,35077,22874,12203,0.9149015024089859,0.9932237474862289,0.7680898139801688
0500000US46011,1000.0,32966,2111,0,0,2111,35077,22874,12203,0.06018188556604043,0.0,0.17299024829959847
0500000US46013,25.0,0,0,0,38839,38839,38839,26216,12623,1.0,1.0,1.0
0500000US46013,100.0,7778,24223,6838,0,31061,38839,26216,12623,0.7997373773784083,0.9954607873054623,0.3932504159074705
0500000US46013,250.0,30991,7848,0,0,7848,38839,26216,12623,0.20206493473055434,0.20952853219407996,0.18656420819139666
0500000US46013,1000.0,38656,183,0,0,183,38839,26216,12623,0.004711758799145189,0.0,0.014497346114235919
0500000US46019,25.0,0,0,63,10365,10428,10428,5027,5401,1.0,1.0,1.0
0500000US46019,100.0,3957,901,5570,0,6471,10428,5027,5401,0.6205408515535098,0.999403222597971,0.2679133493797445
0500000US46019,250.0,4330,6098,0,0,6098,10428,5027,5401,0.5847717683160721,0.973741794310722,0.22273653027217183
0500000US46019,1000.0,9584,844,0,0,844,10428,5027,5401,0.08093594169543536,0.1678933757708375,0.0
0500000US46027,25.0,0,0,862,13208,14070,14070,10272,3798,1.0,1.0,1.0
0500000US46027,100.0,3052,10933,85,0,11018,14070,10272,3798,0.7830845771144279,0.9867601246105919,0.23222748815165878
0500000US46027,250.0,13498,572,0,0,572,14070,10272,3798,0.04065387348969438,0.0,0.15060558188520273
0500000US46027,1000.0,13958,112,0,0,112,14070,10272,3798,0.007960199004975124,0.0,0.02948920484465508
0500000US46029,25.0,0,1,411,27597,28009,28009,21323,6686,1.0,1.0,1.0
0500000US46029,100.0,2694,2590,22725,0,25315,28009,21323,6686,0.90381663036881,0.9990620456783754,0.6000598265031409
0500000US46029,250.0,4704,23305,0,0,23305,28009,21323,6686,0.8320539826484344,0.9977958073441824,0.3034699371821717
0500000US46029,1000.0,27568,441,0,0,441,28009,21323,6686,0.01574493912670927,0.012146508465037753,0.027221058929105594
0500000US46035,100.0,1630,2434,15711,0,18145,19775,14957,4818,0.9175726927939317,1.0,0.6616853466168535
0500000US46035,250.0,1946,17813,16,0,17829,19775,14957,4818,0.9015929203539823,0.9796750685297854,0.6591946865919469
0500000US46035,1000.0,3443,16332,0,0,16332,19775,14957,4818,0.8258912768647282,0.9796750685297854,0.3484848484848485
0500000US46041,100.0,318,5497,77,0,5574,5892,1978,3914,0.9460285132382892,1.0,0.9187531936637711
0500000US46041,250.0,5788,104,0,0,104,5892,1978,3914,0.017651052274270197,0.0,0.026571282575370465
0500000US46041,1000.0,5788,104,0,0,104,5892,1978,3914,0.017651052274270197,0.0,0.026571282575370465
0500000US46047,25.0,0,0,579,6134,6713,6713,3237,3476,1.0,1.0,1.0
0500000US46047,100.0,1537,5176,0,0,5176,6713,3237,3476,0.7710412632206167,0.7244362063639173,0.8144418872266973
0500000US46047,250.0,6713,0,0,0,0,6713,3237,3476,0.0,0.0,0.0
0500000US46047,1000.0,6713,0,0,0,0,6713,3237,3476,0.0,0.0,0.0
0500000US46051,100.0,1690,2154,3208,0,5362,7052,2998,4054,0.7603516732841747,1.0,0.5831277750370005
0500000US46051,250.0,6963,83,6,0,89,7052,2998,4054,0.012620533182076007,0.0,0.021953626048347313
0500000US46051,1000.0,7008,44,0,0,44,7052,2998,4054,0.006239364719228588,0.0,0.010853478046373951
0500000US46065,25.0,0,0,3,17523,17526,17526,12772,4754,1.0,1.0,1.0
0500000US46065,100.0,834,13322,1673,1697,16692,17526,12772,4754,0.952413557001027,0.9994519260883182,0.8260412284392091
0500000US46065,250.0,12832,1554,2622,518,4694,17526,12772,4754,0.2678306516033322,0.08643908549953022,0.7551535549011359
0500000US46065,1000.0,13062,1324,3140,0,4464,17526,12772,4754,0.2547072920232797,0.0684309426871281,0.7551535549011359
0500000US46079,25.0,0,0,0,12797,12797,12797,6335,6462,1.0,1.0,1.0
0500000US46079,100.0,700,2850,7931,1316,12097,12797,6335,6462,0.9452996796124091,0.9985793212312549,0.8930671618693903
0500000US46079,250.0,1712,9355,1730,0,11085,12797,6335,6462,0.8662186449949207,0.9873717442778216,0.7474466109563602
0500000US46079,1000.0,11974,823,0,0,823,12797,6335,6462,0.06431194811283894,0.046250986582478296,0.08201795109873104
0500000US46081,25.0,0,0,1473,24371,25844,25844,15484,10360,1.0,1.0,1.0
0500000US46081,100.0,4165,2097,19383,199,21679,25844,15484,10360,0.8388407367280607,0.9985145957117024,0.6001930501930502
0500000US46081,250.0,5214,20630,0,0,20630,25844,15484,10360,0.7982510447299179,0.9742314647377939,0.5352316602316602
0500000US46081,1000.0,22209,3635,0,0,3635,25844,15484,10360,0.14065160191920756,0.1799922500645828,0.08185328185328185
0500000US46083,25.0,0,0,2695,58395,61090,61090,36552,24538,1.0,1.0,1.0
0500000US46083,100.0,11286,14987,32869,1948,49804,61090,36552,24538,0.8152561794074317,0.9894123440577807,0.5558317711304915
0500000US46083,250.0,23534,35726,1830,0,37556,61090,36552,24538,0.614765100671141,0.7397132851827534,0.42864129105876597
0500000US46083,1000.0,57612,3478,0,0,3478,61090,36552,24538,0.05693239482730398,0.06845042678923179,0.03977504279077349
0500000US46093,25.0,0,0,11,28321,28332,28332,16510,11822,1.0,1.0,1.0
0500000US46093,100.0,5351,5513,16598,870,22981,28332,16510,11822,0.811132288578286,0.9955178679588128,0.5536288276095416
0500000US46093,250.0,9992,18340,0,0,18340,28332,16510,11822,0.6473245799802344,0.8454875832828589,0.370580274065302
0500000US46093,1000.0,27845,487,0,0,487,28332,16510,11822,0.017189044190314837,0.01308298001211387,0.02292336322111318
0500000US46099,25.0,0,0,2803,190327,193130,193130,160033,33097,1.0,1.0,1.0
0500000US46099,100.0,4076,122049,58942,8063,189054,193130,160033,33097,0.9788950447884844,0.993101422831541,0.9102033416926005
0500000US46099,250.0,116427,71272,5431,0,76703,193130,160033,33097,0.3971573551493812,0.36629945073828524,0.5463637187660513
0500000US46099,1000.0,189079,4051,0,0,4051,193130,160033,33097,0.020975508724693212,0.025138565170933495,0.0008459981267184337
0500000US46102,25.0,0,0,3885,10270,14155,14155,2750,11405,1.0,1.0,1.0
0500000US46102,100.0,8169,5986,0,0,5986,14155,2750,11405,0.4228894383610032,0.5716363636363636,0.38702323542306005
0500000US46102,250.0,14155,0,0,0,0,14155,2750,11405,0.0,0.0,0.0
0500000US46102,1000.0,14155,0,0,0,0,14155,2750,11405,0.0,0.0,0.0
0500000US46103,25.0,0,0,5111,108663,113774,113774,84996,28778,1.0,1.0,1.0
0500000US46103,100.0,13560,17447,73886,8881,100214,113774,84996,28778,0.8808163552305448,0.9946232763894771,0.5446869136145667
0500000US46103,250.0,30260,78229,5285,0,83514,113774,84996,28778,0.7340341378522334,0.8941126641253706,0.26124122593647925
0500000US46103,1000.0,97746,16028,0,0,16028,113774,84996,28778,0.1408757712658428,0.14363028848416395,0.13274028771978594
0500000US46117,25.0,0,0,53,3045,3098,3098,1709,1389,1.0,1.0,1.0
0500000US46117,100.0,316,2782,0,0,2782,3098,1709,1389,0.8979987088444158,0.9988297249853716,0.7739380849532037
0500000US46117,250.0,3098,0,0,0,0,3098,1709,1389,0.0,0.0,0.0
0500000US46117,1000.0,3098,0,0,0,0,3098,1709,1389,0.0,0.0,0.0
0500000US46123,100.0,555,4854,32,0,4886,5441,2672,2769,0.8979966917845984,1.0,0.7995666305525461
0500000US46123,250.0,5436,5,0,0,5,5441,2672,2769,0.0009189487226612755,0.0,0.0018057060310581437
0500000US46123,1000.0,5436,5,0,0,5,5441,2672,2769,0.0009189487226612755,0.0,0.0018057060310581437
0500000US46127,25.0,0,0,996,14930,15926,15926,5782,10144,1.0,1.0,1.0
0500000US46127,100.0,4965,3949,4803,2209,10961,15926,5782,10144,0.688245636066809,0.9851262538913871,0.519026025236593
0500000US46127,250.0,5669,7081,3176,0,10257,15926,5782,10144,0.6440411905060907,0.8950190245589761,0.5009858044164038
0500000US46127,1000.0,13206,2720,0,0,2720,15926,5782,10144,0.17078990330277533,0.3910411622276029,0.04524842271293376
0500000US46129,1000.0,0,5299,136,0,5435,5435,3213,2222,1.0,1.0,1.0
0500000US46135,25.0,0,0,1671,21143,22814,22814,14639,8175,1.0,1.0,1.0
0500000US46135,100.0,3224,3923,15614,53,19590,22814,14639,8175,0.8586832646620496,0.9998633786460824,0.6058715596330275
0500000US46135,250.0,6700,16061,38,15,16114,22814,14639,8175,0.7063206802840362,0.9952865632898422,0.188868501529052
0500000US46135,1000.0,22180,634,0,0,634,22814,14639,8175,0.027789953537301657,0.03975681399002664,0.00636085626911315
0500000US46137,100.0,13,2482,261,0,2743,2756,721,2035,0.9952830188679245,1.0,0.9936117936117936
0500000US46137,250.0,2756,0,0,0,0,2756,721,2035,0.0,0.0,0.0
0500000US46137,1000.0,2756,0,0,0,0,2756,721,2035,0.0,0.0,0.0
0500000US47001,25.0,0,0,2363,74614,76977,76977,49634,27343,1.0,1.0,1.0
0500000US47001,100.0,2712,48814,25451,0,74265,76977,49634,27343,0.9647686971433026,0.9721964782205746,0.9512855209742895
0500000US47001,250.0,4311,70778,1888,0,72666,76977,49634,27343,0.9439962586227055,0.9420759962928638,0.9474819880773873
0500000US47001,1000.0,73854,3123,0,0,3123,76977,49634,27343,0.04057056003741377,0.02784381673852601,0.06367260359141279
0500000US47003,25.0,0,1,1950,47760,49711,49711,21336,28375,1.0,1.0,1.0
0500000US47003,100.0,13997,18674,16379,661,35714,49711,21336,28375,0.718432540081672,0.9970472440944882,0.5089339207048458
0500000US47003,250.0,14080,25633,9771,227,35631,49711,21336,28375,0.7167628895013176,0.9970472440944882,0.5060088105726872
0500000US47003,1000.0,38154,11238,319,0,11557,49711,21336,28375,0.23248375611031763,0.42449381327334085,0.0881057268722467
0500000US47005,25.0,0,0,4532,11628,16160,16160,3411,12749,1.0,1.0,1.0
0500000US47005,100.0,10323,5837,0,0,5837,16160,3411,12749,0.36120049504950497,0.999413661682791,0.19044630951447172
0500000US47005,250.0,10514,5646,0,0,5646,16160,3411,12749,0.34938118811881186,0.999413661682791,0.175464742332732
0500000US47005,1000.0,16160,0,0,0,0,16160,3411,12749,0.0,0.0,0.0
0500000US47009,25.0,0,0,2057,131029,133086,133086,88639,44447,1.0,1.0,1.0
0500000US47009,100.0,4404,50281,66708,11693,128682,133086,88639,44447,0.9669086154817186,0.9983528695043943,0.9042005084707629
0500000US47009,250.0,8822,76688,41365,6211,124264,133086,88639,44447,0.9337120358264581,0.9980256997484177,0.8054536864130313
0500000US47009,1000.0,90486,42598,2,0,42600,133086,88639,44447,0.3200937739506785,0.4284005911619039,0.10410151416293563
0500000US47011,25.0,0,0,2393,105714,108107,108107,72195,35912,1.0,1.0,1.0
0500000US47011,100.0,3900,34339,61796,8072,104207,108107,72195,35912,0.9639246302274598,0.997534455294688,0.8963577634216975
0500000US47011,250.0,4656,43015,54866,5570,103451,108107,72195,35912,0.9569315585484751,0.997534455294688,0.8753063042993985
0500000US47011,1000.0,46668,56272,5167,0,61439,108107,72195,35912,0.5683165752448962,0.6608629406468592,0.3822677656493651
0500000US47013,25.0,0,1,5662,34179,39842,39842,17982,21860,1.0,1.0,1.0
0500000US47013,100.0,6454,19699,13689,0,33388,39842,17982,21860,0.8380101400532102,0.9838727616505394,0.7180237877401647
0500000US47013,250.0,30734,8910,198,0,9108,39842,17982,21860,0.22860298177802318,0.36670003336670004,0.11500457456541628
0500000US47013,1000.0,31881,7961,0,0,7961,39842,17982,21860,0.19981426635209076,0.3623067511956401,0.06614821591948765
0500000US47015,25.0,0,0,47,14629,14676,14676,2683,11993,1.0,1.0,1.0
0500000US47015,100.0,8867,5642,167,0,5809,14676,2683,11993,0.395816298718997,0.40402534476332463,0.39397982156257816
0500000US47015,250.0,8906,5603,167,0,5770,14676,2683,11993,0.3931588988825293,0.40402534476332463,0.39072792462269657
0500000US47015,1000.0,9186,5490,0,0,5490,14676,2683,11993,0.3740801308258381,0.40402534476332463,0.36738097223380306
0500000US47017,25.0,0,0,7986,19781,27767,27767,4343,23424,1.0,1.0,1.0
0500000US47017,100.0,9100,16438,2229,0,18667,27767,4343,23424,0.6722728418626427,0.9995394888326042,0.6115949453551912
0500000US47017,250.0,9441,17325,1001,0,18326,27767,4343,23424,0.6599920769258473,0.9995394888326042,0.5970372267759563
0500000US47017,1000.0,27767,0,0,0,0,27767,4343,23424,0.0,0.0,0.0
0500000US47019,25.0,0,0,1643,54748,56391,56391,33419,22972,1.0,1.0,1.0
0500000US47019,100.0,1864,43819,9872,836,54527,56391,33419,22972,0.9669450798886348,0.997785690774709,0.9220790527598816
0500000US47019,250.0,10669,45468,254,0,45722,56391,33419,22972,0.8108031423454097,0.8762081450671774,0.7156538394567299
0500000US47019,1000.0,55926,465,0,0,465,56391,33419,22972,0.008245996701601319,0.0,0.020242033780254222
0500000US47021,25.0,0,0,2532,38134,40666,40666,6912,33754,1.0,1.0,1.0
0500000US47021,100.0,4091,20652,15671,252,36575,40666,6912,33754,0.8993999901637731,0.9738136574074074,0.8841618771108609
0500000US47021,250.0,7026,31295,2345,0,33640,40666,6912,33754,0.827226675847145,0.8923611111111112,0.8138887242993423
0500000US47021,1000.0,38905,1761,0,0,1761,40666,6912,33754,0.04330398858997688,0.11067708333333333,0.029507613912425193
0500000US47023,250.0,8518,3844,3860,1075,8779,17297,5753,11544,0.5075446609238596,1.0,0.2621275121275121
0500000US47023,1000.0,11866,4356,1075,0,5431,17297,5753,11544,0.3139850841186333,0.7450026073353033,0.09918572418572419
0500000US47025,25.0,0,1,1366,30592,31959,31959,8773,23186,1.0,1.0,1.0
0500000US47025,100.0,1390,11934,18057,578,30569,31959,8773,23186,0.9565067743045778,0.9816482389148524,0.946993875614595
0500000US47025,250.0,9647,21984,328,0,22312,31959,8773,23186,0.6981444976375982,0.7124130856035563,0.6927456223583197
0500000US47025,1000.0,13075,18884,0,0,18884,31959,8773,23186,0.5908820676491755,0.6109654622136099,0.5832830156128699
0500000US47029,25.0,0,2,6846,29156,36004,36004,11577,24427,1.0,1.0,1.0
0500000US47029,100.0,8998,9878,14243,2885,27006,36004,11577,24427,0.7500833240751028,0.9955083354927874,0.633765914766447
0500000US47029,250.0,14787,7965,12823,429,21217,36004,11577,24427,0.5892956338184646,0.994299041202384,0.39734719777295613
0500000US47029,1000.0,15709,19866,429,0,20295,36004,11577,24427,0.5636873680702145,0.9418674958970372,0.384451631391493
0500000US47031,25.0,0,0,3102,53415,56517,56517,29323,27194,1.0,1.0,1.0
0500000US47031,100.0,5133,20271,24157,6956,51384,56517,29323,27194,0.9091777695206752,0.9989428093987655,0.8123850849452084
0500000US47031,250.0,5466,25481,25004,566,51051,56517,29323,27194,0.9032857370348745,0.9989428093987655,0.8001397367066264
0500000US47031,1000.0,25620,30332,565,0,30897,56517,29323,27194,0.5466850682095653,0.6976093851243051,0.3839449878649702
0500000US47033,250.0,4882,7614,1734,0,9348,14230,4375,9855,0.6569219957835559,1.0,0.5046169457128361
0500000US47033,1000.0,14230,0,0,0,0,14230,4375,9855,0.0,0.0,0.0
0500000US47035,25.0,0,0,19615,40904,60519,60519,23103,37416,1.0,1.0,1.0
0500000US47035,100.0,25953,21670,12032,864,34566,60519,23103,37416,0.5711594705794875,0.9769726875297581,0.3205847765661749
0500000US47035,250.0,25953,22129,11573,864,34566,60519,23103,37416,0.5711594705794875,0.9769726875297581,0.3205847765661749
0500000US47035,1000.0,48636,11883,0,0,11883,60519,23103,37416,0.19635155901452436,0.42808293295243044,0.05326598246739363
0500000US47037,25.0,0,0,16991,677153,694144,694144,668768,25376,1.0,1.0,1.0
0500000US47037,100.0,18947,105594,535058,34545,675197,694144,668768,25376,0.972704510879587,0.9728545624192545,0.96875
0500000US47037,250.0,19514,183634,457681,33315,674630,694144,668768,25376,0.971887677484787,0.9720186970668453,0.9684347414880202
0500000US47037,1000.0,199635,461047,33462,0,494509,694144,668768,25376,0.7124011732435921,0.7271370639743528,0.32404634300126106
0500000US47041,25.0,0,0,105,20384,20489,20489,4241,16248,1.0,1.0,1.0
0500000US47041,100.0,4526,15046,917,0,15963,20489,4241,16248,0.7791009810142028,0.9792501768450838,0.7268586903003447
0500000US47041,250.0,4526,15046,917,0,15963,20489,4241,16248,0.7791009810142028,0.9792501768450838,0.7268586903003447
0500000US47041,1000.0,19053,1436,0,0,1436,20489,4241,16248,0.07008638781785348,0.0,0.08838010832102412
0500000US47043,25.0,0,1,11285,42662,53948,53948,17194,36754,1.0,1.0,1.0
0500000US47043,100.0,14023,30780,9145,0,39925,53948,17194,36754,0.7400645065618744,0.9761544724904037,0.6296185449202808
0500000US47043,250.0,15586,37840,522,0,38362,53948,17194,36754,0.7110921628234597,0.9751075956729092,0.5875823039669151
0500000US47043,1000.0,52830,1118,0,0,1118,53948,17194,36754,0.020723659820567956,0.013551238804234035,0.02407901180823856
0500000US47045,25.0,0,0,2889,34270,37159,37159,21074,16085,1.0,1.0,1.0
0500000US47045,100.0,3506,22232,11421,0,33653,37159,21074,16085,0.9056486988347372,0.9892284331403626,0.7961454771526266
0500000US47045,250.0,3520,32008,1631,0,33639,37159,21074,16085,0.9052719395032159,0.9892284331403626,0.7952751010258005
0500000US47045,1000.0,35234,1923,2,0,1925,37159,21074,16085,0.0518044080841788,0.019028186390813325,0.09474665837737022
0500000US47047,25.0,0,0,7599,33533,41132,41132,8359,32773,1.0,1.0,1.0
0500000US47047,100.0,9067,18410,13655,0,32065,41132,8359,32773,0.7795633569969853,0.9943773178609882,0.7247734415524975
0500000US47047,250.0,9285,25385,6462,0,31847,41132,8359,32773,0.7742633472721968,0.9917454240937911,0.7187929087968755
0500000US47047,1000.0,34669,6463,0,0,6463,41132,8359,32773,0.15712826996012838,0.5640626869242732,0.053336588045037076
0500000US47051,25.0,0,0,1045,41160,42205,42205,12631,29574,1.0,1.0,1.0
0500000US47051,100.0,10713,21026,8170,2296,31492,42205,12631,29574,0.7461675156971923,0.9719737154619587,0.6497261107729763
0500000US47051,250.0,11369,25488,4082,1266,30836,42205,12631,29574,0.7306243336097619,0.9709445016229911,0.6279840400351661
0500000US47051,1000.0,36915,5078,212,0,5290,42205,12631,29574,0.12534059945504086,0.10727575013854802,0.13305606275782783
0500000US47053,25.0,0,0,2303,46830,49133,49133,25061,24072,1.0,1.0,1.0
0500000US47053,100.0,12664,28732,7113,624,36469,49133,25061,24072,0.7422506258522785,0.7186864051713818,0.7667829843801928
0500000US47053,250.0,12664,28732,7113,624,36469,49133,25061,24072,0.7422506258522785,0.7186864051713818,0.7667829843801928
0500000US47053,1000.0,33274,13539,1722,598,15859,49133,25061,24072,0.32277695235381515,0.24759586608674833,0.4010468594217348
0500000US47055,100.0,12793,4462,9410,2799,16671,29464,7633,21831,0.5658091229975564,1.0,0.41399844258165
0500000US47055,250.0,15780,12936,748,0,13684,29464,7633,21831,0.4644311702416508,0.9998689899122233,0.2772204663093766
0500000US47055,1000.0,28752,712,0,0,712,29464,7633,21831,0.024165082812924246,0.0,0.03261417250698548
0500000US47059,25.0,0,0,2594,66475,69069,69069,23557,45512,1.0,1.0,1.0
0500000US47059,100.0,2751,65533,785,0,66318,69069,23557,45512,0.9601702645180906,0.979751241669143,0.9500351555633679
0500000US47059,250.0,4550,64519,0,0,64519,69069,23557,45512,0.9341238471673254,0.979751241669143,0.910507119001582
0500000US47059,1000.0,69069,0,0,0,0,69069,23557,45512,0.0,0.0,0.0
0500000US47063,1000.0,4,42710,21970,250,64930,64934,50402,14532,0.9999383989897435,0.9999206380699178,1.0
0500000US47065,25.0,0,7,4786,363006,367799,367799,328942,38857,1.0,1.0,1.0
0500000US47065,100.0,5208,16789,194212,151590,362591,367799,328942,38857,0.9858400920067755,0.9901745596488135,0.9491468718634996
0500000US47065,250.0,5813,18949,296915,46122,361986,367799,328942,38857,0.9841951718193905,0.9895209489818874,0.9391100702576113
0500000US47065,1000.0,17825,306912,43062,0,349974,367799,328942,38857,0.9515360291898565,0.9676690723592609,0.8149625550093934
0500000US47069,25.0,0,0,10918,14132,25050,25050,5094,19956,1.0,1.0,1.0
0500000US47069,100.0,11347,13675,28,0,13703,25050,5094,19956,0.5470259481037925,0.9766391833529643,0.4373621968330327
0500000US47069,250.0,11361,13661,28,0,13689,25050,5094,19956,0.5464670658682634,0.9766391833529643,0.43666065343756266
0500000US47069,1000.0,24553,497,0,0,497,25050,5094,19956,0.019840319361277444,0.0,0.02490479053918621
0500000US47071,25.0,0,0,9254,16398,25652,25652,7882,17770,1.0,1.0,1.0
0500000US47071,100.0,10442,14976,234,0,15210,25652,7882,17770,0.5929362232964291,0.9993656432377569,0.41266178953292065
0500000US47071,250.0,10498,14955,199,0,15154,25652,7882,17770,0.5907531576485264,0.9993656432377569,0.40951041080472705
0500000US47071,1000.0,25652,0,0,0,0,25652,7882,17770,0.0,0.0,0.0
0500000US47073,25.0,0,1,9982,46802,56785,56785,23736,33049,1.0,1.0,1.0
0500000US47073,100.0,9998,25828,17484,3475,46787,56785,23736,33049,0.8239323765078806,0.9969245028648467,0.6996883415534509
0500000US47073,250.0,10648,29831,16306,0,46137,56785,23736,33049,0.81248569164392,0.9969245028648467,0.6800205755090926
0500000US47073,1000.0,47426,9359,0,0,9359,56785,23736,33049,0.16481465175662588,0.18259184361307718,0.1520469605736936
0500000US47075,250.0,6544,8884,1876,0,10760,17304,8475,8829,0.6218215441516413,1.0,0.25880620681843924
0500000US47075,1000.0,15406,1898,0,0,1898,17304,8475,8829,0.10968562182154415,0.20731563421828908,0.015970098538905877
0500000US47077,250.0,11320,16543,253,0,16796,28116,6553,21563,0.5973822734386115,1.0,0.4750266660483235
0500000US47077,1000.0,28083,33,0,0,33,28116,6553,21563,0.0011737089201877935,0.004730657714024111,9.275147242962482e-05
0500000US47079,25.0,0,0,4362,27983,32345,32345,10614,21731,1.0,1.0,1.0
0500000US47079,100.0,4956,22474,4438,477,27389,32345,10614,21731,0.8467769361570567,0.9994347088750707,0.7722148083383186
0500000US47079,250.0,4956,25744,1645,0,27389,32345,10614,21731,0.8467769361570567,0.9994347088750707,0.7722148083383186
0500000US47079,1000.0,25717,6628,0,0,6628,32345,10614,21731,0.20491575204823,0.052477859430940264,0.2793704845612259
0500000US47085,1000.0,7687,10895,0,0,10895,18582,3214,15368,0.5863200947153159,1.0,0.4998047891723061
0500000US47089,25.0,0,1,9697,44797,54495,54495,21413,33082,1.0,1.0,1.0
0500000US47089,100.0,16451,28457,9413,174,38044,54495,21413,33082,0.698119093494816,0.9721197403446504,0.5207665800133002
0500000US47089,250.0,17942,31609,4944,0,36553,54495,21413,33082,0.6707587852096523,0.9721197403446504,0.4756967535215525
0500000US47089,1000.0,49281,5214,0,0,5214,54495,21413,33082,0.0956785026149188,0.14435156213515155,0.06417387098724382
0500000US47091,25.0,0,0,1119,16669,17788,17788,2654,15134,1.0,1.0,1.0
0500000US47091,100.0,1447,12594,3461,286,16341,17788,2654,15134,0.9186530245109062,0.9984928409947249,0.9046517774547377
0500000US47091,250.0,1447,12629,3523,189,16341,17788,2654,15134,0.9186530245109062,0.9984928409947249,0.9046517774547377
0500000US47091,1000.0,13098,4690,0,0,4690,17788,2654,15134,0.2636608949853834,0.346646571213263,0.2491079688119466
0500000US47093,25.0,0,5,8002,462302,470309,470309,416752,53557,1.0,1.0,1.0
0500000US47093,100.0,8930,114894,209826,136659,461379,470309,416752,53557,0.9810124832822676,0.9840096748185971,0.9576899378232537
0500000US47093,250.0,9103,161445,187246,112515,461206,470309,416752,53557,0.9806446400132679,0.9837913195377587,0.9561588587859664
0500000US47093,1000.0,220906,242812,6591,0,249403,470309,416752,53557,0.5302960394123863,0.5598245479325834,0.30052094030658927
0500000US47097,25.0,0,0,4307,21326,25633,25633,10592,15041,1.0,1.0,1.0
0500000US47097,100.0,5190,14419,4457,1567,20443,25633,10592,15041,0.797526625833886,0.9997167673716012,0.6551426101987899
0500000US47097,250.0,5726,15620,4287,0,19907,25633,10592,15041,0.7766160808333008,0.9997167673716012,0.6195066817365866
0500000US47097,1000.0,19741,5892,0,0,5892,25633,10592,15041,0.22985994616314906,0.00037764350453172205,0.3914633335549498
0500000US47099,25.0,0,0,2448,41692,44140,44140,10478,33662,1.0,1.0,1.0
0500000US47099,100.0,17477,21209,5454,0,26663,44140,10478,33662,0.6040552786588129,0.9980912387860279,0.48140336284237417
0500000US47099,250.0,17564,23970,2606,0,26576,44140,10478,33662,0.6020842772995015,0.9980912387860279,0.4788188461766978
0500000US47099,1000.0,39770,4370,0,0,4370,44140,10478,33662,0.09900317172632533,0.0,0.12981997504604598
0500000US47101,250.0,3344,2795,3409,2537,8741,12085,3600,8485,0.7232933388498138,1.0,0.6058927519151444
0500000US47101,1000.0,4177,5345,2234,329,7908,12085,3600,8485,0.6543649151841125,0.9511111111111111,0.5284619917501473
0500000US47103,25.0,0,0,1263,33096,34359,34359,9375,24984,1.0,1.0,1.0
0500000US47103,100.0,9510,19210,4833,806,24849,34359,9375,24984,0.7232166244652056,0.9918933333333333,0.622398334934358
0500000US47103,250.0,9757,22472,2130,0,24602,34359,9375,24984,0.716027823859833,0.9915733333333333,0.6126320845341018
0500000US47103,1000.0,34024,335,0,0,335,34359,9375,24984,0.009749992723886027,0.0,0.01340858149215498
0500000US47105,25.0,0,6,3656,50404,54066,54066,31069,22997,1.0,1.0,1.0
0500000US47105,100.0,4977,30262,17241,1586,49089,54066,31069,22997,0.907945843968483,0.9945926808072355,0.7908857677088316
0500000US47105,250.0,5721,37922,9536,887,48345,54066,31069,22997,0.894184885140384,0.9945926808072355,0.7585337217897987
0500000US47105,1000.0,44517,8662,887,0,9549,54066,31069,22997,0.17661746753967372,0.1887733753902604,0.1601948080184372
0500000US47107,25.0,0,0,10402,43392,53794,53794,21260,32534,1.0,1.0,1.0
0500000US47107,100.0,13309,28680,11805,0,40485,53794,21260,32534,0.7525932260103357,0.9866415804327375,0.5996495973443167
0500000US47107,250.0,44703,8885,206,0,9091,53794,21260,32534,0.16899654236531955,0.3488711194731891,0.05145386365033503
0500000US47107,1000.0,45650,8144,0,0,8144,53794,21260,32534,0.15139234858906198,0.3285983066792098,0.03559353291940739
0500000US47109,25.0,0,0,12592,13102,25694,25694,3724,21970,1.0,1.0,1.0
0500000US47109,100.0,13224,11918,552,0,12470,25694,3724,21970,0.4853273137697517,0.9798603651987111,0.4015020482476104
0500000US47109,250.0,15541,9666,487,0,10153,25694,3724,21970,0.39515061882151475,0.9798603651987111,0.29604005461993627
0500000US47109,1000.0,25281,413,0,0,413,25694,3724,21970,0.016073791546664593,0.001611170784103115,0.018525261720527993
0500000US47111,1000.0,293,24309,0,0,24309,24602,4897,19705,0.9880903991545403,1.0,0.9851306774930221
0500000US47113,25.0,0,0,4173,93811,97984,97984,72173,25811,1.0,1.0,1.0
0500000US47113,100.0,4950,14570,45671,32793,93034,97984,72173,25811,0.949481548007838,0.9985451623183185,0.8122893340048817
0500000US47113,250.0,4950,14570,45671,32793,93034,97984,72173,25811,0.949481548007838,0.9985451623183185,0.8122893340048817
0500000US47113,1000.0,15376,49130,33442,36,82608,97984,72173,25811,0.8430764206401045,0.9545813531376,0.5312851109991864
0500000US47115,1000.0,5731,21732,1444,0,23176,28907,6588,22319,0.8017435223302314,1.0,0.7432232626909808
0500000US47117,25.0,0,0,4234,30139,34373,34373,11142,23231,1.0,1.0,1.0
0500000US47117,100.0,8802,19250,5992,329,25571,34373,11142,23231,0.7439269193844006,0.9990127445700951,0.6215832293056691
0500000US47117,250.0,10261,22604,1508,0,24112,34373,11142,23231,0.7014808134291449,0.9990127445700951,0.5587792174249925
0500000US47117,1000.0,27545,6828,0,0,6828,34373,11142,23231,0.19864428475838594,0.05788906838987615,0.266152985235246
0500000US47119,25.0,0,1,7196,89185,96382,96382,53470,42912,1.0,1.0,1.0
0500000US47119,100.0,8950,30711,32594,24127,87432,96382,53470,42912,0.9071403374073997,0.9964092014213578,0.7959079045488442
0500000US47119,250.0,9236,61355,25018,773,87146,96382,53470,42912,0.9041729783569546,0.9957359266878624,0.7900820283370619
0500000US47119,1000.0,70543,25839,0,0,25839,96382,53470,42912,0.26808947728829036,0.42206844959790535,0.07622576435495898
0500000US47123,25.0,0,1,6142,40402,46545,46545,10985,35560,1.0,1.0,1.0
0500000US47123,100.0,11917,29674,4954,0,34628,46545,10985,35560,0.7439682028144806,0.9895311788802913,0.6681102362204724
0500000US47123,250.0,20733,24702,1110,0,25812,46545,10985,35560,0.5545601031260071,0.9895311788802913,0.4201912260967379
0500000US47123,1000.0,45550,995,0,0,995,46545,10985,35560,0.021377161886346547,0.048429676832043696,0.013020247469066366
0500000US47125,25.0,0,1,16374,192614,208989,208989,161327,47662,1.0,1.0,1.0
0500000US47125,100.0,16648,57877,120085,14379,192341,208989,161327,47662,0.9203403049921288,0.9664780228975931,0.7641727162099786
0500000US47125,250.0,16648,87264,92727,12350,192341,208989,161327,47662,0.9203403049921288,0.9664780228975931,0.7641727162099786
0500000US47125,1000.0,108219,100770,0,0,100770,208989,161327,47662,0.48217848786299755,0.5544453191344288,0.2375687130208552
0500000US47127,250.0,4187,2134,113,54,2301,6488,8,6480,0.3546547472256473,1.0,0.353858024691358
0500000US47127,1000.0,6390,44,54,0,98,6488,8,6480,0.015104808877928484,0.0,0.015123456790123457
0500000US47129,1000.0,0,21071,332,0,21403,21403,27,21376,1.0,1.0,1.0
0500000US47131,25.0,0,0,6535,23534,30069,30069,11131,18938,1.0,1.0,1.0
0500000US47131,100.0,7292,18074,4563,140,22777,30069,11131,18938,0.7574911037946057,0.9900278501482347,0.6208152920054916
0500000US47131,250.0,7434,18451,4181,3,22635,30069,11131,18938,0.752768632146064,0.9900278501482347,0.6133171401415144
0500000US47131,1000.0,24668,5398,3,0,5401,30069,11131,18938,0.17962020685756094,0.2400503099451981,0.14410180589291371
0500000US47133,25.0,0,0,2248,19993,22241,22241,3518,18723,1.0,1.0,1.0
0500000US47133,100.0,3454,13226,5561,0,18787,22241,3518,18723,0.844701227462794,0.995736213757817,0.8163221705923196
0500000US47133,250.0,3486,18383,372,0,18755,22241,3518,18723,0.8432624432354661,0.9874928936895964,0.8161619398600651
0500000US47133,1000.0,3762,18479,0,0,18479,22241,3518,18723,0.8308529292747628,0.9874928936895964,0.8014207124926561
0500000US47141,25.0,0,0,3770,76475,80245,80245,50978,29267,1.0,1.0,1.0
0500000US47141,100.0,4978,54678,19901,688,75267,80245,50978,29267,0.9379649822418842,0.9895052767860646,0.84819079509345
0500000US47141,250.0,5059,57720,17139,327,75186,80245,50978,29267,0.9369555735559848,0.9895052767860646,0.8454231728568011
0500000US47141,1000.0,59834,20411,0,0,20411,80245,50978,29267,0.25435852701102873,0.17570324453685904,0.3913622851675949
0500000US47143,25.0,0,0,3277,29890,33167,33167,10382,22785,1.0,1.0,1.0
0500000US47143,100.0,10589,16350,6181,47,22578,33167,10382,22785,0.6807368770163114,0.9996147177807744,0.5354399824445908
0500000US47143,250.0,11325,17709,4097,36,21842,33167,10382,22785,0.6585461452648718,0.9996147177807744,0.5031380294053105
0500000US47143,1000.0,27852,5279,36,0,5315,33167,10382,22785,0.16024964573220368,0.1672124831439029,0.15707702435813034
0500000US47145,25.0,0,1,3687,49694,53382,53382,25630,27752,1.0,1.0,1.0
0500000US47145,100.0,5244,37373,10230,535,48138,53382,25630,27752,0.9017646397662133,0.9907530238002341,0.8195805707696743
0500000US47145,250.0,7386,44869,1007,120,45996,53382,25630,27752,0.8616387546363943,0.9907140070230199,0.7424329778034016
0500000US47145,1000.0,52605,777,0,0,777,53382,25630,27752,0.014555468135326514,0.0069840031213421775,0.021547996540789854
0500000US47147,25.0,0,0,11768,60031,71799,71799,32808,38991,1.0,1.0,1.0
0500000US47147,100.0,13859,29440,27687,813,57940,71799,32808,38991,0.806975027507347,0.9888137039746403,0.6539714293041984
0500000US47147,250.0,14774,41317,15708,0,57025,71799,32808,38991,0.7942311174250338,0.9885089002682272,0.630760944833423
0500000US47147,1000.0,58855,12944,0,0,12944,71799,32808,38991,0.18028106241033998,0.31891611801999514,0.06363006847734093
0500000US47149,25.0,0,10,11817,320444,332271,332271,267706,64565,1.0,1.0,1.0
0500000US47149,100.0,16161,44224,265356,6530,316110,332271,267706,64565,0.951361990664247,0.9663660881713522,0.889150468520096
0500000US47149,250.0,17273,67266,242435,5297,314998,332271,267706,64565,0.948015324840266,0.9633403808655764,0.8844730116936421
0500000US47149,1000.0,79809,247016,5446,0,252462,332271,267706,64565,0.7598075065232898,0.775537343204859,0.694586850460776
0500000US47151,1000.0,0,22035,33,0,22068,22068,4283,17785,1.0,1.0,1.0
0500000US47153,25.0,0,0,4072,10954,15026,15026,3857,11169,1.0,1.0,1.0
0500000US47153,100.0,4071,8437,1679,839,10955,15026,3857,11169,0.7290696126713696,0.8682914182006741,0.6809920315158027
0500000US47153,250.0,4071,8437,2451,67,10955,15026,3857,11169,0.7290696126713696,0.8682914182006741,0.6809920315158027
0500000US47153,1000.0,4174,10528,324,0,10852,15026,3857,11169,0.7222148276321043,0.8682914182006741,0.6717700778941713
0500000US47155,25.0,0,0,4832,93417,98249,98249,41117,57132,1.0,1.0,1.0
0500000US47155,100.0,9499,45049,39364,4337,88750,98249,41117,57132,0.9033170821077059,0.9917309142203955,0.8396870405377022
0500000US47155,250.0,24211,58759,14748,531,74038,98249,41117,57132,0.7535751000010178,0.9123233698956636,0.6393264720296856
0500000US47155,1000.0,83292,14957,0,0,14957,98249,41117,57132,0.15223564616433755,0.20572999002845538,0.11373660995589162
0500000US47157,25.0,0,1,11111,926053,937165,937165,910714,26451,1.0,1.0,1.0
0500000US47157,100.0,19638,410701,489232,17594,917527,937165,910714,26451,0.9790453121915564,0.9862327799945977,0.7315791463460739
0500000US47157,250.0,45238,677349,206836,7742,891927,937165,910714,26451,0.9517288844547118,0.9671093230146895,0.4221768553173793
0500000US47157,1000.0,722183,207240,7742,0,214982,937165,910714,26451,0.22939610420790363,0.23291615150310635,0.10820006805035727
0500000US47159,1000.0,8147,12009,0,0,12009,20156,3391,16765,0.5958027386386188,1.0,0.5140471219803161
0500000US47163,1000.0,0,157868,476,0,158344,158344,117713,40631,1.0,1.0,1.0
0500000US47165,25.0,0,7,4145,187092,191244,191244,133161,58083,1.0,1.0,1.0
0500000US47165,100.0,6339,52600,131392,913,184905,191244,133161,58083,0.9668538620819477,0.9793182688625048,0.9382779815092196
0500000US47165,250.0,6725,74145,109938,436,184519,191244,133161,58083,0.9648354981071302,0.9790929776736432,0.9321488215140402
0500000US47165,1000.0,65987,124687,570,0,125257,191244,133161,58083,0.6549591098282822,0.7096897740329375,0.5294836699206308
0500000US47167,25.0,0,0,2586,59013,61599,61599,27607,33992,1.0,1.0,1.0
0500000US47167,100.0,6777,43011,11077,734,54822,61599,27607,33992,0.8899819802269517,0.9794255080233274,0.817339373970346
0500000US47167,250.0,36324,24634,641,0,25275,61599,27607,33992,0.41031510251789804,0.45032057086970695,0.37782419392798305
0500000US47167,1000.0,60973,626,0,0,626,61599,27607,33992,0.010162502638029838,0.022675408410910276,0.0
0500000US47171,25.0,0,0,197,17686,17883,17883,9982,7901,1.0,1.0,1.0
0500000US47171,100.0,323,2666,12862,2032,17560,17883,9982,7901,0.9819381535536543,0.9990983770787417,0.960258195165169
0500000US47171,250.0,1403,14961,1519,0,16480,17883,9982,7901,0.9215456019683498,0.9968944099378882,0.8263510947981269
0500000US47171,1000.0,2939,14944,0,0,14944,17883,9982,7901,0.8356539730470279,0.9968944099378882,0.6319453233767878
0500000US47177,25.0,0,1,3904,37371,41276,41276,15659,25617,1.0,1.0,1.0
0500000US47177,100.0,4321,14851,21978,126,36955,41276,15659,25617,0.8953144684562457,0.9971901143112587,0.8330405590037866
0500000US47177,250.0,4321,14851,21978,126,36955,41276,15659,25617,0.8953144684562457,0.9971901143112587,0.8330405590037866
0500000US47177,1000.0,15230,26046,0,0,26046,41276,15659,25617,0.6310204477178021,0.635353470847436,0.6283717843619472
0500000US47179,25.0,0,1,2971,126403,129375,129375,94748,34627,1.0,1.0,1.0
0500000US47179,100.0,3178,76761,38413,11023,126197,129375,94748,34627,0.9754357487922706,0.9911132688816651,0.9325381927397696
0500000US47179,250.0,74355,38286,13513,3221,55020,129375,94748,34627,0.42527536231884056,0.5446552961540085,0.09862246224044821
0500000US47179,1000.0,109020,20337,18,0,20355,129375,94748,34627,0.15733333333333333,0.1970067969772449,0.04877696595142519
0500000US47183,25.0,0,0,9880,23448,33328,33328,9874,23454,1.0,1.0,1.0
0500000US47183,100.0,11167,13966,8195,0,22161,33328,9874,23454,0.6649363898223716,0.964958476807778,0.538628805321054
0500000US47183,250.0,11167,13966,8195,0,22161,33328,9874,23454,0.6649363898223716,0.964958476807778,0.538628805321054
0500000US47183,1000.0,21913,11415,0,0,11415,33328,9874,23454,0.3425048007681229,0.789750860846668,0.15421676473096274
0500000US47185,250.0,1518,11283,14031,513,25827,27345,5940,21405,0.9444871091607241,1.0,0.9290819901892081
0500000US47185,1000.0,5267,22021,57,0,22078,27345,5940,21405,0.8073870908758457,0.6311447811447811,0.8562952581172624
0500000US47187,25.0,0,7,14660,223737,238404,238404,181250,57154,1.0,1.0,1.0
0500000US47187,100.0,20595,62819,146497,8493,217809,238404,181250,57154,0.91361302662707,0.9682151724137931,0.7404556111558246
0500000US47187,250.0,20976,98065,111938,7425,217428,238404,181250,57154,0.9120148990788746,0.9668744827586206,0.7380410819890122
0500000US47187,1000.0,116213,117733,4458,0,122191,238404,181250,57154,0.5125375413164208,0.5678675862068966,0.3370717710046541
0500000US47189,25.0,0,6,4745,139898,144649,144649,83263,61386,1.0,1.0,1.0
0500000US47189,100.0,6999,38548,92756,6346,137650,144649,83263,61386,0.9516139067674163,0.9959405738443247,0.8914899162675529
0500000US47189,250.0,7184,47711,85715,4039,137465,144649,83263,61386,0.9503349487379795,0.9958084623422169,0.8886553937379859
0500000US47189,1000.0,48849,93517,2283,0,95800,144649,83263,61386,0.662292860648881,0.7976892497267694,0.4786433388720555
0500000US48001,25.0,0,0,29039,28696,57735,57735,19102,38633,1.0,1.0,1.0
0500000US48001,100.0,35326,21521,888,0,22409,57735,19102,38633,0.3881354464363038,0.8410637629567584,0.16418605855097973
0500000US48001,250.0,57601,134,0,0,134,57735,19102,38633,0.0023209491642850956,0.0029839807350015707,0.001993114694691067
0500000US48001,1000.0,57735,0,0,0,0,57735,19102,38633,0.0,0.0,0.0
0500000US48003,100.0,2125,2091,8821,5668,16580,18705,12761,5944,0.8863940122961775,1.0,0.6424966352624495
0500000US48003,250.0,4759,12066,1880,0,13946,18705,12761,5944,0.74557604918471,0.9643444871091608,0.2759084791386272
0500000US48003,1000.0,17465,1240,0,0,1240,18705,12761,5944,0.06629243517775996,0.09074523940130085,0.01379542395693136
0500000US48005,25.0,0,0,8294,78421,86715,86715,49054,37661,1.0,1.0,1.0
0500000US48005,100.0,13645,48657,24413,0,73070,86715,49054,37661,0.8426454477310731,0.9261833897337628,0.733836063832612
0500000US48005,250.0,26308,58539,1868,0,60407,86715,49054,37661,0.6966153491322147,0.8832103396257186,0.453572661373835
0500000US48005,1000.0,84602,2113,0,0,2113,86715,49054,37661,0.024367179842011186,0.034961471031924,0.010567961551737871
0500000US48007,25.0,0,0,337,23173,23510,23510,16796,6714,1.0,1.0,1.0
0500000US48007,100.0,337,12475,10409,289,23173,23510,16796,6714,0.9856656741811994,0.9980352464872588,0.9547214775096813
0500000US48007,250.0,337,12475,10409,289,23173,23510,16796,6714,0.9856656741811994,0.9980352464872588,0.9547214775096813
0500000US48007,1000.0,14791,8719,0,0,8719,23510,16796,6714,0.3708634623564441,0.42795903786615863,0.2280309800417039
0500000US48009,250.0,1756,4934,1812,51,6797,8553,827,7726,0.7946919209634047,1.0,0.7727155060833549
0500000US48009,1000.0,4565,3934,54,0,3988,8553,827,7726,0.4662691453291243,0.0,0.5161791353870049
0500000US48013,25.0,0,0,0,51151,51151,51151,19013,32138,1.0,1.0,1.0
0500000US48013,100.0,23362,22079,5710,0,27789,51151,19013,32138,0.5432738362886356,0.9372008625677168,0.31022465617026573
0500000US48013,250.0,37351,12659,1141,0,13800,51151,19013,32138,0.2697894469316338,0.3211486877399674,0.23940506565436556
0500000US48013,1000.0,40652,10499,0,0,10499,51151,19013,32138,0.20525502922719008,0.3211486877399674,0.13669176675586533
0500000US48015,25.0,0,0,3878,26154,30032,30032,9742,20290,1.0,1.0,1.0
0500000US48015,100.0,16064,10617,3351,0,13968,30032,9742,20290,0.46510388918486945,0.9936358037363991,0.2113356333169049
0500000US48015,250.0,16560,13472,0,0,13472,30032,9742,20290,0.4485881726158764,0.9936358037363991,0.18689009364218828
0500000US48015,1000.0,30026,6,0,0,6,30032,9742,20290,0.00019978689397975492,0.0,0.0002957121734844751
0500000US48017,25.0,0,0,1668,5332,7000,7000,4678,2322,1.0,1.0,1.0
0500000US48017,100.0,1668,5332,0,0,5332,7000,4678,2322,0.7617142857142857,0.9715690466011115,0.338931955211025
0500000US48017,250.0,1668,5332,0,0,5332,7000,4678,2322,0.7617142857142857,0.9715690466011115,0.338931955211025
0500000US48017,1000.0,7000,0,0,0,0,7000,4678,2322,0.0,0.0,0.0
0500000US48021,25.0,0,0,5,88712,88717,88717,30360,58357,1.0,1.0,1.0
0500000US48021,100.0,30212,50107,8398,0,58505,88717,30360,58357,0.6594564739565134,0.8689064558629777,0.5504909436742808
0500000US48021,250.0,32621,53016,3080,0,56096,88717,30360,58357,0.632302715375858,0.836133069828722,0.5262607742001817
0500000US48021,1000.0,85290,3427,0,0,3427,88717,30360,58357,0.03862844776085756,0.026548089591567854,0.04491320664187672
0500000US48025,25.0,0,0,437,32128,32565,32565,18217,14348,1.0,1.0,1.0
0500000US48025,100.0,6716,25823,26,0,25849,32565,18217,14348,0.7937663135267926,0.9966514793873854,0.5361722888207415
0500000US48025,250.0,6716,25849,0,0,25849,32565,18217,14348,0.7937663135267926,0.9966514793873854,0.5361722888207415
0500000US48025,1000.0,32565,0,0,0,0,32565,18217,14348,0.0,0.0,0.0
0500000US48027,25.0,0,16,13024,349881,362921,362921,293248,69673,1.0,1.0,1.0
0500000US48027,100.0,24917,188797,115169,34038,338004,362921,293248,69673,0.9313431848804561,0.9958090080750764,0.660011769264995
0500000US48027,250.0,29662,232361,67742,33156,333259,362921,293248,69673,0.918268714127868,0.995740806416412,0.5921949679215766
0500000US48027,1000.0,323842,37796,1283,0,39079,362921,293248,69673,0.10767908167342204,0.12628219118288958,0.029380104201053494
0500000US48029,25.0,0,0,723,2002825,2003548,2003548,1882207,121341,1.0,1.0,1.0
0500000US48029,100.0,46815,275195,1269853,411685,1956733,2003548,1882207,121341,0.9766339513702691,0.9988056574011254,0.6327127681492652
0500000US48029,250.0,48651,571046,1084263,299588,1954897,2003548,1882207,121341,0.9757175770183694,0.9988056574011254,0.6175818560915107
0500000US48029,1000.0,649410,1224786,124168,5184,1354138,2003548,1882207,121341,0.6758700066082769,0.6924068394177686,0.4193553704024196
0500000US48035,25.0,0,0,109,18576,18685,18685,3424,15261,1.0,1.0,1.0
0500000US48035,100.0,15196,3489,0,0,3489,18685,3424,15261,0.18672732138078674,0.0,0.22862197758993513
0500000US48035,250.0,18617,68,0,0,68,18685,3424,15261,0.0036392828472036395,0.0,0.004455802372059498
0500000US48035,1000.0,18617,68,0,0,68,18685,3424,15261,0.0036392828472036395,0.0,0.004455802372059498
0500000US48037,25.0,0,0,7168,86077,93245,93245,60069,33176,1.0,1.0,1.0
0500000US48037,100.0,10149,27646,54912,538,83096,93245,60069,33176,0.8911577028258888,0.9867152774309544,0.718139619001688
0500000US48037,250.0,26384,35018,31780,63,66861,93245,60069,33176,0.7170464904284412,0.8910253208809868,0.40203761755485895
0500000US48037,1000.0,60331,32914,0,0,32914,93245,60069,33176,0.3529840742130945,0.5031214103780652,0.08114299493609839
0500000US48039,25.0,0,34,51339,322888,374261,374261,273484,100777,1.0,1.0,1.0
0500000US48039,100.0,69747,110555,170727,23232,304514,374261,273484,100777,0.8136407480341259,0.9417516198388205,0.46597934052412754
0500000US48039,250.0,79276,179332,100161,15492,294985,374261,273484,100777,0.7881799065358133,0.9315718652645127,0.39904938626869224
0500000US48039,1000.0,257307,110574,6380,0,116954,374261,273484,100777,0.3124931531738546,0.37118076377411474,0.1532294075036963
0500000US48041,25.0,0,2,9295,219914,229211,229211,192278,36933,1.0,1.0,1.0
0500000US48041,100.0,38922,176750,13539,0,190289,229211,192278,36933,0.8301913957009044,0.8949645825315429,0.4929737633011128
0500000US48041,250.0,46223,173534,9454,0,182988,229211,192278,36933,0.7983386486686939,0.8839752857841251,0.35250318143665554
0500000US48041,1000.0,226300,2911,0,0,2911,229211,192278,36933,0.012700088564684941,0.001997108353529785,0.06842119513714023
0500000US48043,25.0,0,0,2085,7118,9203,9203,5762,3441,1.0,1.0,1.0
0500000US48043,100.0,2085,4815,2302,1,7118,9203,5762,3441,0.7734434423557536,0.9725789656369316,0.43998837547224645
0500000US48043,250.0,7726,1477,0,0,1477,9203,5762,3441,0.16049114419211127,0.23169038528288788,0.04126707352513804
0500000US48043,1000.0,9203,0,0,0,0,9203,5762,3441,0.0,0.0,0.0
0500000US48047,1000.0,1035,6058,0,0,6058,7093,4777,2316,0.8540814887917665,1.0,0.5531088082901554
0500000US48049,1000.0,0,37220,644,0,37864,37864,22112,15752,1.0,1.0,1.0
0500000US48051,25.0,0,0,1,18442,18443,18443,4052,14391,1.0,1.0,1.0
0500000US48051,100.0,18114,329,0,0,329,18443,4052,14391,0.017838746407851217,0.028381046396841067,0.014870405114307553
0500000US48051,250.0,18208,235,0,0,235,18443,4052,14391,0.012741961719893726,0.007897334649555774,0.014106038496282398
0500000US48051,1000.0,18443,0,0,0,0,18443,4052,14391,0.0,0.0,0.0
0500000US48053,25.0,0,3,4807,43345,48155,48155,20218,27937,1.0,1.0,1.0
0500000US48053,100.0,17461,18391,12106,197,30694,48155,20218,27937,0.6374000622988267,0.9470768622019983,0.4132870386942048
0500000US48053,250.0,28383,19742,30,0,19772,48155,20218,27937,0.41059080053992314,0.5574240775546543,0.3043275942298744
0500000US48053,1000.0,48150,5,0,0,5,48155,20218,27937,0.00010383137784238397,0.0,0.0001789741203421985
0500000US48055,250.0,13869,29315,473,0,29788,43657,23205,20452,0.6823189866458987,1.0,0.32187561118716995
0500000US48055,1000.0,43517,140,0,0,140,43657,23205,20452,0.0032068167762329064,0.00599008834302952,4.889497359671426e-05
0500000US48057,25.0,0,0,2753,18537,21290,21290,11412,9878,1.0,1.0,1.0
0500000US48057,100.0,3121,17827,342,0,18169,21290,11412,9878,0.8534053546265853,0.9932527164388363,0.6918404535331039
0500000US48057,250.0,3121,18081,88,0,18169,21290,11412,9878,0.8534053546265853,0.9932527164388363,0.6918404535331039
0500000US48057,1000.0,21123,167,0,0,167,21290,11412,9878,0.007844058243306716,0.0012267788293024886,0.015488965377606804
0500000US48059,25.0,0,0,558,13385,13943,13943,3753,10190,1.0,1.0,1.0
0500000US48059,100.0,4004,8995,944,0,9939,13943,3753,10190,0.7128308111597217,0.9317879030109246,0.632188420019627
0500000US48059,250.0,6157,7632,154,0,7786,13943,3753,10190,0.5584164096679337,0.9243272049027444,0.4236506378802748
0500000US48059,1000.0,6157,7632,154,0,7786,13943,3753,10190,0.5584164096679337,0.9243272049027444,0.4236506378802748
0500000US48061,25.0,0,1,4,423158,423163,423163,383561,39602,1.0,1.0,1.0
0500000US48061,100.0,28854,369736,24079,494,394309,423163,383561,39602,0.9318135092151252,0.9831500074303696,0.43459926266350185
0500000US48061,250.0,28854,381176,12639,494,394309,423163,383561,39602,0.9318135092151252,0.9831500074303696,0.43459926266350185
0500000US48061,1000.0,410213,12456,494,0,12950,423163,383561,39602,0.030602864617180613,0.03130662397897596,0.023786677440533307
0500000US48063,25.0,0,1,6744,6349,13094,13094,4889,8205,1.0,1.0,1.0
0500000US48063,100.0,7695,5365,34,0,5399,13094,4889,8205,0.4123262563005957,0.910002045408059,0.1157830591102986
0500000US48063,250.0,7942,5152,0,0,5152,13094,4889,8205,0.3934626546509852,0.8647985273061976,0.11261425959780622
0500000US48063,1000.0,13094,0,0,0,0,13094,4889,8205,0.0,0.0,0.0
0500000US48065,25.0,0,0,27,5899,5926,5926,301,5625,1.0,1.0,1.0
0500000US48065,100.0,697,1663,2290,1276,5229,5926,301,5625,0.8823827202159973,0.43853820598006643,0.9061333333333333
0500000US48065,250.0,2660,3146,120,0,3266,5926,301,5625,0.5511306108673641,0.43853820598006643,0.5571555555555555
0500000US48065,1000.0,5806,120,0,0,120,5926,301,5625,0.020249746878164023,0.0,0.021333333333333333
0500000US48067,25.0,0,0,13418,16608,30026,30026,7525,22501,1.0,1.0,1.0
0500000US48067,100.0,16373,12719,934,0,13653,30026,7525,22501,0.45470592153466993,0.9619933554817276,0.28505399760010663
0500000US48067,250.0,27999,2027,0,0,2027,30026,7525,22501,0.06750815959501766,0.02431893687707641,0.08195191324830008
0500000US48067,1000.0,28264,1762,0,0,1762,30026,7525,22501,0.058682475188170255,0.020598006644518274,0.07141904804230922
0500000US48069,25.0,0,0,1455,6075,7530,7530,3655,3875,1.0,1.0,1.0
0500000US48069,100.0,5331,2083,116,0,2199,7530,3655,3875,0.29203187250996016,0.28700410396716824,0.2967741935483871
0500000US48069,250.0,7399,131,0,0,131,7530,3655,3875,0.017397078353253652,0.0,0.03380645161290322
0500000US48069,1000.0,7530,0,0,0,0,7530,3655,3875,0.0,0.0,0.0
0500000US48071,25.0,0,0,2279,41557,43836,43836,21344,22492,1.0,1.0,1.0
0500000US48071,100.0,9998,22068,10129,1641,33838,43836,21344,22492,0.7719226206770691,0.914167916041979,0.6369375778054419
0500000US48071,250.0,17995,24144,1697,0,25841,43836,21344,22492,0.5894926544392737,0.7776892803598201,0.41090165392139427
0500000US48071,1000.0,39548,4288,0,0,4288,43836,21344,22492,0.09781914408248928,0.10991379310344827,0.0863418104214832
0500000US48073,25.0,0,0,16147,36499,52646,52646,18973,33673,1.0,1.0,1.0
0500000US48073,100.0,29347,23120,179,0,23299,52646,18973,33673,0.44255973863161496,0.8147367311442576,0.23285718528197666
0500000US48073,250.0,37053,15578,15,0,15593,52646,18973,33673,0.29618584507844853,0.6973594054709323,0.07014522020609984
0500000US48073,1000.0,52646,0,0,0,0,52646,18973,33673,0.0,0.0,0.0
0500000US48075,25.0,0,0,498,6808,7306,7306,4721,2585,1.0,1.0,1.0
0500000US48075,100.0,603,6703,0,0,6703,7306,4721,2585,0.9174650971803997,0.9993645414107181,0.7678916827852998
0500000US48075,250.0,623,6683,0,0,6683,7306,4721,2585,0.9147276211333151,0.9993645414107181,0.7601547388781431
0500000US48075,1000.0,623,6683,0,0,6683,7306,4721,2585,0.9147276211333151,0.9993645414107181,0.7601547388781431
0500000US48077,1000.0,4030,6441,0,0,6441,10471,2714,7757,0.6151274949861523,1.0,0.48046925357741394
0500000US48083,25.0,0,0,5373,2802,8175,8175,3827,4348,1.0,1.0,1.0
0500000US48083,100.0,5571,2549,55,0,2604,8175,3827,4348,0.3185321100917431,0.0,0.5988960441582337
0500000US48083,250.0,5571,2604,0,0,2604,8175,3827,4348,0.3185321100917431,0.0,0.5988960441582337
0500000US48083,1000.0,5571,2604,0,0,2604,8175,3827,4348,0.3185321100917431,0.0,0.5988960441582337
0500000US48085,25.0,0,12,7500,1027173,1034685,1034685,942603,92082,1.0,1.0,1.0
0500000US48085,100.0,45093,240539,671803,77250,989592,1034685,942603,92082,0.9564186201597588,0.9882569862391696,0.6305032471058405
0500000US48085,250.0,66569,683068,249267,35781,968116,1034685,942603,92082,0.9356625446391897,0.9824623940301485,0.45659303664125456
0500000US48085,1000.0,780076,237890,16719,0,254609,1034685,942603,92082,0.24607392588082364,0.24395742428148437,0.2677396233791621
0500000US48089,250.0,9644,11849,0,0,11849,21493,7742,13751,0.5512957707160471,1.0,0.2986691876954403
0500000US48089,1000.0,21493,0,0,0,0,21493,7742,13751,0.0,0.0,0.0
0500000US48091,25.0,0,7,1392,154800,156199,156199,74581,81618,1.0,1.0,1.0
0500000US48091,100.0,5087,61811,82022,7279,151112,156199,74581,81618,0.967432569990845,0.9684101848996394,0.966539243794261
0500000US48091,250.0,5101,89060,56736,5302,151098,156199,74581,81618,0.9673429407358561,0.9684101848996394,0.9663677130044843
0500000US48091,1000.0,64785,89673,1741,0,91414,156199,74581,81618,0.5852406225391968,0.3442968048162401,0.80541057119753
0500000US48093,25.0,0,0,1176,12358,13534,13534,3814,9720,1.0,1.0,1.0
0500000US48093,100.0,7043,6443,48,0,6491,13534,3814,9720,0.47960691591547217,0.9785002621919245,0.2838477366255144
0500000US48093,250.0,7052,6434,48,0,6482,13534,3814,9720,0.47894192404315056,0.9785002621919245,0.2829218106995885
0500000US48093,1000.0,7052,6482,0,0,6482,13534,3814,9720,0.47894192404315056,0.9785002621919245,0.2829218106995885
0500000US48097,25.0,0,0,331,40926,41257,41257,16034,25223,1.0,1.0,1.0
0500000US48097,100.0,13490,21604,6163,0,27767,41257,16034,25223,0.6730251836052064,0.9450542596981415,0.5000991158862943
0500000US48097,250.0,14238,21483,5536,0,27019,41257,16034,25223,0.6548949269214921,0.9169888985904951,0.488284502240019
0500000US48097,1000.0,25986,15271,0,0,15271,41257,16034,25223,0.3701432484184502,0.35749033304228517,0.3781865757443603
0500000US48099,25.0,0,0,679,75271,75950,75950,59839,16111,1.0,1.0,1.0
0500000US48099,100.0,21787,39436,14727,0,54163,75950,59839,16111,0.713140223831468,0.7689299620648741,0.5059276270870834
0500000US48099,250.0,28284,45555,2111,0,47666,75950,59839,16111,0.627597103357472,0.7554939086548906,0.15256656942461672
0500000US48099,1000.0,75308,642,0,0,642,75950,59839,16111,0.008452929558920342,0.0,0.03984855067965986
0500000US48103,25.0,0,0,4097,700,4797,4797,3745,1052,1.0,1.0,1.0
0500000US48103,100.0,4711,86,0,0,86,4797,3745,1052,0.017927871586408173,0.014419225634178905,0.030418250950570342
0500000US48103,250.0,4797,0,0,0,0,4797,3745,1052,0.0,0.0,0.0
0500000US48103,1000.0,4797,0,0,0,0,4797,3745,1052,0.0,0.0,0.0
0500000US48105,25.0,0,0,2196,1268,3464,3464,2677,787,1.0,1.0,1.0
0500000US48105,100.0,3397,67,0,0,67,3464,2677,787,0.019341801385681295,0.024654463952185283,0.0012706480304955528
0500000US48105,250.0,3430,34,0,0,34,3464,2677,787,0.009815242494226328,0.01270078446021666,0.0
0500000US48105,1000.0,3464,0,0,0,0,3464,2677,787,0.0,0.0,0.0
0500000US48111,25.0,0,0,300,6986,7286,7286,5177,2109,1.0,1.0,1.0
0500000US48111,100.0,2049,4118,1119,0,5237,7286,5177,2109,0.71877573428493,0.9889897624106625,0.05547652916073969
0500000US48111,250.0,7286,0,0,0,0,7286,5177,2109,0.0,0.0,0.0
0500000US48111,1000.0,7286,0,0,0,0,7286,5177,2109,0.0,0.0,0.0
0500000US48113,25.0,0,0,3685,2631831,2635516,2635516,2609211,26305,1.0,1.0,1.0
0500000US48113,100.0,11965,431309,2138899,53343,2623551,2635516,2609211,26305,0.9954600920654627,0.9980733639402869,0.7362478616232655
0500000US48113,250.0,13531,1333418,1269854,18713,2621985,2635516,2609211,26305,0.9948659010227978,0.997579728124709,0.7256795286067288
0500000US48113,1000.0,1366995,1268030,491,0,1268521,2635516,2609211,26305,0.4813178899312317,0.4837795793441006,0.23714122790344042
0500000US48115,100.0,77,4936,5353,2362,12651,12728,10149,2579,0.9939503456945318,1.0,0.9701434664598682
0500000US48115,250.0,9133,3595,0,0,3595,12728,10149,2579,0.28244814582023886,0.16691299635432064,0.7371074059713068
0500000US48115,1000.0,11573,1155,0,0,1155,12728,10149,2579,0.09074481458202388,0.11203074194501922,0.006979449398991857
0500000US48117,25.0,0,0,1322,17224,18546,18546,15063,3483,1.0,1.0,1.0
0500000US48117,100.0,2674,15871,1,0,15872,18546,15063,3483,0.8558179661382508,0.9986058554072894,0.23830031581969566
0500000US48117,250.0,18545,1,0,0,1,18546,15063,3483,5.391998274560552e-05,6.638783774812455e-05,0.0
0500000US48117,1000.0,18545,1,0,0,1,18546,15063,3483,5.391998274560552e-05,6.638783774812455e-05,0.0
0500000US48121,25.0,0,13,3000,884179,887192,887192,769501,117691,1.0,1.0,1.0
0500000US48121,100.0,64731,197022,543286,82153,822461,887192,769501,117691,0.9270383411933381,0.989235881434852,0.5203711413786951
0500000US48121,250.0,103912,629668,134582,19030,783280,887192,769501,117691,0.882875409156079,0.9683158306486931,0.32423889677205564
0500000US48121,1000.0,774721,106787,3773,1911,112471,887192,769501,117691,0.1267718825237378,0.12424805165945203,0.14327348735247386
0500000US48123,250.0,9266,10861,33,0,10894,20160,9587,10573,0.5403769841269841,1.0,0.12361675967085974
0500000US48123,1000.0,20160,0,0,0,0,20160,9587,10573,0.0,0.0,0.0
0500000US48127,250.0,2338,7786,0,0,7786,10124,5444,4680,0.7690636112208613,1.0,0.5004273504273504
0500000US48127,1000.0,10124,0,0,0,0,10124,5444,4680,0.0,0.0,0.0
0500000US48131,250.0,5447,5710,0,0,5710,11157,3420,7737,0.5117863224881241,1.0,0.29598035414243246
0500000US48131,1000.0,10646,511,0,0,511,11157,3420,7737,0.04580084252039079,0.0,0.06604627116453406
0500000US48133,25.0,0,0,3,18357,18360,18360,7123,11237,1.0,1.0,1.0
0500000US48133,100.0,16171,2189,0,0,2189,18360,7123,11237,0.11922657952069717,0.0,0.19480288333185014
0500000US48133,250.0,17609,751,0,0,751,18360,7123,11237,0.0409041394335512,0.0,0.06683278455103675
0500000US48133,1000.0,17609,751,0,0,751,18360,7123,11237,0.0409041394335512,0.0,0.06683278455103675
0500000US48135,25.0,0,0,8289,157933,166222,166222,139846,26376,1.0,1.0,1.0
0500000US48135,100.0,22429,41424,49961,52408,143793,166222,139846,26376,0.8650659960775349,0.9686297784706034,0.3159690627843494
0500000US48135,250.0,45911,21079,63837,35395,120311,166222,139846,26376,0.7237970906378217,0.835933812908485,0.12924628450106157
0500000US48135,1000.0,122073,42665,1484,0,44149,166222,139846,26376,0.26560262781099975,0.3073094689873146,0.04447224749772521
0500000US48139,25.0,0,0,734,184092,184826,184826,115560,69266,1.0,1.0,1.0
0500000US48139,100.0,52099,71311,50971,10445,132727,184826,115560,69266,0.7181186629586747,0.8867255105572862,0.4368232610515982
0500000US48139,250.0,65097,90316,27087,2326,119729,184826,115560,69266,0.6477930594180472,0.8490048459674628,0.31210117517974184
0500000US48139,1000.0,152295,32531,0,0,32531,184826,115560,69266,0.17600878664257194,0.22374524056767048,0.09636762625241821
0500000US48141,25.0,0,0,16958,822280,839238,839238,804409,34829,1.0,1.0,1.0
0500000US48141,100.0,19122,279115,455950,85051,820116,839238,804409,34829,0.9772150450766052,0.9941397970435437,0.5863217433747739
0500000US48141,250.0,21143,468612,346715,2768,818095,839238,804409,34829,0.9748069081714603,0.9921482728313582,0.5742915386603118
0500000US48141,1000.0,490560,348075,603,0,348678,839238,804409,34829,0.4154697475567122,0.42139011373567425,0.27873323954176116
0500000US48143,25.0,0,0,0,42698,42698,42698,20823,21875,1.0,1.0,1.0
0500000US48143,100.0,16426,24747,1255,270,26272,42698,20823,21875,0.6152981404281231,0.873457234788455,0.3695542857142857
0500000US48143,250.0,38223,4205,270,0,4475,42698,20823,21875,0.10480584570705888,0.06267108485808962,0.14491428571428572
0500000US48143,1000.0,38729,3699,270,0,3969,42698,20823,21875,0.09295517354442831,0.04908034385054987,0.13472
0500000US48145,25.0,0,0,1031,16266,17297,17297,5425,11872,1.0,1.0,1.0
0500000US48145,100.0,13785,3457,55,0,3512,17297,5425,11872,0.20304098976701163,0.0,0.29582210242587603
0500000US48145,250.0,17086,211,0,0,211,17297,5425,11872,0.012198647164248136,0.0,0.01777291105121294
0500000US48145,1000.0,17297,0,0,0,0,17297,5425,11872,0.0,0.0,0.0
0500000US48147,25.0,0,0,4149,31363,35512,35512,9878,25634,1.0,1.0,1.0
0500000US48147,100.0,13418,17655,4401,38,22094,35512,9878,25634,0.6221558909664339,0.9976715934399676,0.47745182179917295
0500000US48147,250.0,21009,14503,0,0,14503,35512,9878,25634,0.40839716152286554,0.9976715934399676,0.1813216821409066
0500000US48147,1000.0,35512,0,0,0,0,35512,9878,25634,0.0,0.0,0.0
0500000US48149,25.0,0,0,1967,23379,25346,25346,8120,17226,1.0,1.0,1.0
0500000US48149,100.0,10996,11156,3165,29,14350,25346,8120,17226,0.5661642862779137,0.9598522167487685,0.38058748403575987
0500000US48149,250.0,14822,10487,37,0,10524,25346,8120,17226,0.41521344590862463,0.9593596059113301,0.15871357250667595
0500000US48149,1000.0,25298,48,0,0,48,25346,8120,17226,0.0018937899471316974,0.0045566502463054185,0.0006385696040868455
0500000US48153,25.0,0,0,1269,4443,5712,5712,2590,3122,1.0,1.0,1.0
0500000US48153,100.0,3397,2315,0,0,2315,5712,2590,3122,0.4052871148459384,0.8536679536679537,0.033311979500320305
0500000US48153,250.0,3745,1967,0,0,1967,5712,2590,3122,0.3443627450980392,0.7223938223938224,0.03074951953875721
0500000US48153,1000.0,5712,0,0,0,0,5712,2590,3122,0.0,0.0,0.0
0500000US48157,25.0,0,163,41827,769680,811670,811670,713807,97863,1.0,1.0,1.0
0500000US48157,100.0,53653,171910,312941,273166,758017,811670,713807,97863,0.9338980127391674,0.9563089182370025,0.7704341783922423
0500000US48157,250.0,90663,337245,247991,135771,721007,811670,713807,97863,0.8883006640629812,0.9462866012801779,0.4653546284091025
0500000US48157,1000.0,422258,256548,117851,15013,389412,811670,713807,97863,0.47976640753015387,0.4974664019826087,0.350663682903651
0500000US48159,25.0,0,0,2592,8133,10725,10725,3262,7463,1.0,1.0,1.0
0500000US48159,100.0,4720,5854,151,0,6005,10725,3262,7463,0.5599067599067599,0.9595340282035562,0.38523382017955243
0500000US48159,250.0,5073,5591,61,0,5652,10725,3262,7463,0.526993006993007,0.9389944819129369,0.34691142971995176
0500000US48159,1000.0,9167,1558,0,0,1558,10725,3262,7463,0.14526806526806527,0.0,0.20876323194425833
0500000US48161,25.0,0,0,3760,15957,19717,19717,6565,13152,1.0,1.0,1.0
0500000US48161,100.0,8506,8340,2871,0,11211,19717,6565,13152,0.5685956281381549,0.7884234577303885,0.4588655717761557
0500000US48161,250.0,17883,1834,0,0,1834,19717,6565,13152,0.09301617893188618,0.12505712109672507,0.07702250608272507
0500000US48161,1000.0,18027,1690,0,0,1690,19717,6565,13152,0.08571283663843383,0.12505712109672507,0.06607360097323602
0500000US48163,250.0,4290,11476,4358,181,16015,20305,13675,6630,0.7887219896577198,1.0,0.35294117647058826
0500000US48163,1000.0,15428,4877,0,0,4877,20305,13675,6630,0.240187146023147,0.2923583180987203,0.132579185520362
0500000US48165,100.0,495,8709,11435,852,20996,21491,6785,14706,0.9769671025080267,1.0,0.9663402692778458
0500000US48165,250.0,20576,915,0,0,915,21491,6785,14706,0.04257596203061747,0.0,0.062219502243982046
0500000US48165,1000.0,21491,0,0,0,0,21491,6785,14706,0.0,0.0,0.0
0500000US48167,25.0,0,13,20805,321321,342139,342139,313053,29086,1.0,1.0,1.0
0500000US48167,100.0,21161,180517,131102,9359,320978,342139,313053,29086,0.9381508685066595,0.9603613445646584,0.6990992229938802
0500000US48167,250.0,22066,248584,71462,27,320073,342139,313053,29086,0.9355057447411724,0.958463902278528,0.6884067936464279
0500000US48167,1000.0,269496,72616,27,0,72643,342139,313053,29086,0.2123201388909186,0.2223776804566639,0.10407068692841917
0500000US48169,250.0,997,1254,3978,0,5232,6229,4595,1634,0.8399422058115267,1.0,0.3898408812729498
0500000US48169,1000.0,6229,0,0,0,0,6229,4595,1634,0.0,0.0,0.0
0500000US48171,250.0,10123,15748,1117,0,16865,26988,11424,15564,0.624907366236846,1.0,0.3495887946543305
0500000US48171,1000.0,23784,3204,0,0,3204,26988,11424,15564,0.11871943085815918,0.07624299719887956,0.14989719866358261
0500000US48177,250.0,12025,982,7830,0,8812,20837,6968,13869,0.422901569323799,1.0,0.1329583964236787
0500000US48177,1000.0,12780,8057,0,0,8057,20837,6968,13869,0.3866679464414263,0.9827784156142365,0.08717283149470041
0500000US48179,100.0,1550,2379,17957,0,20336,21886,17678,4208,0.9291784702549575,1.0,0.6316539923954373
0500000US48179,250.0,3932,17954,0,0,17954,21886,17678,4208,0.8203417709951567,0.9906097974884037,0.10503802281368821
0500000US48179,1000.0,21886,0,0,0,0,21886,17678,4208,0.0,0.0,0.0
0500000US48181,25.0,0,0,180,136025,136205,136205,73550,62655,1.0,1.0,1.0
0500000US48181,100.0,6990,27290,95235,6690,129215,136205,73550,62655,0.9486802980800999,0.9983820530251529,0.8903359668023302
0500000US48181,250.0,29955,104158,2092,0,106250,136205,73550,62655,0.7800741529312434,0.9763970088375254,0.5496129598595483
0500000US48181,1000.0,133708,2497,0,0,2497,136205,73550,62655,0.018332660328181784,0.00031271244051665536,0.03948607453515282
0500000US48183,25.0,0,0,8758,115187,123945,123945,106648,17297,1.0,1.0,1.0
0500000US48183,100.0,11214,105892,6839,0,112731,123945,106648,17297,0.9095243858162895,0.9541576025804516,0.634329652540903
0500000US48183,250.0,106216,16609,1120,0,17729,123945,106648,17297,0.14303925128081005,0.14473782912009603,0.13256634098398568
0500000US48183,1000.0,123821,124,0,0,124,123945,106648,17297,0.0010004437452095687,0.0006188583002025355,0.003353182632826502
0500000US48185,25.0,0,1,5745,23134,28880,28880,8512,20368,1.0,1.0,1.0
0500000US48185,100.0,18654,9879,205,142,10226,28880,8512,20368,0.3540858725761773,0.6383928571428571,0.23527101335428122
0500000US48185,250.0,26242,2496,142,0,2638,28880,8512,20368,0.09134349030470915,0.007401315789473684,0.1264238020424195
0500000US48185,1000.0,26642,2096,142,0,2238,28880,8512,20368,0.07749307479224377,0.0,0.10987824037706206
0500000US48187,250.0,30195,109244,26220,1187,136651,166846,113745,53101,0.8190247293911751,1.0,0.43136664092954935
0500000US48187,1000.0,141300,25546,0,0,25546,166846,113745,53101,0.15311125229253322,0.1901094553606752,0.07385924935500274
0500000US48189,25.0,0,0,1854,31552,33406,33406,24942,8464,1.0,1.0,1.0
0500000US48189,100.0,7586,24766,1054,0,25820,33406,24942,8464,0.7729150452014608,0.8931521129019325,0.4185964083175803
0500000US48189,250.0,11716,21585,105,0,21690,33406,24942,8464,0.6492845596599414,0.8230695212893914,0.13716918714555765
0500000US48189,1000.0,33279,127,0,0,127,33406,24942,8464,0.003801712267257379,0.0037286504690882847,0.004017013232514178
0500000US48193,25.0,0,0,524,7937,8461,8461,2806,5655,1.0,1.0,1.0
0500000US48193,100.0,3492,4969,0,0,4969,8461,2806,5655,0.5872828270889966,0.9825374198146828,0.39115826702033596
0500000US48193,250.0,4070,4391,0,0,4391,8461,2806,5655,0.5189693889611157,0.9825374198146828,0.28894783377542
0500000US48193,1000.0,4070,4391,0,0,4391,8461,2806,5655,0.5189693889611157,0.9825374198146828,0.28894783377542
0500000US48195,25.0,0,0,424,4975,5399,5399,3118,2281,1.0,1.0,1.0
0500000US48195,100.0,4911,488,0,0,488,5399,3118,2281,0.09038710872383775,0.1565105837075048,0.0
0500000US48195,250.0,5399,0,0,0,0,5399,3118,2281,0.0,0.0,0.0
0500000US48195,1000.0,5399,0,0,0,0,5399,3118,2281,0.0,0.0,0.0
0500000US48199,25.0,0,1,10585,47016,57602,57602,27000,30602,1.0,1.0,1.0
0500000US48199,100.0,12312,44975,315,0,45290,57602,27000,30602,0.7862574216173049,0.973925925925926,0.6206783870335272
0500000US48199,250.0,12312,44975,315,0,45290,57602,27000,30602,0.7862574216173049,0.973925925925926,0.6206783870335272
0500000US48199,1000.0,57602,0,0,0,0,57602,27000,30602,0.0,0.0,0.0
0500000US48201,25.0,0,60,250580,4462683,4713323,4713323,4631492,81831,1.0,1.0,1.0
0500000US48201,100.0,286349,1025181,2929360,472433,4426974,4713323,4631492,81831,0.9392468965101691,0.9405457247901972,0.8657354792193668
0500000US48201,250.0,338410,1897383,2120416,357114,4374913,4713323,4631492,81831,0.9282013984613403,0.9306502094789325,0.7896029622025883
0500000US48201,1000.0,2278645,2181961,249050,3667,2434678,4713323,4631492,81831,0.5165523347328413,0.5173278934736366,0.4726570615048087
0500000US48203,25.0,0,0,11835,54718,66553,66553,29065,37488,1.0,1.0,1.0
0500000US48203,100.0,17228,45429,3896,0,49325,66553,29065,37488,0.741138641383559,0.9951832100464476,0.5441741357234315
0500000US48203,250.0,60042,6511,0,0,6511,66553,29065,37488,0.09783180322449776,0.03000172028212627,0.15042146820315835
0500000US48203,1000.0,65658,895,0,0,895,66553,29065,37488,0.013447928718464983,0.02497849647342164,0.004508109261630388
0500000US48205,25.0,0,0,593,4983,5576,5576,2303,3273,1.0,1.0,1.0
0500000US48205,100.0,2841,2657,78,0,2735,5576,2303,3273,0.49049497847919654,0.9926183239253148,0.13718301252673387
0500000US48205,250.0,5576,0,0,0,0,5576,2303,3273,0.0,0.0,0.0
0500000US48205,1000.0,5576,0,0,0,0,5576,2303,3273,0.0,0.0,0.0
0500000US48207,1000.0,1852,3806,0,0,3806,5658,2649,3009,0.6726758571933545,1.0,0.38451312728481224
0500000US48209,25.0,0,0,6508,223675,230183,230183,141701,88482,1.0,1.0,1.0
0500000US48209,100.0,12620,135525,77309,4729,217563,230183,141701,88482,0.9451740571632136,0.999894143301741,0.8575416468886328
0500000US48209,250.0,12620,143534,71841,2188,217563,230183,141701,88482,0.9451740571632136,0.999894143301741,0.8575416468886328
0500000US48209,1000.0,198031,31034,701,417,32152,230183,141701,88482,0.13968016751888715,0.16310400067748287,0.10216767252096472
0500000US48211,25.0,0,0,3461,358,3819,3819,2473,1346,1.0,1.0,1.0
0500000US48211,100.0,3461,358,0,0,358,3819,2473,1346,0.09374181722964127,0.0,0.2659732540861813
0500000US48211,250.0,3819,0,0,0,0,3819,2473,1346,0.0,0.0,0.0
0500000US48211,1000.0,3819,0,0,0,0,3819,2473,1346,0.0,0.0,0.0
0500000US48213,25.0,0,2,27874,54861,82737,82737,32251,50486,1.0,1.0,1.0
0500000US48213,100.0,37900,43012,1825,0,44837,82737,32251,50486,0.5419219937875437,0.8586710489597221,0.33957928930792697
0500000US48213,250.0,64045,18516,176,0,18692,82737,32251,50486,0.22592068844652333,0.388794145917956,0.12187537139008835
0500000US48213,1000.0,82737,0,0,0,0,82737,32251,50486,0.0,0.0,0.0
0500000US48215,25.0,0,0,1833,866874,868707,868707,810682,58025,1.0,1.0,1.0
0500000US48215,100.0,66672,712449,84492,5094,802035,868707,810682,58025,0.9232514530215596,0.951950333176264,0.5222921154674709
0500000US48215,250.0,66672,761531,38291,2213,802035,868707,810682,58025,0.9232514530215596,0.951950333176264,0.5222921154674709
0500000US48215,1000.0,826256,40382,2069,0,42451,868707,810682,58025,0.04886687916639327,0.04571336232949541,0.09292546316242999
0500000US48217,25.0,0,0,18,36631,36649,36649,8231,28418,1.0,1.0,1.0
0500000US48217,100.0,26575,9191,883,0,10074,36649,8231,28418,0.27487789571338916,0.0,0.35449363079738194
0500000US48217,250.0,36365,284,0,0,284,36649,8231,28418,0.0077491882452454365,0.0,0.009993665986346682
0500000US48217,1000.0,36649,0,0,0,0,36649,8231,28418,0.0,0.0,0.0
0500000US48219,100.0,1500,12847,8529,145,21521,23021,13258,9763,0.9348421006906737,1.0,0.8463587012188877
0500000US48219,250.0,20850,2171,0,0,2171,23021,13258,9763,0.09430519960036489,0.1529642480012068,0.014647137150466045
0500000US48219,1000.0,22031,990,0,0,990,23021,13258,9763,0.04300421354415534,0.07467189621360688,0.0
0500000US48221,25.0,0,0,0,61643,61643,61643,38412,23231,1.0,1.0,1.0
0500000US48221,100.0,1617,12588,27108,20330,60026,61643,38412,23231,0.9737683110815503,0.9995574299698011,0.9311265119882915
0500000US48221,250.0,13504,40409,7391,339,48139,61643,38412,23231,0.7809321415245851,0.9760491513068833,0.4583100167879127
0500000US48221,1000.0,55481,6162,0,0,6162,61643,38412,23231,0.09996268838310919,0.13165156721857751,0.04756575265808618
0500000US48223,25.0,0,1,8148,28932,37081,37081,14582,22499,1.0,1.0,1.0
0500000US48223,100.0,17904,18705,472,0,19177,37081,14582,22499,0.517165124996629,0.9673570154985599,0.22538779501311168
0500000US48223,250.0,19156,17905,20,0,17925,37081,14582,22499,0.48340120277230925,0.9360170072692361,0.19005289123961064
0500000US48223,1000.0,36631,450,0,0,450,37081,14582,22499,0.012135595048677221,0.0,0.02000088892839682
0500000US48225,25.0,0,0,7134,15834,22968,22968,5580,17388,1.0,1.0,1.0
0500000US48225,100.0,11362,7669,3937,0,11606,22968,5580,17388,0.5053117380703588,0.9483870967741935,0.36312399355877617
0500000US48225,250.0,19313,3655,0,0,3655,22968,5580,17388,0.15913444792755138,0.5163082437275985,0.044513457556935816
0500000US48225,1000.0,19313,3655,0,0,3655,22968,5580,17388,0.15913444792755138,0.5163082437275985,0.044513457556935816
0500000US48227,25.0,0,0,5492,31172,36664,36664,27723,8941,1.0,1.0,1.0
0500000US48227,100.0,6442,28503,1719,0,30222,36664,27723,8941,0.824296312459088,0.8850773725787252,0.6358349177944301
0500000US48227,250.0,7312,27832,1520,0,29352,36664,27723,8941,0.8005673139864717,0.8616672077336508,0.6111173246840398
0500000US48227,1000.0,36664,0,0,0,0,36664,27723,8941,0.0,0.0,0.0
0500000US48231,25.0,0,0,3226,95364,98590,98590,39763,58827,1.0,1.0,1.0
0500000US48231,100.0,54130,16604,27183,673,44460,98590,39763,58827,0.45095851506237955,0.8216432361743329,0.20040117633059648
0500000US48231,250.0,59597,37938,890,165,38993,98590,39763,58827,0.3955066436758292,0.8194301234816287,0.10896357114930219
0500000US48231,1000.0,97350,1056,184,0,1240,98590,39763,58827,0.012577340501065017,0.0,0.02107875635337515
0500000US48233,25.0,0,0,142,20796,20938,20938,16227,4711,1.0,1.0,1.0
0500000US48233,100.0,2341,17620,977,0,18597,20938,16227,4711,0.8881937147769605,0.9684476489800949,0.6117597113139461
0500000US48233,250.0,2413,18489,36,0,18525,20938,16227,4711,0.8847549909255898,0.9680162691809946,0.5979622160900021
0500000US48233,1000.0,20938,0,0,0,0,20938,16227,4711,0.0,0.0,0.0
0500000US48237,100.0,360,7811,764,0,8575,8935,4051,4884,0.9597090095131505,1.0,0.9262899262899262
0500000US48237,250.0,8004,931,0,0,931,8935,4051,4884,0.10419697817571348,0.0,0.19062244062244063
0500000US48237,1000.0,8004,931,0,0,931,8935,4051,4884,0.10419697817571348,0.0,0.19062244062244063
0500000US48239,25.0,0,0,3787,10973,14760,14760,5410,9350,1.0,1.0,1.0
0500000US48239,100.0,5052,7238,2470,0,9708,14760,5410,9350,0.6577235772357723,0.9861367837338263,0.4677005347593583
0500000US48239,250.0,5052,7238,2470,0,9708,14760,5410,9350,0.6577235772357723,0.9861367837338263,0.4677005347593583
0500000US48239,1000.0,14448,312,0,0,312,14760,5410,9350,0.02113821138211382,0.0,0.03336898395721925
0500000US48241,25.0,0,0,22954,12575,35529,35529,7607,27922,1.0,1.0,1.0
0500000US48241,100.0,23000,12441,88,0,12529,35529,7607,27922,0.3526415041233922,0.9894833705797292,0.17914189527970775
0500000US48241,250.0,23000,12441,88,0,12529,35529,7607,27922,0.3526415041233922,0.9894833705797292,0.17914189527970775
0500000US48241,1000.0,35491,38,0,0,38,35529,7607,27922,0.0010695488192743955,0.004995398974628631,0.0
0500000US48245,25.0,0,2,12655,238908,251565,251565,229167,22398,1.0,1.0,1.0
0500000US48245,100.0,12892,122045,115566,1062,238673,251565,229167,22398,0.9487528074255163,0.9804945738260744,0.6239842843110992
0500000US48245,250.0,14463,120584,115456,1062,237102,251565,229167,22398,0.9425079005426032,0.9804945738260744,0.5538440932226092
0500000US48245,1000.0,136913,114645,7,0,114652,251565,229167,22398,0.4557549738636138,0.4892458338242417,0.1130904545048665
0500000US48247,25.0,0,0,124,5076,5200,5200,4055,1145,1.0,1.0,1.0
0500000US48247,100.0,5134,66,0,0,66,5200,4055,1145,0.012692307692307692,0.0,0.05764192139737991
0500000US48247,250.0,5134,66,0,0,66,5200,4055,1145,0.012692307692307692,0.0,0.05764192139737991
0500000US48247,1000.0,5151,49,0,0,49,5200,4055,1145,0.009423076923076923,0.0,0.04279475982532751
0500000US48249,250.0,8561,24610,7311,0,31921,40482,23713,16769,0.7885232943036411,1.0,0.4894746257976027
0500000US48249,1000.0,32160,8322,0,0,8322,40482,23713,16769,0.2055728471913443,0.21351157592881542,0.1943467111932733
0500000US48251,100.0,1190,42819,54312,77493,174624,175814,103990,71824,0.9932314832720943,1.0,0.9834317219870795
0500000US48251,250.0,68073,52395,53155,2191,107741,175814,103990,71824,0.6128124040178825,0.741311664583133,0.42676542659835154
0500000US48251,1000.0,87152,75590,13072,0,88662,175814,103990,71824,0.5042943110332511,0.5740071160688528,0.40336099353976385
0500000US48253,25.0,0,0,7430,12653,20083,20083,3047,17036,1.0,1.0,1.0
0500000US48253,100.0,11308,8729,46,0,8775,20083,3047,17036,0.4369367126425335,0.0,0.5150857008687485
0500000US48253,250.0,11322,8715,46,0,8761,20083,3047,17036,0.4362396056366081,0.0,0.5142639117163653
0500000US48253,1000.0,11322,8715,46,0,8761,20083,3047,17036,0.4362396056366081,0.0,0.5142639117163653
0500000US48255,25.0,0,0,0,15601,15601,15601,9132,6469,1.0,1.0,1.0
0500000US48255,100.0,15558,43,0,0,43,15601,9132,6469,0.002756233574770848,0.0,0.006647086102952543
0500000US48255,250.0,15601,0,0,0,0,15601,9132,6469,0.0,0.0,0.0
0500000US48255,1000.0,15601,0,0,0,0,15601,9132,6469,0.0,0.0,0.0
0500000US48257,25.0,0,6,11124,125013,136143,136143,59130,77013,1.0,1.0,1.0
0500000US48257,100.0,65169,38106,24477,8391,70974,136143,59130,77013,0.5213194949428175,0.8417047184170472,0.2753301390674302
0500000US48257,250.0,76158,36304,18400,5281,59985,136143,59130,77013,0.44060289548489456,0.7917469981396922,0.17099710438497395
0500000US48257,1000.0,100323,30206,5614,0,35820,136143,59130,77013,0.2631057050307397,0.50432944359885,0.07789593964655318
0500000US48259,25.0,0,0,3187,44243,47430,47430,16284,31146,1.0,1.0,1.0
0500000US48259,100.0,7426,19629,16802,3573,40004,47430,16284,31146,0.8434324267341345,0.9979734708916728,0.762634046105439
0500000US48259,250.0,7559,21164,17162,1545,39871,47430,16284,31146,0.8406282943284841,0.9966838614591009,0.7590380787260002
0500000US48259,1000.0,8130,33552,5748,0,39300,47430,16284,31146,0.8285895003162556,0.9776467698354213,0.7506581904578437
0500000US48265,25.0,0,0,1641,50764,52405,52405,29707,22698,1.0,1.0,1.0
0500000US48265,100.0,7656,25815,14136,4798,44749,52405,29707,22698,0.8539070699360748,0.9674487494529909,0.7053044321085559
0500000US48265,250.0,10218,30637,9876,1674,42187,52405,29707,22698,0.8050186050949337,0.9546571515131114,0.6091726143272534
0500000US48265,1000.0,31452,18756,2197,0,20953,52405,29707,22698,0.39982826066215055,0.360184468307133,0.4517138073839105
0500000US48267,25.0,0,0,879,3458,4337,4337,2382,1955,1.0,1.0,1.0
0500000US48267,100.0,1942,2372,23,0,2395,4337,2382,1955,0.5522250403504727,0.9609571788413098,0.05421994884910486
0500000US48267,250.0,1942,2372,23,0,2395,4337,2382,1955,0.5522250403504727,0.9609571788413098,0.05421994884910486
0500000US48267,1000.0,1942,2395,0,0,2395,4337,2382,1955,0.5522250403504727,0.9609571788413098,0.05421994884910486
0500000US48271,25.0,0,0,3586,81,3667,3667,2721,946,1.0,1.0,1.0
0500000US48271,100.0,3665,2,0,0,2,3667,2721,946,0.000545404963185165,0.0,0.0021141649048625794
0500000US48271,250.0,3665,2,0,0,2,3667,2721,946,0.000545404963185165,0.0,0.0021141649048625794
0500000US48271,1000.0,3667,0,0,0,0,3667,2721,946,0.0,0.0,0.0
0500000US48273,25.0,0,0,854,29826,30680,30680,24499,6181,1.0,1.0,1.0
0500000US48273,100.0,5361,24397,922,0,25319,30680,24499,6181,0.8252607561929596,0.9896730478795053,0.17359650541983498
0500000US48273,250.0,5440,24318,922,0,25240,30680,24499,6181,0.8226857887874837,0.9896730478795053,0.16081540203850508
0500000US48273,1000.0,30680,0,0,0,0,30680,24499,6181,0.0,0.0,0.0
0500000US48277,25.0,0,0,53,49675,49728,49728,26053,23675,1.0,1.0,1.0
0500000US48277,100.0,17797,20590,11215,126,31931,49728,26053,23675,0.6421130952380952,0.9356312132959735,0.3191129883843717
0500000US48277,250.0,37875,11351,502,0,11853,49728,26053,23675,0.23835666023166024,0.44774114305454266,0.007940865892291447
0500000US48277,1000.0,38193,11535,0,0,11535,49728,26053,23675,0.2319618725868726,0.4386443019997697,0.0045195353748680046
0500000US48279,25.0,0,0,1110,11783,12893,12893,5082,7811,1.0,1.0,1.0
0500000US48279,100.0,4282,8398,213,0,8611,12893,5082,7811,0.6678817963235865,0.58913813459268,0.7191140699014211
0500000US48279,250.0,6936,5957,0,0,5957,12893,5082,7811,0.4620336616768789,0.17926013380558836,0.6460120343105876
0500000US48279,1000.0,12236,657,0,0,657,12893,5082,7811,0.05095788412316761,0.1292798110979929,0.0
0500000US48281,25.0,0,0,1575,19853,21428,21428,6609,14819,1.0,1.0,1.0
0500000US48281,100.0,14983,4737,1708,0,6445,21428,6609,14819,0.30077468732499535,0.041004690573460435,0.4166273027869627
0500000US48281,250.0,16827,3858,743,0,4601,21428,6609,14819,0.21471905917491133,0.041004690573460435,0.29219245563128415
0500000US48281,1000.0,20886,542,0,0,542,21428,6609,14819,0.025294007840209073,0.0,0.03657466765638707
0500000US48283,250.0,2615,4860,45,0,4905,7520,3678,3842,0.6522606382978723,1.0,0.31936491410723583
0500000US48283,1000.0,7227,293,0,0,293,7520,3678,3842,0.038962765957446806,0.0,0.07626236335242062
0500000US48285,25.0,0,0,1763,18391,20154,20154,3621,16533,1.0,1.0,1.0
0500000US48285,100.0,12547,7561,46,0,7607,20154,3621,16533,0.3774436836360028,0.9977906655619995,0.2415774511582895
0500000US48285,250.0,12659,7449,46,0,7495,20154,3621,16533,0.3718864741490523,0.9977906655619995,0.23480312103066595
0500000US48285,1000.0,20154,0,0,0,0,20154,3621,16533,0.0,0.0,0.0
0500000US48287,25.0,0,0,0,17144,17144,17144,5062,12082,1.0,1.0,1.0
0500000US48287,100.0,10825,5855,464,0,6319,17144,5062,12082,0.3685837610825945,0.9043856183326748,0.14409865916239034
0500000US48287,250.0,10930,6165,49,0,6214,17144,5062,12082,0.3624591693887074,0.9043856183326748,0.135408045025658
0500000US48287,1000.0,17116,28,0,0,28,17144,5062,12082,0.0016332244517032197,0.0,0.002317497103128621
0500000US48291,25.0,0,2,26299,61917,88218,88218,30296,57922,1.0,1.0,1.0
0500000US48291,100.0,39737,37006,9153,2322,48481,88218,30296,57922,0.549559046906527,0.7584499603908107,0.4402990228237975
0500000US48291,250.0,47361,32285,8572,0,40857,88218,30296,57922,0.46313677480786236,0.7312516503828889,0.3228997617485584
0500000US48291,1000.0,77251,10967,0,0,10967,88218,30296,57922,0.12431703280509647,0.1433852653815685,0.1143434273678395
0500000US48293,25.0,0,0,2525,20912,23437,23437,10443,12994,1.0,1.0,1.0
0500000US48293,100.0,9361,13789,287,0,14076,23437,10443,12994,0.6005888125613347,0.8945705257110026,0.3643219947668154
0500000US48293,250.0,23142,295,0,0,295,23437,10443,12994,0.012586935187950676,0.0,0.02270278590118516
0500000US48293,1000.0,23142,295,0,0,295,23437,10443,12994,0.012586935187950676,0.0,0.02270278590118516
0500000US48299,25.0,0,0,1778,20017,21795,21795,11077,10718,1.0,1.0,1.0
0500000US48299,100.0,10489,10944,362,0,11306,21795,11077,10718,0.518742830924524,0.7360296109054798,0.29417801828699386
0500000US48299,250.0,21500,295,0,0,295,21795,11077,10718,0.013535214498738242,0.0,0.027523791752192574
0500000US48299,1000.0,21712,83,0,0,83,21795,11077,10718,0.003808212892865336,0.0,0.007743982086210114
0500000US48303,25.0,0,0,2502,308067,310569,310569,268679,41890,1.0,1.0,1.0
0500000US48303,100.0,10094,46346,77956,176173,300475,310569,268679,41890,0.9674983659025852,0.9895228134688606,0.8262353783719265
0500000US48303,250.0,59295,132971,115939,2364,251274,310569,268679,41890,0.8090762439264705,0.8966982905251247,0.24707567438529482
0500000US48303,1000.0,186733,123819,17,0,123836,310569,268679,41890,0.3987390885761296,0.4501282199204255,0.0691334447362139
0500000US48305,100.0,28,1865,3754,304,5923,5951,2493,3458,0.9952949084187531,1.0,0.9919028340080972
0500000US48305,250.0,2248,3703,0,0,3703,5951,2493,3458,0.6222483616198958,0.5026073004412355,0.708502024291498
0500000US48305,1000.0,5951,0,0,0,0,5951,2493,3458,0.0,0.0,0.0
0500000US48307,25.0,0,0,0,7984,7984,7984,5064,2920,1.0,1.0,1.0
0500000US48307,100.0,7574,410,0,0,410,7984,5064,2920,0.051352705410821646,0.008886255924170616,0.125
0500000US48307,250.0,7619,365,0,0,365,7984,5064,2920,0.04571643286573146,0.0,0.125
0500000US48307,1000.0,7632,352,0,0,352,7984,5064,2920,0.04408817635270541,0.0,0.12054794520547946
0500000US48309,25.0,0,0,12,256609,256621,256621,193236,63385,1.0,1.0,1.0
0500000US48309,100.0,28386,26392,100477,101366,228235,256621,193236,63385,0.8893855140460056,0.9796621747500466,0.6141673897609845
0500000US48309,250.0,35162,37910,99075,84474,221459,256621,193236,63385,0.8629808160672743,0.9796414746734563,0.5073282322316005
0500000US48309,1000.0,163554,86521,6546,0,93067,256621,193236,63385,0.36266322709365173,0.47258274855616966,0.027561725960400726
0500000US48313,25.0,0,1,7804,6479,14284,14284,4537,9747,1.0,1.0,1.0
0500000US48313,100.0,8663,5621,0,0,5621,14284,4537,9747,0.393517222066648,0.7983248842847697,0.20508874525495024
0500000US48313,250.0,14274,10,0,0,10,14284,4537,9747,0.0007000840100812098,0.002204099625303064,0.0
0500000US48313,1000.0,14284,0,0,0,0,14284,4537,9747,0.0,0.0,0.0
0500000US48321,25.0,0,2,7357,29284,36643,36643,21845,14798,1.0,1.0,1.0
0500000US48321,100.0,8147,15818,12548,130,28496,36643,21845,14798,0.7776655841497694,0.9801785305561913,0.47871333964049195
0500000US48321,250.0,8409,16531,11573,130,28234,36643,21845,14798,0.7705155145593974,0.9801785305561913,0.4610082443573456
0500000US48321,1000.0,24973,11540,130,0,11670,36643,21845,14798,0.3184782905329804,0.49956511787594415,0.051155561562373296
0500000US48323,25.0,0,0,3808,54914,58722,58722,50394,8328,1.0,1.0,1.0
0500000US48323,100.0,4150,51406,3166,0,54572,58722,50394,8328,0.929328020162801,0.9999007818391078,0.502281460134486
0500000US48323,250.0,4150,51406,3166,0,54572,58722,50394,8328,0.929328020162801,0.9999007818391078,0.502281460134486
0500000US48323,1000.0,55556,3166,0,0,3166,58722,50394,8328,0.05391505738905351,0.051077509227288966,0.07108549471661864
0500000US48325,25.0,0,0,121,51463,51584,51584,18438,33146,1.0,1.0,1.0
0500000US48325,100.0,23875,27641,68,0,27709,51584,18438,33146,0.5371626861042184,0.8050222366851069,0.38816146744705243
0500000US48325,250.0,46338,5178,68,0,5246,51584,18438,33146,0.10169820099255583,0.0,0.1582694744463887
0500000US48325,1000.0,50128,1456,0,0,1456,51584,18438,33146,0.028225806451612902,0.0,0.04392686900380136
0500000US48329,25.0,0,0,1582,175250,176832,176832,148088,28744,1.0,1.0,1.0
0500000US48329,100.0,15535,34523,59088,67686,161297,176832,148088,28744,0.9121482537097358,0.9592809680730376,0.669322293348177
0500000US48329,250.0,16396,46910,81356,32170,160436,176832,148088,28744,0.9072792254795512,0.9536896980173951,0.668174227664904
0500000US48329,1000.0,132265,42666,1901,0,44567,176832,148088,28744,0.25203017553384005,0.2552468802333748,0.23545783467854162
0500000US48331,25.0,0,0,0,24823,24823,24823,10438,14385,1.0,1.0,1.0
0500000US48331,100.0,20105,4718,0,0,4718,24823,10438,14385,0.19006566490754542,0.2858785207894233,0.1205422314911366
0500000US48331,250.0,23389,1434,0,0,1434,24823,10438,14385,0.05776900455222979,0.0,0.09968717413972888
0500000US48331,1000.0,24821,2,0,0,2,24823,10438,14385,8.057043870603875e-05,0.0,0.00013903371567605143
0500000US48335,25.0,0,1,697,7847,8545,8545,4917,3628,1.0,1.0,1.0
0500000US48335,100.0,8092,453,0,0,453,8545,4917,3628,0.053013458162668226,0.0,0.12486218302094818
0500000US48335,250.0,8545,0,0,0,0,8545,4917,3628,0.0,0.0,0.0
0500000US48335,1000.0,8545,0,0,0,0,8545,4917,3628,0.0,0.0,0.0
0500000US48337,25.0,0,0,232,19364,19596,19596,7821,11775,1.0,1.0,1.0
0500000US48337,100.0,11524,8054,18,0,8072,19596,7821,11775,0.41192080016329863,0.7665260196905767,0.17639065817409766
0500000US48337,250.0,13210,6386,0,0,6386,19596,7821,11775,0.3258828332312717,0.6701189106252398,0.09723991507430998
0500000US48337,1000.0,13306,6290,0,0,6290,19596,7821,11775,0.3209838742600531,0.6701189106252398,0.08908704883227177
0500000US48339,25.0,0,19,36795,570572,607386,607386,449801,157585,1.0,1.0,1.0
0500000US48339,100.0,55584,223340,224047,104415,551802,607386,449801,157585,0.9084865308057808,0.9481370650576588,0.7953104673668179
0500000US48339,250.0,110508,284686,137683,74509,496878,607386,449801,157585,0.8180596852742736,0.8727392780362871,0.6619855950756734
0500000US48339,1000.0,419295,157656,30435,0,188091,607386,449801,157585,0.3096729262775237,0.2895435981689681,0.3671288510962338
0500000US48341,25.0,0,0,159,20781,20940,20940,16849,4091,1.0,1.0,1.0
0500000US48341,100.0,2656,13524,4760,0,18284,20940,16849,4091,0.8731614135625597,0.9176212238115021,0.6900513321926179
0500000US48341,250.0,4155,15353,1432,0,16785,20940,16849,4091,0.8015759312320917,0.8576176627693038,0.5707650941090198
0500000US48341,1000.0,18630,2310,0,0,2310,20940,16849,4091,0.11031518624641834,0.12065997982076088,0.06770960645318994
0500000US48343,25.0,0,0,3797,8591,12388,12388,2767,9621,1.0,1.0,1.0
0500000US48343,100.0,5590,5121,1620,57,6798,12388,2767,9621,0.5487568614788505,0.8713408023129744,0.45598170668329696
0500000US48343,250.0,12227,161,0,0,161,12388,2767,9621,0.012996448175653859,0.016624503071919046,0.011953019436648997
0500000US48343,1000.0,12388,0,0,0,0,12388,2767,9621,0.0,0.0,0.0
0500000US48347,25.0,0,0,22443,42761,65204,65204,34104,31100,1.0,1.0,1.0
0500000US48347,100.0,24158,40882,164,0,41046,65204,34104,31100,0.6295012575915588,0.8676108374384236,0.36839228295819937
0500000US48347,250.0,27691,37349,164,0,37513,65204,34104,31100,0.5753174651861849,0.853477597935726,0.2702893890675241
0500000US48347,1000.0,65182,22,0,0,22,65204,34104,31100,0.00033740261333660513,0.0006450856204550786,0.0
0500000US48349,25.0,0,0,957,49156,50113,50113,23011,27102,1.0,1.0,1.0
0500000US48349,100.0,21076,28875,162,0,29037,50113,23011,27102,0.5794304870991559,0.9886141410629699,0.23201239760903256
0500000US48349,250.0,49717,396,0,0,396,50113,23011,27102,0.007902141160976194,0.005258354699926122,0.010146852630802155
0500000US48349,1000.0,50113,0,0,0,0,50113,23011,27102,0.0,0.0,0.0
0500000US48353,25.0,0,0,3677,11037,14714,14714,9813,4901,1.0,1.0,1.0
0500000US48353,100.0,4075,10598,41,0,10639,14714,9813,4901,0.7230528748131032,0.9278508101498013,0.3129973474801061
0500000US48353,250.0,5153,9520,41,0,9561,14714,9813,4901,0.6497893162974039,0.8464282074798737,0.2560701897571924
0500000US48353,1000.0,14169,542,3,0,545,14714,9813,4901,0.03703955416610031,0.0,0.11120179555192818
0500000US48355,25.0,0,0,1958,360336,362294,362294,334222,28072,1.0,1.0,1.0
0500000US48355,100.0,12024,48303,90863,211104,350270,362294,334222,28072,0.9668114845953839,0.9976632298292751,0.5994941578797378
0500000US48355,250.0,12046,50862,138954,160432,350248,362294,334222,28072,0.9667507604321353,0.9976632298292751,0.5987104588201767
0500000US48355,1000.0,160883,196688,4723,0,201411,362294,334222,28072,0.5559324747304675,0.5892819742566319,0.15887717298375606
0500000US48357,25.0,0,0,1152,8684,9836,9836,8105,1731,1.0,1.0,1.0
0500000US48357,100.0,1612,6905,1319,0,8224,9836,8105,1731,0.8361122407482716,0.9919802590993214,0.10629693818601964
0500000US48357,250.0,9836,0,0,0,0,9836,8105,1731,0.0,0.0,0.0
0500000US48357,1000.0,9836,0,0,0,0,9836,8105,1731,0.0,0.0,0.0
0500000US48361,25.0,0,1,8531,74864,83396,83396,54231,29165,1.0,1.0,1.0
0500000US48361,100.0,8532,65487,9377,0,74864,83396,54231,29165,0.8976929349129454,0.9938596005974443,0.7188753643065318
0500000US48361,250.0,8532,65487,9377,0,74864,83396,54231,29165,0.8976929349129454,0.9938596005974443,0.7188753643065318
0500000US48361,1000.0,74302,9094,0,0,9094,83396,54231,29165,0.10904599740994772,0.15339934723682028,0.026572947025544316
0500000US48363,100.0,2372,10213,16604,0,26817,29189,14031,15158,0.9187365103292336,1.0,0.8435149755904473
0500000US48363,250.0,13412,15777,0,0,15777,29189,14031,15158,0.540511836650793,0.8853966217660894,0.22126929674099485
0500000US48363,1000.0,29189,0,0,0,0,29189,14031,15158,0.0,0.0,0.0
0500000US48365,25.0,0,0,9187,14007,23194,23194,6045,17149,1.0,1.0,1.0
0500000US48365,100.0,11585,10477,1132,0,11609,23194,6045,17149,0.500517375183237,0.9983457402812241,0.32503352965187476
0500000US48365,250.0,21761,1339,94,0,1433,23194,6045,17149,0.06178321979822368,0.0,0.08356172371566856
0500000US48365,1000.0,23100,94,0,0,94,23194,6045,17149,0.004052772268690178,0.0,0.00548136917604525
0500000US48367,100.0,0,52616,63323,26939,142878,142878,59690,83188,1.0,1.0,1.0
0500000US48367,250.0,73866,58799,9476,737,69012,142878,59690,83188,0.48301348003191535,0.7179259507455185,0.31445641198249746
0500000US48367,1000.0,125550,17328,0,0,17328,142878,59690,83188,0.12127829336916811,0.1024459708493885,0.13479107563590903
0500000US48369,25.0,0,0,3201,6404,9605,9605,3587,6018,1.0,1.0,1.0
0500000US48369,100.0,6466,1997,1142,0,3139,9605,3587,6018,0.32680895366996354,0.23668804014496794,0.3805250913924892
0500000US48369,250.0,8369,1191,45,0,1236,9605,3587,6018,0.1286829776158251,0.0,0.2053838484546361
0500000US48369,1000.0,9548,57,0,0,57,9605,3587,6018,0.005934409161894846,0.0,0.009471585244267198
0500000US48371,25.0,0,0,3308,12515,15823,15823,9211,6612,1.0,1.0,1.0
0500000US48371,100.0,3657,8627,3461,78,12166,15823,9211,6612,0.7688807432218921,0.9426772337422646,0.5267695099818511
0500000US48371,250.0,14398,1425,0,0,1425,15823,9211,6612,0.09005877520065728,0.13538160894582565,0.02692075015124017
0500000US48371,1000.0,15823,0,0,0,0,15823,9211,6612,0.0,0.0,0.0
0500000US48373,25.0,0,1,11480,39872,51353,51353,11022,40331,1.0,1.0,1.0
0500000US48373,100.0,31585,19262,506,0,19768,51353,11022,40331,0.38494343076353865,0.5656868082017783,0.33554833750712854
0500000US48373,250.0,44879,6474,0,0,6474,51353,11022,40331,0.12606858411387845,0.3413173652694611,0.06724355954476706
0500000US48373,1000.0,45173,6180,0,0,6180,51353,11022,40331,0.12034350476116293,0.3413173652694611,0.05995388162951576
0500000US48375,25.0,0,0,599,116816,117415,117415,106249,11166,1.0,1.0,1.0
0500000US48375,100.0,11505,73182,32078,650,105910,117415,106249,11166,0.9020142230549759,0.9386723639751904,0.5531972058033315
0500000US48375,250.0,14824,70513,31749,329,102591,117415,106249,11166,0.8737469658902185,0.918493350525652,0.4479670428085259
0500000US48375,1000.0,84592,32636,187,0,32823,117415,106249,11166,0.27954690627262274,0.3051416954512513,0.03600214938205266
0500000US48377,25.0,0,0,4623,2081,6704,6704,3755,2949,1.0,1.0,1.0
0500000US48377,100.0,4623,2081,0,0,2081,6704,3755,2949,0.31041169451073986,0.22929427430093208,0.4136995591726009
0500000US48377,250.0,5806,898,0,0,898,6704,3755,2949,0.13394988066825775,0.0,0.30451000339098
0500000US48377,1000.0,6704,0,0,0,0,6704,3755,2949,0.0,0.0,0.0
0500000US48379,25.0,0,0,334,12179,12513,12513,808,11705,1.0,1.0,1.0
0500000US48379,100.0,12142,371,0,0,371,12513,808,11705,0.02964916486853672,0.0,0.031695856471593335
0500000US48379,250.0,12505,8,0,0,8,12513,808,11705,0.000639335091504835,0.0,0.0006834686031610423
0500000US48379,1000.0,12513,0,0,0,0,12513,808,11705,0.0,0.0,0.0
0500000US48381,25.0,0,3,2550,135156,137709,137709,112704,25005,1.0,1.0,1.0
0500000US48381,100.0,9084,69273,56184,3168,128625,137709,112704,25005,0.9340348125394854,0.9736832765474163,0.7553289342131574
0500000US48381,250.0,16555,67733,50920,2501,121154,137709,112704,25005,0.87978273025002,0.9691404031800114,0.4770245950809838
0500000US48381,1000.0,83085,52279,2345,0,54624,137709,112704,25005,0.396662527503649,0.4764782084043157,0.0369126174765047
0500000US48383,25.0,0,0,652,3197,3849,3849,2873,976,1.0,1.0,1.0
0500000US48383,100.0,3793,56,0,0,56,3849,2873,976,0.014549233567160301,0.0,0.05737704918032787
0500000US48383,250.0,3793,56,0,0,56,3849,2873,976,0.014549233567160301,0.0,0.05737704918032787
0500000US48383,1000.0,3849,0,0,0,0,3849,2873,976,0.0,0.0,0.0
0500000US48387,25.0,0,0,1553,10470,12023,12023,2773,9250,1.0,1.0,1.0
0500000US48387,100.0,6727,4396,900,0,5296,12023,2773,9250,0.44048906262995924,0.6242336819329246,0.3854054054054054
0500000US48387,250.0,12023,0,0,0,0,12023,2773,9250,0.0,0.0,0.0
0500000US48387,1000.0,12023,0,0,0,0,12023,2773,9250,0.0,0.0,0.0
0500000US48389,100.0,1202,4890,6539,3345,14774,15976,12149,3827,0.9247621432148222,1.0,0.6859158609877188
0500000US48389,250.0,15452,524,0,0,524,15976,12149,3827,0.032799198798197295,0.04033253765742036,0.008884243532793311
0500000US48389,1000.0,15452,524,0,0,524,15976,12149,3827,0.032799198798197295,0.04033253765742036,0.008884243532793311
0500000US48391,250.0,1935,5013,0,0,5013,6948,2770,4178,0.7215025906735751,1.0,0.5368597415031116
0500000US48391,1000.0,6948,0,0,0,0,6948,2770,4178,0.0,0.0,0.0
0500000US48395,25.0,0,0,1383,15691,17074,17074,4056,13018,1.0,1.0,1.0
0500000US48395,100.0,14025,2302,747,0,3049,17074,4056,13018,0.17857561204170083,0.11341222879684418,0.1988784759563681
0500000US48395,250.0,16784,290,0,0,290,17074,4056,13018,0.016984889305376595,0.04215976331360947,0.00914118912275311
0500000US48395,1000.0,16913,161,0,0,161,17074,4056,13018,0.009429541993674594,0.039694280078895465,0.0
0500000US48397,25.0,0,0,512,104370,104882,104882,81796,23086,1.0,1.0,1.0
0500000US48397,100.0,5011,31163,56765,11943,99871,104882,81796,23086,0.9522224976640415,0.9807447796958286,0.8511652083513818
0500000US48397,250.0,5757,65089,26102,7934,99125,104882,81796,23086,0.9451097423771476,0.9751454838867426,0.8386901152213463
0500000US48397,1000.0,69984,25074,9824,0,34898,104882,81796,23086,0.33273583646383553,0.25033008949092866,0.6247076150047648
0500000US48399,25.0,0,0,659,9605,10264,10264,5901,4363,1.0,1.0,1.0
0500000US48399,100.0,3382,6866,16,0,6882,10264,5901,4363,0.6704988308651598,0.9933909506863243,0.2337840935136374
0500000US48399,250.0,9690,574,0,0,574,10264,5901,4363,0.05592361652377241,0.0,0.13156085262434106
0500000US48399,1000.0,9690,574,0,0,574,10264,5901,4363,0.05592361652377241,0.0,0.13156085262434106
0500000US48401,25.0,0,0,12846,41560,54406,54406,18026,36380,1.0,1.0,1.0
0500000US48401,100.0,25078,27936,1392,0,29328,54406,18026,36380,0.5390581921111642,0.9698768445578608,0.3255909840571743
0500000US48401,250.0,36906,17377,123,0,17500,54406,18026,36380,0.3216556997389994,0.7882503051148342,0.09046179219351291
0500000US48401,1000.0,54406,0,0,0,0,54406,18026,36380,0.0,0.0,0.0
0500000US48409,25.0,0,0,422,66308,66730,66730,52612,14118,1.0,1.0,1.0
0500000US48409,100.0,7090,52945,6201,494,59640,66730,52612,14118,0.8937509366102203,0.994392914164069,0.5186995325116872
0500000US48409,250.0,7090,52945,6201,494,59640,66730,52612,14118,0.8937509366102203,0.994392914164069,0.5186995325116872
0500000US48409,1000.0,66730,0,0,0,0,66730,52612,14118,0.0,0.0,0.0
0500000US48411,1000.0,1536,4519,0,0,4519,6055,2801,3254,0.7463253509496284,1.0,0.5279655808236017
0500000US48415,25.0,0,0,4834,11869,16703,16703,11162,5541,1.0,1.0,1.0
0500000US48415,100.0,5131,11488,84,0,11572,16703,11162,5541,0.692809674908699,0.9061996058054113,0.2629489261866089
0500000US48415,250.0,6274,10345,84,0,10429,16703,11162,5541,0.6243788540980663,0.823418742160903,0.22342537448114058
0500000US48415,1000.0,16703,0,0,0,0,16703,11162,5541,0.0,0.0,0.0
0500000US48419,25.0,0,0,18660,6614,25274,25274,4954,20320,1.0,1.0,1.0
0500000US48419,100.0,23045,2229,0,0,2229,25274,4954,20320,0.08819340033235737,0.013928138877674606,0.1062992125984252
0500000US48419,250.0,25205,69,0,0,69,25274,4954,20320,0.002730078341378492,0.013928138877674606,0.0
0500000US48419,1000.0,25274,0,0,0,0,25274,4954,20320,0.0,0.0,0.0
0500000US48423,25.0,0,5,29360,203380,232745,232745,156158,76587,1.0,1.0,1.0
0500000US48423,100.0,42784,187901,2060,0,189961,232745,156158,76587,0.816176502180498,0.9544179612956109,0.5343073889824644
0500000US48423,250.0,72978,158885,882,0,159767,232745,156158,76587,0.6864465402049453,0.8535521715185902,0.345724470210349
0500000US48423,1000.0,232669,76,0,0,76,232745,156158,76587,0.0003265376270166921,0.0,0.0009923355138600546
0500000US48427,25.0,0,0,2454,62179,64633,64633,47640,16993,1.0,1.0,1.0
0500000US48427,100.0,5013,58175,1445,0,59620,64633,47640,16993,0.9224390017483329,0.9902392947103275,0.7323603836874006
0500000US48427,250.0,5013,58175,1445,0,59620,64633,47640,16993,0.9224390017483329,0.9902392947103275,0.7323603836874006
0500000US48427,1000.0,61068,3565,0,0,3565,64633,47640,16993,0.055157582040134295,0.012027707808564232,0.1760725004413582
0500000US48429,25.0,0,0,4,9362,9366,9366,5590,3776,1.0,1.0,1.0
0500000US48429,100.0,4313,5053,0,0,5053,9366,5590,3776,0.5395045910740978,0.6554561717352415,0.3678495762711864
0500000US48429,250.0,9364,2,0,0,2,9366,5590,3776,0.00021353833013025838,0.00035778175313059033,0.0
0500000US48429,1000.0,9366,0,0,0,0,9366,5590,3776,0.0,0.0,0.0
0500000US48435,25.0,0,0,1349,2427,3776,3776,2778,998,1.0,1.0,1.0
0500000US48435,100.0,1546,2230,0,0,2230,3776,2778,998,0.590572033898305,0.7742980561555075,0.07915831663326653
0500000US48435,250.0,1546,2230,0,0,2230,3776,2778,998,0.590572033898305,0.7742980561555075,0.07915831663326653
0500000US48435,1000.0,1546,2230,0,0,2230,3776,2778,998,0.590572033898305,0.7742980561555075,0.07915831663326653
0500000US48437,25.0,0,0,897,6500,7397,7397,4322,3075,1.0,1.0,1.0
0500000US48437,100.0,1549,3311,1831,706,5848,7397,4322,3075,0.7905907800459646,0.8720499768625636,0.6760975609756098
0500000US48437,250.0,4405,2928,64,0,2992,7397,4322,3075,0.4044883060700284,0.6844053678852383,0.011056910569105691
0500000US48437,1000.0,7333,64,0,0,64,7397,4322,3075,0.0086521562795728,0.014807959278111986,0.0
0500000US48439,25.0,0,0,2196,2082728,2084924,2084924,2050734,34190,1.0,1.0,1.0
0500000US48439,100.0,5774,126172,631512,1321466,2079150,2084924,2050734,34190,0.99723059449649,0.9975535588720916,0.9778590231061713
0500000US48439,250.0,69689,1024424,968658,22153,2015235,2084924,2050734,34190,0.966574800808087,0.9729799184097011,0.5823925124305352
0500000US48439,1000.0,1102577,977215,5132,0,982347,2084924,2050734,34190,0.47116681471362987,0.4737006359674146,0.3191868967534367
0500000US48441,25.0,0,0,5657,132377,138034,138034,113793,24241,1.0,1.0,1.0
0500000US48441,100.0,12869,113010,9422,2733,125165,138034,113793,24241,0.9067693466827014,0.9208035643668767,0.8408894022523823
0500000US48441,250.0,14734,112151,8686,2463,123300,138034,113793,24241,0.8932581827665648,0.9064441573734764,0.8313600924054289
0500000US48441,1000.0,115891,17138,4651,354,22143,138034,113793,24241,0.16041699871046264,0.04293761479177102,0.711893073718081
0500000US48445,100.0,219,5631,5983,504,12118,12337,9018,3319,0.9822485207100592,1.0,0.9340162699608315
0500000US48445,250.0,10149,2188,0,0,2188,12337,9018,3319,0.1773526789332901,0.09115103127079174,0.4115697499246761
0500000US48445,1000.0,12337,0,0,0,0,12337,9018,3319,0.0,0.0,0.0
0500000US48449,25.0,0,0,12541,20209,32750,32750,16029,16721,1.0,1.0,1.0
0500000US48449,100.0,14267,17884,599,0,18483,32750,16029,16721,0.5643664122137405,0.939921392476137,0.2043538065905149
0500000US48449,250.0,15104,17047,599,0,17646,32750,16029,16721,0.5388091603053435,0.9174620999438517,0.17582680461694875
0500000US48449,1000.0,32390,360,0,0,360,32750,16029,16721,0.01099236641221374,0.0,0.02152981281023862
0500000US48451,25.0,0,2,5883,113315,119200,119200,96485,22715,1.0,1.0,1.0
0500000US48451,100.0,22065,96454,681,0,97135,119200,96485,22715,0.8148909395973154,0.9313675700886148,0.32014087607307945
0500000US48451,250.0,24207,94312,681,0,94993,119200,96485,22715,0.7969211409395973,0.913126392703529,0.30332379484921856
0500000US48451,1000.0,118483,717,0,0,717,119200,96485,22715,0.0060151006711409395,0.000766958594600197,0.02830728593440458
0500000US48453,25.0,0,2,2955,1270981,1273938,1273938,1168381,105557,1.0,1.0,1.0
0500000US48453,100.0,23525,246272,475957,528184,1250413,1273938,1168381,105557,0.9815336382147326,0.9974434709225843,0.8054321361918205
0500000US48453,250.0,27005,453576,432676,360681,1246933,1273938,1168381,105557,0.9788019511153604,0.9952036193673125,0.7972564585958297
0500000US48453,1000.0,525842,494707,206167,47222,748096,1273938,1168381,105557,0.5872310897390611,0.6132999423989264,0.29868222855897764
0500000US48455,25.0,0,0,3856,10795,14651,14651,3349,11302,1.0,1.0,1.0
0500000US48455,100.0,7964,6015,672,0,6687,14651,3349,11302,0.45641935704047504,0.4855180650940579,0.4477968501150239
0500000US48455,250.0,13910,741,0,0,741,14651,3349,11302,0.050576752440106475,0.019408778739922364,0.059812422580074326
0500000US48455,1000.0,14651,0,0,0,0,14651,3349,11302,0.0,0.0,0.0
0500000US48457,25.0,0,0,12827,8845,21672,21672,4680,16992,1.0,1.0,1.0
0500000US48457,100.0,13977,7606,89,0,7695,21672,4680,16992,0.35506644518272423,0.994017094017094,0.179084274952919
0500000US48457,250.0,14941,6731,0,0,6731,21672,4680,16992,0.31058508674787744,0.994017094017094,0.12235169491525423
0500000US48457,1000.0,21672,0,0,0,0,21672,4680,16992,0.0,0.0,0.0
0500000US48459,25.0,0,1,3098,38650,41749,41749,8506,33243,1.0,1.0,1.0
0500000US48459,100.0,23136,18221,392,0,18613,41749,8506,33243,0.4458310378691705,0.7187867387726311,0.3759889300003008
0500000US48459,250.0,32251,9386,112,0,9498,41749,8506,33243,0.22750245514862633,0.6865741829296966,0.11003820353157055
0500000US48459,1000.0,41749,0,0,0,0,41749,8506,33243,0.0,0.0,0.0
0500000US48463,25.0,0,0,73,26668,26741,26741,17827,8914,1.0,1.0,1.0
0500000US48463,100.0,3968,21750,872,151,22773,26741,17827,8914,0.8516136270146966,0.9998878106243339,0.5550818936504375
0500000US48463,250.0,3968,21750,872,151,22773,26741,17827,8914,0.8516136270146966,0.9998878106243339,0.5550818936504375
0500000US48463,1000.0,25448,1293,0,0,1293,26741,17827,8914,0.048352716801914664,0.0028047343916531103,0.13944357190935608
0500000US48465,25.0,0,0,1479,47546,49025,49025,43587,5438,1.0,1.0,1.0
0500000US48465,100.0,1529,47200,296,0,47496,49025,43587,5438,0.9688118306986232,0.9999082295179755,0.7195660169179846
0500000US48465,250.0,1627,47231,167,0,47398,49025,43587,5438,0.9668128505864355,0.9999082295179755,0.7015446855461567
0500000US48465,1000.0,49025,0,0,0,0,49025,43587,5438,0.0,0.0,0.0
0500000US48467,25.0,0,0,3605,52985,56590,56590,13677,42913,1.0,1.0,1.0
0500000US48467,100.0,47810,8780,0,0,8780,56590,13677,42913,0.15515108676444603,0.4612853695985962,0.05758161862372708
0500000US48467,250.0,52942,3648,0,0,3648,56590,13677,42913,0.06446368616363315,0.227608393653579,0.012467084566448395
0500000US48467,1000.0,56590,0,0,0,0,56590,13677,42913,0.0,0.0,0.0
0500000US48469,25.0,0,1,12236,79847,92084,92084,65380,26704,1.0,1.0,1.0
0500000US48469,100.0,22823,68175,1086,0,69261,92084,65380,26704,0.7521502106772078,0.9653410828999694,0.23019023367285799
0500000US48469,250.0,24211,67248,625,0,67873,92084,65380,26704,0.7370770166369837,0.9477974915876415,0.22116536848412222
0500000US48469,1000.0,91791,293,0,0,293,92084,65380,26704,0.0031818774162720993,0.0044814928112572655,0.0
0500000US48471,25.0,0,5,21427,51539,72971,72971,38310,34661,1.0,1.0,1.0
0500000US48471,100.0,26452,31581,14415,523,46519,72971,38310,34661,0.6374998286990722,0.7468807099973898,0.5166036756008193
0500000US48471,250.0,35532,34009,3430,0,37439,72971,38310,34661,0.5130668347699772,0.7088488645262334,0.2966734947058654
0500000US48471,1000.0,67156,5815,0,0,5815,72971,38310,34661,0.07968919159666168,0.09832941790655181,0.05908658146043103
0500000US48473,25.0,0,2,3741,51491,55234,55234,19567,35667,1.0,1.0,1.0
0500000US48473,100.0,22975,25386,6873,0,32259,55234,19567,35667,0.5840424376289967,0.8352838963561098,0.4462107830767937
0500000US48473,250.0,33396,19503,2335,0,21838,55234,19567,35667,0.3953724155411522,0.6591710533040323,0.2506518630667003
0500000US48473,1000.0,44077,11157,0,0,11157,55234,19567,35667,0.20199514791613862,0.22072877804466703,0.1917178344127625
0500000US48475,100.0,307,5938,5724,29,11691,11998,7675,4323,0.9744124020670112,1.0,0.9289845015035855
0500000US48475,250.0,11971,27,0,0,27,11998,7675,4323,0.0022503750625104185,0.003517915309446254,0.0
0500000US48475,1000.0,11998,0,0,0,0,11998,7675,4323,0.0,0.0,0.0
0500000US48477,25.0,0,2,3827,32051,35880,35880,16091,19789,1.0,1.0,1.0
0500000US48477,100.0,19444,10052,6384,0,16436,35880,16091,19789,0.458082497212932,0.855447144366416,0.1349739754409015
0500000US48477,250.0,32414,3422,44,0,3466,35880,16091,19789,0.09659977703455964,0.19054129637685663,0.02021324978523422
0500000US48477,1000.0,32741,3139,0,0,3139,35880,16091,19789,0.0874860646599777,0.18165434093592692,0.010915154884026479
0500000US48479,25.0,0,0,4872,271780,276652,276652,256640,20012,1.0,1.0,1.0
0500000US48479,100.0,15752,249607,11293,0,260900,276652,256640,20012,0.9430620418431821,0.9936175187032419,0.2947231661003398
0500000US48479,250.0,15752,249607,11293,0,260900,276652,256640,20012,0.9430620418431821,0.9936175187032419,0.2947231661003398
0500000US48479,1000.0,263113,13539,0,0,13539,276652,256640,20012,0.04893873892109943,0.03878584788029925,0.17914251449130522
0500000US48481,25.0,0,0,5815,35741,41556,41556,20356,21200,1.0,1.0,1.0
0500000US48481,100.0,13469,13574,14513,0,28087,41556,20356,21200,0.675883145634806,0.9936136765572804,0.37080188679245285
0500000US48481,250.0,14346,13443,13767,0,27210,41556,20356,21200,0.6547790932717297,0.9936136765572804,0.32943396226415095
0500000US48481,1000.0,41556,0,0,0,0,41556,20356,21200,0.0,0.0,0.0
0500000US48485,25.0,0,0,2685,129545,132230,132230,118025,14205,1.0,1.0,1.0
0500000US48485,100.0,14594,115976,1660,0,117636,132230,118025,14205,0.8896317023368373,0.9463079855962719,0.4187258007743752
0500000US48485,250.0,29369,102600,261,0,102861,132230,118025,14205,0.7778945776298873,0.8317729294640966,0.33023583245336147
0500000US48485,1000.0,131840,390,0,0,390,132230,118025,14205,0.0029494063374423353,0.0020843041728447363,0.01013727560718057
0500000US48487,1000.0,927,11842,0,0,11842,12769,9766,3003,0.9274023024512491,1.0,0.6913086913086913
0500000US48489,25.0,0,0,0,21358,21358,21358,13828,7530,1.0,1.0,1.0
0500000US48489,100.0,1249,7150,12636,323,20109,21358,13828,7530,0.9415207416424759,0.9947931732716228,0.8436918990703851
0500000US48489,250.0,1249,7150,12636,323,20109,21358,13828,7530,0.9415207416424759,0.9947931732716228,0.8436918990703851
0500000US48489,1000.0,4986,16049,323,0,16372,21358,13828,7530,0.7665511752036708,0.7672837720566965,0.7652058432934927
0500000US48491,25.0,0,45,20648,569821,590514,590514,467074,123440,1.0,1.0,1.0
0500000US48491,100.0,62416,206534,259685,61879,528098,590514,467074,123440,0.8943022519364486,0.9794251018039968,0.5722132209980557
0500000US48491,250.0,76435,329803,148049,36227,514079,590514,467074,123440,0.8705619172449764,0.9733404128681965,0.48166720674011665
0500000US48491,1000.0,431071,148423,11020,0,159443,590514,467074,123440,0.2700071463165988,0.31046686392306144,0.1169151004536617
0500000US48493,250.0,42912,8153,0,0,8153,51065,6518,44547,0.1596592578086752,1.0,0.03670280826991717
0500000US48493,1000.0,51065,0,0,0,0,51065,6518,44547,0.0,0.0,0.0
0500000US48495,25.0,0,0,4664,3346,8010,8010,5633,2377,1.0,1.0,1.0
0500000US48495,100.0,4735,3262,13,0,3275,8010,5633,2377,0.40886392009987516,0.35558317060181077,0.5351283129995793
0500000US48495,250.0,8010,0,0,0,0,8010,5633,2377,0.0,0.0,0.0
0500000US48495,1000.0,8010,0,0,0,0,8010,5633,2377,0.0,0.0,0.0
0500000US48497,25.0,0,0,103,69880,69983,69983,17972,52011,1.0,1.0,1.0
0500000US48497,100.0,13786,40508,15475,214,56197,69983,17972,52011,0.80300930225912,0.9960494101936346,0.7363057814693046
0500000US48497,250.0,69722,261,0,0,261,69983,17972,52011,0.0037294771587385507,0.004562653015802359,0.0034415796658399185
0500000US48497,1000.0,69967,16,0,0,16,69983,17972,52011,0.00022862695225983452,0.0,0.0003076272327007748
0500000US48499,25.0,0,1,9709,35828,45538,45538,11378,34160,1.0,1.0,1.0
0500000US48499,100.0,24054,21364,120,0,21484,45538,11378,34160,0.4717818085994115,0.864123747583055,0.3411007025761124
0500000US48499,250.0,25245,20173,120,0,20293,45538,11378,34160,0.4456278273090606,0.8341536298119178,0.3162177985948478
0500000US48499,1000.0,40998,4540,0,0,4540,45538,11378,34160,0.0996969563880715,0.011513447002988222,0.12906908665105388
0500000US48501,100.0,2239,1205,3274,1995,6474,8713,4933,3780,0.7430276598186618,1.0,0.4076719576719577
0500000US48501,250.0,8597,116,0,0,116,8713,4933,3780,0.013313439687822793,0.00020271639975674033,0.03042328042328042
0500000US48501,1000.0,8713,0,0,0,0,8713,4933,3780,0.0,0.0,0.0
0500000US48503,25.0,0,0,5,18005,18010,18010,12001,6009,1.0,1.0,1.0
0500000US48503,100.0,3344,3437,11148,81,14666,18010,12001,6009,0.8143253747917824,0.9853345554537122,0.472790813779331
0500000US48503,250.0,5046,12964,0,0,12964,18010,12001,6009,0.7198223209328151,0.8834263811349055,0.3930770510900316
0500000US48503,1000.0,5046,12964,0,0,12964,18010,12001,6009,0.7198223209328151,0.8834263811349055,0.3930770510900316
0500000US48505,250.0,2647,11532,0,0,11532,14179,9745,4434,0.8133154665350166,1.0,0.40302210193955795
0500000US48505,1000.0,14179,0,0,0,0,14179,9745,4434,0.0,0.0,0.0
0500000US48507,250.0,3668,8172,0,0,8172,11840,7020,4820,0.6902027027027027,1.0,0.23900414937759337
0500000US48507,1000.0,11840,0,0,0,0,11840,7020,4820,0.0,0.0,0.0
0500000US49001,250.0,3199,3449,62,0,3511,6710,2635,4075,0.5232488822652757,1.0,0.21496932515337425
0500000US49001,1000.0,6647,63,0,0,63,6710,2635,4075,0.009388971684053652,0.023908918406072108,0.0
0500000US49003,25.0,0,0,4540,51504,56044,56044,35108,20936,1.0,1.0,1.0
0500000US49003,100.0,9255,13091,3161,30537,46789,56044,35108,20936,0.8348618942259654,0.9991454939045232,0.559371417653802
0500000US49003,250.0,11717,12520,1850,29957,44327,56044,35108,20936,0.7909321247591178,0.9980061524438875,0.4436855177684371
0500000US49003,1000.0,23020,2947,30077,0,33024,56044,35108,20936,0.589251302547998,0.8697447875128176,0.11888612915552159
0500000US49005,25.0,0,0,362,127926,128288,128288,103108,25180,1.0,1.0,1.0
0500000US49005,100.0,12130,92542,18780,4836,116158,128288,103108,25180,0.9054471189822898,0.9684990495402879,0.6472597299444003
0500000US49005,250.0,13594,103813,9282,1599,114694,128288,103108,25180,0.8940352955849339,0.9669278814446988,0.5955520254169976
0500000US49005,1000.0,124139,4149,0,0,4149,128288,103108,25180,0.03234129458717885,0.039676843697870195,0.0023034154090548053
0500000US49007,25.0,0,0,1622,18841,20463,20463,13177,7286,1.0,1.0,1.0
0500000US49007,100.0,8330,12046,87,0,12133,20463,13177,7286,0.5929238137125543,0.7930484935873112,0.23099094153170463
0500000US49007,250.0,16435,3965,63,0,4028,20463,13177,7286,0.1968430826369545,0.27768080746755713,0.0506450727422454
0500000US49007,1000.0,16510,3953,0,0,3953,20463,13177,7286,0.19317793089967258,0.27677012977157167,0.04199835300576448
0500000US49011,25.0,0,4,2704,352769,355477,355477,350098,5379,1.0,1.0,1.0
0500000US49011,100.0,4709,84036,134062,132670,350768,355477,350098,5379,0.9867530107433111,0.991019657353084,0.7090537274586355
0500000US49011,250.0,6111,184793,78292,86281,349366,355477,350098,5379,0.9828090143666116,0.987029346068815,0.708124186651794
0500000US49011,1000.0,217062,56095,82320,0,138415,355477,350098,5379,0.3893782157495422,0.39211877817068364,0.21100576315300243
0500000US49013,25.0,0,0,5983,13955,19938,19938,4376,15562,1.0,1.0,1.0
0500000US49013,100.0,11342,8527,69,0,8596,19938,4376,15562,0.43113652322198814,0.9611517367458866,0.28209741678447503
0500000US49013,250.0,11348,8521,69,0,8590,19938,4376,15562,0.43083559033002305,0.9611517367458866,0.28171186222850536
0500000US49013,1000.0,19938,0,0,0,0,19938,4376,15562,0.0,0.0,0.0
0500000US49015,100.0,2010,7898,104,0,8002,10012,1886,8126,0.7992409109069117,1.0,0.7526458282057593
0500000US49015,250.0,9881,131,0,0,131,10012,1886,8126,0.013084298841390332,0.0,0.016121092788579868
0500000US49015,1000.0,10012,0,0,0,0,10012,1886,8126,0.0,0.0,0.0
0500000US49019,25.0,0,0,4560,5194,9754,9754,4219,5535,1.0,1.0,1.0
0500000US49019,100.0,7757,1997,0,0,1997,9754,4219,5535,0.20473651835144557,0.36928182033657264,0.07931345980126468
0500000US49019,250.0,9754,0,0,0,0,9754,4219,5535,0.0,0.0,0.0
0500000US49019,1000.0,9754,0,0,0,0,9754,4219,5535,0.0,0.0,0.0
0500000US49021,100.0,2341,2562,10216,39720,52498,54839,36696,18143,0.9573114024690458,1.0,0.87096951992504
0500000US49021,250.0,40197,14374,257,11,14642,54839,36696,18143,0.2669997629424315,0.21517331589274036,0.3718238439067409
0500000US49021,1000.0,45979,8860,0,0,8860,54839,36696,18143,0.16156385054432065,0.0868759537824286,0.3126274596263022
0500000US49023,25.0,0,1,1974,10039,12014,12014,5441,6573,1.0,1.0,1.0
0500000US49023,100.0,2116,4594,4541,763,9898,12014,5441,6573,0.8238721491593142,0.9944863076640323,0.6826411075612353
0500000US49023,250.0,11559,455,0,0,455,12014,5441,6573,0.037872482104211756,0.05311523616982172,0.02525483036665145
0500000US49023,1000.0,11920,94,0,0,94,12014,5441,6573,0.007824205094056933,0.015622128285241683,0.0013692377909630307
0500000US49025,25.0,0,0,366,7343,7709,7709,3070,4639,1.0,1.0,1.0
0500000US49025,100.0,4856,2843,10,0,2853,7709,3070,4639,0.3700869114022571,0.4247557003257329,0.33390816986419486
0500000US49025,250.0,4961,2738,10,0,2748,7709,3070,4639,0.35646646776495006,0.4247557003257329,0.31127398146152185
0500000US49025,1000.0,4961,2748,0,0,2748,7709,3070,4639,0.35646646776495006,0.4247557003257329,0.31127398146152185
0500000US49027,25.0,0,0,4207,8799,13006,13006,2828,10178,1.0,1.0,1.0
0500000US49027,100.0,6217,6669,120,0,6789,13006,2828,10178,0.5219898508380747,0.9816124469589816,0.39428178424051874
0500000US49027,250.0,12817,189,0,0,189,13006,2828,10178,0.014531754574811625,0.04066478076379067,0.0072705836117115345
0500000US49027,1000.0,13006,0,0,0,0,13006,2828,10178,0.0,0.0,0.0
0500000US49029,25.0,0,0,1589,10535,12124,12124,3718,8406,1.0,1.0,1.0
0500000US49029,100.0,7687,3248,1189,0,4437,12124,3718,8406,0.3659683272847245,0.5303926842388381,0.2932429217225791
0500000US49029,250.0,10371,1753,0,0,1753,12124,3718,8406,0.14458924447377103,0.11403980634749865,0.15810135617416132
0500000US49029,1000.0,11909,215,0,0,215,12124,3718,8406,0.017733421313097988,0.056481979558902634,0.0005948132286462051
0500000US49035,25.0,0,0,6897,1153538,1160435,1160435,1138934,21501,1.0,1.0,1.0
0500000US49035,100.0,13623,251596,497586,397630,1146812,1160435,1138934,21501,0.9882604368189515,0.9913304897386503,0.8256360169294451
0500000US49035,250.0,22405,572040,334672,231318,1138030,1160435,1138934,21501,0.9806925851081706,0.985091322236407,0.7476861541323659
0500000US49035,1000.0,736793,270442,148985,4215,423642,1160435,1138934,21501,0.365071718795107,0.36503168752535264,0.36719222361750614
0500000US49037,25.0,0,0,10787,4521,15308,15308,2281,13027,1.0,1.0,1.0
0500000US49037,100.0,14167,1084,57,0,1141,15308,2281,13027,0.07453619022733211,0.19772029811486191,0.05296691486911798
0500000US49037,250.0,15067,241,0,0,241,15308,2281,13027,0.0157434021426705,0.0,0.01850003838182237
0500000US49037,1000.0,15308,0,0,0,0,15308,2281,13027,0.0,0.0,0.0
0500000US49039,25.0,0,1,1796,29142,30939,30939,16607,14332,1.0,1.0,1.0
0500000US49039,100.0,5805,15330,6326,3478,25134,30939,16607,14332,0.812372733443227,0.999156981995544,0.5959391571308958
0500000US49039,250.0,20811,10096,32,0,10128,30939,16607,14332,0.32735382526907786,0.5420003612934304,0.07863522188110522
0500000US49039,1000.0,20811,10128,0,0,10128,30939,16607,14332,0.32735382526907786,0.5420003612934304,0.07863522188110522
0500000US49041,100.0,1495,2860,16930,335,20125,21620,6217,15403,0.9308510638297872,1.0,0.9029409855223008
0500000US49041,250.0,21039,581,0,0,581,21620,6217,15403,0.02687326549491212,0.03860382821296445,0.022138544439394923
0500000US49041,1000.0,21537,83,0,0,83,21620,6217,15403,0.0038390379278445885,0.0,0.005388560669999351
0500000US49043,25.0,0,0,7536,34608,42144,42144,23108,19036,1.0,1.0,1.0
0500000US49043,100.0,8133,24352,6200,3459,34011,42144,23108,19036,0.8070187927107062,0.8821187467543707,0.715854171044337
0500000US49043,250.0,8336,27334,4859,1615,33808,42144,23108,19036,0.8022019741837509,0.8806906698978708,0.7069237234713175
0500000US49043,1000.0,23722,18414,8,0,18422,42144,23108,19036,0.4371203492786636,0.3400121170157521,0.5550010506408909
0500000US49045,25.0,0,10,10692,61552,72254,72254,49711,22543,1.0,1.0,1.0
0500000US49045,100.0,13752,20482,26687,11333,58502,72254,49711,22543,0.809671436875467,0.9787169841684938,0.43689837200017745
0500000US49045,250.0,21532,45789,4933,0,50722,72254,49711,22543,0.7019957372602209,0.937337812556577,0.1830279909506277
0500000US49045,1000.0,72222,32,0,0,32,72254,49711,22543,0.0004428820549727351,0.0,0.0014195093820698222
0500000US49047,25.0,0,0,7623,28110,35733,35733,14578,21155,1.0,1.0,1.0
0500000US49047,100.0,10764,24611,358,0,24969,35733,14578,21155,0.6987658466963311,0.9990396487858417,0.49184589931458284
0500000US49047,250.0,19459,15916,358,0,16274,35733,14578,21155,0.4554333529230683,0.6159281108519687,0.34483573623256913
0500000US49047,1000.0,35733,0,0,0,0,35733,14578,21155,0.0,0.0,0.0
0500000US49049,25.0,0,2,45352,590843,636197,636197,562497,73700,1.0,1.0,1.0
0500000US49049,100.0,62037,151811,162511,259838,574160,636197,562497,73700,0.902487751435483,0.9822825721737183,0.2934735413839891
0500000US49049,250.0,82003,259121,134942,160131,554194,636197,562497,73700,0.8711043906211441,0.9573259946275269,0.2130393487109905
0500000US49049,1000.0,333372,145385,156383,1057,302825,636197,562497,73700,0.4759924991787135,0.5248276879698914,0.10327001356852103
0500000US49051,25.0,0,2,4119,29967,34088,34088,20417,13671,1.0,1.0,1.0
0500000US49051,100.0,7710,15107,9556,1715,26378,34088,20417,13671,0.7738206993663459,0.9219767840525053,0.5525565064735571
0500000US49051,250.0,8946,18901,5278,963,25142,34088,20417,13671,0.7375616052569819,0.9009648822060048,0.4935264428351986
0500000US49051,1000.0,24266,9820,2,0,9822,34088,20417,13671,0.28813658765547995,0.2597345349463682,0.33055372686709095
0500000US49053,25.0,0,11,4040,173496,177547,177547,136133,41414,1.0,1.0,1.0
0500000US49053,100.0,6759,6428,11423,152937,170788,177547,136133,41414,0.9619312069480194,0.9804162106175578,0.9011686869174675
0500000US49053,250.0,126008,38528,12911,100,51539,177547,136133,41414,0.2902836995274491,0.2710143756473449,0.3536243782295842
0500000US49053,1000.0,152009,25194,344,0,25538,177547,136133,41414,0.14383796966437057,0.12470892436073545,0.2067175351330468
0500000US49057,25.0,0,1,4788,255408,260197,260197,242116,18081,1.0,1.0,1.0
0500000US49057,100.0,13039,148993,86676,11489,247158,260197,242116,18081,0.9498879695000326,0.9684324869071024,0.7015651789170952
0500000US49057,250.0,17843,220124,21267,963,242354,260197,242116,18081,0.9314250356460682,0.9640255084339738,0.4948841325147945
0500000US49057,1000.0,255620,4322,255,0,4577,260197,242116,18081,0.01759051795370431,0.018904161641527202,0.0
0500000US50001,25.0,0,0,2805,33972,36777,36777,7832,28945,1.0,1.0,1.0
0500000US50001,100.0,8292,22925,5535,25,28485,36777,7832,28945,0.7745329961660821,0.995658835546476,0.7147002936603905
0500000US50001,250.0,8424,23375,4953,25,28353,36777,7832,28945,0.7709437963944857,0.995658835546476,0.7101399205389531
0500000US50001,1000.0,30043,6709,25,0,6734,36777,7832,28945,0.18310357016613643,0.0029366700715015323,0.23185351528761444
0500000US50003,25.0,0,0,1122,34348,35470,35470,12058,23412,1.0,1.0,1.0
0500000US50003,100.0,3117,30427,1849,77,32353,35470,12058,23412,0.9121229207781224,0.9961851053242661,0.8688279514778746
0500000US50003,250.0,3252,31196,1022,0,32218,35470,12058,23412,0.9083168875105723,0.9961851053242661,0.8630616777720826
0500000US50003,1000.0,34728,742,0,0,742,35470,12058,23412,0.020919086552015787,0.024548017913418478,0.019050059798393987
0500000US50005,25.0,0,0,4473,25520,29993,29993,7270,22723,1.0,1.0,1.0
0500000US50005,100.0,7715,20962,1316,0,22278,29993,7270,22723,0.7427733137732138,0.9986244841815681,0.660916252255424
0500000US50005,250.0,7974,21765,254,0,22019,29993,7270,22723,0.7341379655252892,0.9986244841815681,0.6495181094045681
0500000US50005,1000.0,29985,8,0,0,8,29993,7270,22723,0.00026672890341079586,0.0,0.00035206618844342737
0500000US50007,25.0,0,2,3663,160109,163774,163774,118969,44805,1.0,1.0,1.0
0500000US50007,100.0,4520,82966,69965,6323,159254,163774,118969,44805,0.97240099161039,0.9807933159058242,0.9501171744224974
0500000US50007,250.0,4649,94406,62933,1786,159125,163774,118969,44805,0.9716133207957307,0.9806083937832545,0.9477290480973106
0500000US50007,1000.0,98244,63744,1786,0,65530,163774,118969,44805,0.4001245618962717,0.4533029612756264,0.2589219953130231
0500000US50011,25.0,0,0,4803,44599,49402,49402,13700,35702,1.0,1.0,1.0
0500000US50011,100.0,10193,38106,1103,0,39209,49402,13700,35702,0.7936723209586657,0.9975912408759124,0.7154221052041903
0500000US50011,250.0,11137,38005,260,0,38265,49402,13700,35702,0.7745637828427999,0.9975912408759124,0.6889810094672567
0500000US50011,1000.0,49142,260,0,0,260,49402,13700,35702,0.005262944820047771,0.006058394160583942,0.004957705450675033
0500000US50017,250.0,8946,16134,3590,222,19946,28892,794,28098,0.6903641146338086,1.0,0.6816143497757847
0500000US50017,1000.0,28635,257,0,0,257,28892,794,28098,0.008895195901979788,0.0,0.009146558473912735
0500000US50019,25.0,0,1,4153,22883,27037,27037,3807,23230,1.0,1.0,1.0
0500000US50019,100.0,5294,19502,2191,50,21743,27037,3807,23230,0.8041942523208936,0.998949303913843,0.7722772277227723
0500000US50019,250.0,6140,20490,407,0,20897,27037,3807,23230,0.7729037984983541,0.998949303913843,0.7358588032716316
0500000US50019,1000.0,24855,2182,0,0,2182,27037,3807,23230,0.08070422014276732,0.0,0.09393026259147653
0500000US50021,25.0,0,0,2503,55688,58191,58191,21919,36272,1.0,1.0,1.0
0500000US50021,100.0,3181,45718,9292,0,55010,58191,21919,36272,0.9453351892904401,0.9976276289976732,0.9137351124834583
0500000US50021,250.0,3181,45918,9092,0,55010,58191,21919,36272,0.9453351892904401,0.9976276289976732,0.9137351124834583
0500000US50021,1000.0,48827,9364,0,0,9364,58191,21919,36272,0.16091835507209018,0.016743464574113784,0.24804256726951918
0500000US50023,25.0,0,2,3472,54935,58409,58409,27376,31033,1.0,1.0,1.0
0500000US50023,100.0,7246,43472,6954,737,51163,58409,27376,31033,0.8759437757879779,0.9322033898305084,0.8263139238874746
0500000US50023,250.0,11608,44771,2030,0,46801,58409,27376,31033,0.8012635039120684,0.8475672121566336,0.7604163310024812
0500000US50023,1000.0,52909,5500,0,0,5500,58409,27376,31033,0.09416357068260028,0.004894798363530099,0.1729127058292785
0500000US50025,25.0,0,0,4059,38163,42222,42222,12922,29300,1.0,1.0,1.0
0500000US50025,100.0,13371,23025,5826,0,28851,42222,12922,29300,0.6833167542987069,0.9965949543414332,0.5451535836177475
0500000US50025,250.0,14994,24468,2760,0,27228,42222,12922,29300,0.6448770783004121,0.9961306299334468,0.48996587030716726
0500000US50025,1000.0,38838,3384,0,0,3384,42222,12922,29300,0.08014779025152764,0.034282618789661046,0.1003754266211604
0500000US50027,25.0,0,0,2336,52726,55062,55062,13082,41980,1.0,1.0,1.0
0500000US50027,100.0,3096,24665,26343,958,51966,55062,13082,41980,0.9437724746649232,0.9688121082403303,0.9359695092901381
0500000US50027,250.0,3642,28441,22821,158,51420,55062,13082,41980,0.9338563800806364,0.9686592264179789,0.9230109575988567
0500000US50027,1000.0,38595,16467,0,0,16467,55062,13082,41980,0.2990628745777487,0.34383121846812414,0.28511195807527395
0500000US51003,25.0,0,3,8107,101215,109325,109325,56231,53094,1.0,1.0,1.0
0500000US51003,100.0,24218,47378,34847,2882,85107,109325,56231,53094,0.7784770180654014,0.9547402678237983,0.5917994500320187
0500000US51003,250.0,27107,69814,12392,12,82218,109325,56231,53094,0.752051223416419,0.9533709163984279,0.5388367800504765
0500000US51003,1000.0,102579,6746,0,0,6746,109325,56231,53094,0.06170592270752344,0.07565222030552542,0.04693562361095416
0500000US51005,25.0,0,0,948,13912,14860,14860,6964,7896,1.0,1.0,1.0
0500000US51005,100.0,2335,7349,5176,0,12525,14860,6964,7896,0.8428667563930013,0.9948305571510626,0.7088399189463019
0500000US51005,250.0,10025,4835,0,0,4835,14860,6964,7896,0.3253701211305518,0.21410109132682367,0.42350557244174264
0500000US51005,1000.0,10025,4835,0,0,4835,14860,6964,7896,0.3253701211305518,0.21410109132682367,0.42350557244174264
0500000US51009,25.0,0,0,1828,29777,31605,31605,11067,20538,1.0,1.0,1.0
0500000US51009,100.0,9297,21295,1013,0,22308,31605,11067,20538,0.7058376839107736,0.9414475467606397,0.5788781770376863
0500000US51009,250.0,9297,21295,1013,0,22308,31605,11067,20538,0.7058376839107736,0.9414475467606397,0.5788781770376863
0500000US51009,1000.0,30048,1557,0,0,1557,31605,11067,20538,0.04926435690555292,0.018342820999367487,0.06592657512902912
0500000US51015,25.0,0,0,1239,74318,75557,75557,24682,50875,1.0,1.0,1.0
0500000US51015,100.0,15842,50282,9433,0,59715,75557,24682,50875,0.7903304789761372,0.9892229154849688,0.6938378378378378
0500000US51015,250.0,16812,52857,5888,0,58745,75557,24682,50875,0.7774924891141787,0.9892229154849688,0.6747714987714988
0500000US51015,1000.0,68970,6587,0,0,6587,75557,24682,50875,0.08717921569146472,0.14415363422737218,0.059538083538083535
0500000US51019,25.0,0,0,15450,69185,84635,84635,21529,63106,1.0,1.0,1.0
0500000US51019,100.0,22501,57518,4616,0,62134,84635,21529,63106,0.7341407219235541,0.9903386130335826,0.6467372357620511
0500000US51019,250.0,61702,22660,273,0,22933,84635,21529,63106,0.27096354935901223,0.05234799572669423,0.34554558995975027
0500000US51019,1000.0,84273,362,0,0,362,84635,21529,63106,0.004277190287706032,0.016814529239630265,0.0
0500000US51023,25.0,0,1,6552,26866,33419,33419,11836,21583,1.0,1.0,1.0
0500000US51023,100.0,7819,16407,8938,255,25600,33419,11836,21583,0.7660312995601305,0.9947617438323758,0.6405967659732197
0500000US51023,250.0,10525,15605,7127,162,22894,33419,11836,21583,0.6850593973488136,0.9912132477188239,0.5171662882824445
0500000US51023,1000.0,26256,7163,0,0,7163,33419,11836,21583,0.21433914838864118,0.3707333558634674,0.12857341426122412
0500000US51025,25.0,0,0,11423,4808,16231,16231,3304,12927,1.0,1.0,1.0
0500000US51025,100.0,11818,4189,224,0,4413,16231,3304,12927,0.2718871295668782,0.549636803874092,0.20089734663881798
0500000US51025,250.0,15016,1215,0,0,1215,16231,3304,12927,0.07485675559115273,0.0,0.09398932466929683
0500000US51025,1000.0,15137,1094,0,0,1094,16231,3304,12927,0.06740188528125192,0.0,0.08462907093679894
0500000US51031,25.0,0,0,11449,43436,54885,54885,21315,33570,1.0,1.0,1.0
0500000US51031,100.0,12815,33767,8303,0,42070,54885,21315,33570,0.7665117973945522,0.9802017358667605,0.6308310991957105
0500000US51031,250.0,49498,5387,0,0,5387,54885,21315,33570,0.09815067869181014,0.2069434670419892,0.029073577599046767
0500000US51031,1000.0,54860,25,0,0,25,54885,21315,33570,0.00045549785916006196,0.0,0.0007447125409591898
0500000US51033,25.0,0,0,11040,19685,30725,30725,6281,24444,1.0,1.0,1.0
0500000US51033,100.0,11065,19388,272,0,19660,30725,6281,24444,0.6398698128559804,0.9985671071485432,0.5477008672884962
0500000US51033,250.0,11124,19329,272,0,19601,30725,6281,24444,0.6379495524816924,0.9985671071485432,0.5452871870397643
0500000US51033,1000.0,30725,0,0,0,0,30725,6281,24444,0.0,0.0,0.0
0500000US51035,25.0,0,0,1530,28258,29788,29788,808,28980,1.0,1.0,1.0
0500000US51035,100.0,12374,15799,1597,18,17414,29788,808,28980,0.5845978246273668,0.9962871287128713,0.5731193926846101
0500000US51035,250.0,12374,15799,1597,18,17414,29788,808,28980,0.5845978246273668,0.9962871287128713,0.5731193926846101
0500000US51035,1000.0,27793,1995,0,0,1995,29788,808,28980,0.06697327782999865,0.2103960396039604,0.06297446514837819
0500000US51041,25.0,0,8,9648,343137,352793,352793,326434,26359,1.0,1.0,1.0
0500000US51041,100.0,9653,57329,285811,0,343140,352793,326434,26359,0.9726383459989285,0.9739365384733208,0.9565613263022118
0500000US51041,250.0,9653,57392,285748,0,343140,352793,326434,26359,0.9726383459989285,0.9739365384733208,0.9565613263022118
0500000US51041,1000.0,352793,0,0,0,0,352793,326434,26359,0.0,0.0,0.0
0500000US51043,25.0,0,0,77,14542,14619,14619,4300,10319,1.0,1.0,1.0
0500000US51043,100.0,5052,8792,775,0,9567,14619,4300,10319,0.6544223271085574,0.9944186046511628,0.5127434828956294
0500000US51043,250.0,5052,8792,775,0,9567,14619,4300,10319,0.6544223271085574,0.9944186046511628,0.5127434828956294
0500000US51043,1000.0,13844,775,0,0,775,14619,4300,10319,0.053013201997400644,0.17069767441860464,0.0039732532222114545
0500000US51047,25.0,0,0,70,52534,52604,52604,18609,33995,1.0,1.0,1.0
0500000US51047,100.0,9030,26228,17346,0,43574,52604,18609,33995,0.8283400501862976,0.9903809984416143,0.7396381820856008
0500000US51047,250.0,32274,20248,82,0,20330,52604,18609,33995,0.3864725115960763,0.8361545488742007,0.14031475216943667
0500000US51047,1000.0,52604,0,0,0,0,52604,18609,33995,0.0,0.0,0.0
0500000US51049,100.0,8401,1531,0,0,1531,9932,363,9569,0.15414820781312927,1.0,0.1220608214024454
0500000US51049,250.0,9823,109,0,0,109,9932,363,9569,0.010974627466774063,0.0,0.01139094994252273
0500000US51049,1000.0,9932,0,0,0,0,9932,363,9569,0.0,0.0,0.0
0500000US51053,25.0,0,0,12913,15631,28544,28544,7955,20589,1.0,1.0,1.0
0500000US51053,100.0,12913,15449,182,0,15631,28544,7955,20589,0.5476107062780269,0.9153991200502828,0.40550779542474136
0500000US51053,250.0,13110,15434,0,0,15434,28544,7955,20589,0.5407090807174888,0.9153991200502828,0.3959395793870513
0500000US51053,1000.0,28544,0,0,0,0,28544,7955,20589,0.0,0.0,0.0
0500000US51057,25.0,0,0,2746,8206,10952,10952,2457,8495,1.0,1.0,1.0
0500000US51057,100.0,3490,7177,285,0,7462,10952,2457,8495,0.6813367421475529,0.9865689865689866,0.5930547380812242
0500000US51057,250.0,3490,7177,285,0,7462,10952,2457,8495,0.6813367421475529,0.9865689865689866,0.5930547380812242
0500000US51057,1000.0,10785,167,0,0,167,10952,2457,8495,0.01524835646457268,0.06796906796906797,0.0
0500000US51059,25.0,0,5,17441,1130086,1147532,1147532,1130127,17405,1.0,1.0,1.0
0500000US51059,100.0,17465,68230,1021119,40718,1130067,1147532,1130127,17405,0.9847803808521244,0.9846707493936522,0.9918988796322896
0500000US51059,250.0,18328,67375,1027612,34217,1129204,1147532,1130127,17405,0.9840283321075142,0.9839071184035069,0.9918988796322896
0500000US51059,1000.0,1137615,9917,0,0,9917,1147532,1130127,17405,0.008642024797565559,0.008775119964393382,0.0
0500000US51061,25.0,0,0,6899,64321,71220,71220,28653,42567,1.0,1.0,1.0
0500000US51061,100.0,20535,49482,1203,0,50685,71220,28653,42567,0.7116680707666386,0.9901231982689421,0.5242323865905514
0500000US51061,250.0,20535,49482,1203,0,50685,71220,28653,42567,0.7116680707666386,0.9901231982689421,0.5242323865905514
0500000US51061,1000.0,70590,630,0,0,630,71220,28653,42567,0.008845829823083403,0.0001396014378948103,0.014706227829069466
0500000US51065,25.0,0,9,4850,22409,27268,27268,9715,17553,1.0,1.0,1.0
0500000US51065,100.0,6694,15667,4907,0,20574,27268,9715,17553,0.7545107818688572,0.9914565105506948,0.6233692246339657
0500000US51065,250.0,7579,19313,376,0,19689,27268,9715,17553,0.7220551562270794,0.9912506433350489,0.5730644334301829
0500000US51065,1000.0,27268,0,0,0,0,27268,9715,17553,0.0,0.0,0.0
0500000US51067,25.0,0,0,6661,49381,56042,56042,5981,50061,1.0,1.0,1.0
0500000US51067,100.0,15093,40667,282,0,40949,56042,5981,50061,0.730684129759823,0.99983280387895,0.6985277960887717
0500000US51067,250.0,55348,694,0,0,694,56042,5981,50061,0.012383569465757825,0.003845510784149808,0.013403647549989014
0500000US51067,1000.0,56042,0,0,0,0,56042,5981,50061,0.0,0.0,0.0
0500000US51069,25.0,0,1,15136,74173,89310,89310,45832,43478,1.0,1.0,1.0
0500000US51069,100.0,18161,60032,11117,0,71149,89310,45832,43478,0.7966521106259098,0.9651117123407227,0.6190717144302866
0500000US51069,250.0,18166,60090,11054,0,71144,89310,45832,43478,0.7965961258537678,0.9651117123407227,0.6189567137402825
0500000US51069,1000.0,89310,0,0,0,0,89310,45832,43478,0.0,0.0,0.0
0500000US51071,25.0,0,0,686,16034,16720,16720,5683,11037,1.0,1.0,1.0
0500000US51071,100.0,5303,11069,348,0,11417,16720,5683,11037,0.6828349282296651,0.9598803448882632,0.5401830207483918
0500000US51071,250.0,6141,10231,348,0,10579,16720,5683,11037,0.6327153110047847,0.8770015836705966,0.5069312313128568
0500000US51071,1000.0,16720,0,0,0,0,16720,5683,11037,0.0,0.0,0.0
0500000US51073,25.0,0,0,1905,35443,37348,37348,13102,24246,1.0,1.0,1.0
0500000US51073,100.0,1923,35312,113,0,35425,37348,13102,24246,0.9485112991324837,0.9916043352159976,0.9252247793450467
0500000US51073,250.0,1923,35312,113,0,35425,37348,13102,24246,0.9485112991324837,0.9916043352159976,0.9252247793450467
0500000US51073,1000.0,37028,320,0,0,320,37348,13102,24246,0.008568062546856593,0.008700961685238895,0.00849624680359647
0500000US51075,25.0,0,4,7858,15888,23750,23750,663,23087,1.0,1.0,1.0
0500000US51075,100.0,7862,15434,454,0,15888,23750,663,23087,0.6689684210526315,0.9924585218702866,0.6596786070082731
0500000US51075,250.0,8150,15261,339,0,15600,23750,663,23087,0.6568421052631579,0.9924585218702866,0.6472040542296531
0500000US51075,1000.0,23750,0,0,0,0,23750,663,23087,0.0,0.0,0.0
0500000US51077,25.0,0,0,3854,11696,15550,15550,19,15531,1.0,1.0,1.0
0500000US51077,100.0,6189,8072,1289,0,9361,15550,19,15531,0.6019935691318328,0.631578947368421,0.6019573755714378
0500000US51077,250.0,6222,8039,1289,0,9328,15550,19,15531,0.599871382636656,0.631578947368421,0.5998325928787586
0500000US51077,1000.0,13339,2211,0,0,2211,15550,19,15531,0.14218649517684886,0.0,0.14236044040950357
0500000US51079,25.0,0,0,27,19792,19819,19819,9293,10526,1.0,1.0,1.0
0500000US51079,100.0,4600,9602,5282,335,15219,19819,9293,10526,0.7678994903880115,0.9924674486172388,0.5696370891126734
0500000US51079,250.0,4796,14688,335,0,15023,19819,9293,10526,0.7580099904132398,0.9924674486172388,0.5510165304959149
0500000US51079,1000.0,19484,335,0,0,335,19819,9293,10526,0.016902971895655684,0.03604863876035726,0.0
0500000US51081,25.0,0,0,8617,2719,11336,11336,1133,10203,1.0,1.0,1.0
0500000US51081,100.0,8617,2719,0,0,2719,11336,1133,10203,0.23985532815808044,0.733451015004413,0.18504361462315005
0500000US51081,250.0,11277,59,0,0,59,11336,1133,10203,0.005204657727593508,0.0,0.005782612956973439
0500000US51081,1000.0,11336,0,0,0,0,11336,1133,10203,0.0,0.0,0.0
0500000US51083,25.0,0,0,9577,24334,33911,33911,7411,26500,1.0,1.0,1.0
0500000US51083,100.0,19353,14419,139,0,14558,33911,7411,26500,0.4293002270649642,0.9232222372149508,0.2911698113207547
0500000US51083,250.0,19353,14419,139,0,14558,33911,7411,26500,0.4293002270649642,0.9232222372149508,0.2911698113207547
0500000US51083,1000.0,33460,451,0,0,451,33911,7411,26500,0.01329951933001091,0.0,0.0170188679245283
0500000US51085,25.0,0,0,12893,94868,107761,107761,63143,44618,1.0,1.0,1.0
0500000US51085,100.0,21433,84628,1700,0,86328,107761,63143,44618,0.8011061515761732,0.9936493356349873,0.5286207360258192
0500000US51085,250.0,21661,84536,1564,0,86100,107761,63143,44618,0.7989903582928889,0.9936493356349873,0.523510690752611
0500000US51085,1000.0,107761,0,0,0,0,107761,63143,44618,0.0,0.0,0.0
0500000US51087,25.0,0,19,5994,324801,330814,330814,315462,15352,1.0,1.0,1.0
0500000US51087,100.0,6009,38758,285940,107,324805,330814,315462,15352,0.9818357143288978,0.9835574490746904,0.9464564877540386
0500000US51087,250.0,6009,38758,286047,0,324805,330814,315462,15352,0.9818357143288978,0.9835574490746904,0.9464564877540386
0500000US51087,1000.0,330030,784,0,0,784,330814,315462,15352,0.0023699117933340184,0.0,0.05106826472120896
0500000US51089,25.0,0,0,1904,48653,50557,50557,18837,31720,1.0,1.0,1.0
0500000US51089,100.0,1938,48536,83,0,48619,50557,18837,31720,0.9616670292936685,0.9920369485586877,0.9436317780580076
0500000US51089,250.0,1938,48536,83,0,48619,50557,18837,31720,0.9616670292936685,0.9920369485586877,0.9436317780580076
0500000US51089,1000.0,50557,0,0,0,0,50557,18837,31720,0.0,0.0,0.0
0500000US51093,25.0,0,1,5258,31850,37109,37109,15418,21691,1.0,1.0,1.0
0500000US51093,100.0,5259,29648,2202,0,31850,37109,15418,21691,0.8582823573796114,0.9973407705279543,0.7594393988290075
0500000US51093,250.0,5259,29648,2202,0,31850,37109,15418,21691,0.8582823573796114,0.9973407705279543,0.7594393988290075
0500000US51093,1000.0,36907,202,0,0,202,37109,15418,21691,0.005443423428278854,0.0,0.009312618136554332
0500000US51095,25.0,0,0,4105,72414,76519,76519,62583,13936,1.0,1.0,1.0
0500000US51095,100.0,4105,66675,5739,0,72414,76519,62583,13936,0.9463531933245338,0.9529584711503124,0.9166905855338691
0500000US51095,250.0,4105,66675,5739,0,72414,76519,62583,13936,0.9463531933245338,0.9529584711503124,0.9166905855338691
0500000US51095,1000.0,73050,3469,0,0,3469,76519,62583,13936,0.04533514551941348,0.045363756930795904,0.045206659012629165
0500000US51099,25.0,0,0,1784,25052,26836,26836,6922,19914,1.0,1.0,1.0
0500000US51099,100.0,1784,19226,5826,0,25052,26836,6922,19914,0.9335221344462662,0.9906096503900607,0.9136788189213618
0500000US51099,250.0,2093,23066,1677,0,24743,26836,6922,19914,0.9220077507825309,0.9906096503900607,0.8981620970171739
0500000US51099,1000.0,26836,0,0,0,0,26836,6922,19914,0.0,0.0,0.0
0500000US51101,25.0,0,2,10096,7050,17148,17148,2767,14381,1.0,1.0,1.0
0500000US51101,100.0,10098,6946,104,0,7050,17148,2767,14381,0.4111266620013996,0.980122876761836,0.3016480077880537
0500000US51101,250.0,10098,6946,104,0,7050,17148,2767,14381,0.4111266620013996,0.980122876761836,0.3016480077880537
0500000US51101,1000.0,17148,0,0,0,0,17148,2767,14381,0.0,0.0,0.0
0500000US51105,250.0,6356,16627,440,0,17067,23423,112,23311,0.7286427870042266,1.0,0.7273390244948736
0500000US51105,1000.0,9085,14338,0,0,14338,23423,112,23311,0.6121333731802074,0.0,0.6150744283814508
0500000US51107,25.0,0,17,1894,411609,413520,413520,336266,77254,1.0,1.0,1.0
0500000US51107,100.0,30033,86298,289233,7956,383487,413520,336266,77254,0.9273723157283807,0.9691405018645953,0.7455665726046548
0500000US51107,250.0,30033,86298,289233,7956,383487,413520,336266,77254,0.9273723157283807,0.9691405018645953,0.7455665726046548
0500000US51107,1000.0,407771,5712,37,0,5749,413520,336266,77254,0.013902592377635907,0.01456287581854841,0.011028555155720092
0500000US51117,25.0,0,0,13103,17484,30587,30587,6890,23697,1.0,1.0,1.0
0500000US51117,100.0,14131,15620,696,140,16456,30587,6890,23697,0.5380063425638343,0.9915820029027577,0.4061273578934042
0500000US51117,250.0,17230,12829,528,0,13357,30587,6890,23697,0.4366887893549547,0.9915820029027577,0.2753513102924421
0500000US51117,1000.0,27962,2625,0,0,2625,30587,6890,23697,0.08582077353123876,0.0,0.11077351563489049
0500000US51121,25.0,0,0,638,97897,98535,98535,72575,25960,1.0,1.0,1.0
0500000US51121,100.0,9398,63825,22748,2564,89137,98535,72575,25960,0.9046227228903435,0.9490458146744747,0.7804314329738059
0500000US51121,250.0,35814,61459,1262,0,62721,98535,72575,25960,0.6365352412848226,0.6643196693076128,0.5588597842835131
0500000US51121,1000.0,97628,907,0,0,907,98535,72575,25960,0.009204851068148374,0.0,0.03493836671802773
0500000US51135,25.0,0,0,6742,8490,15232,15232,6965,8267,1.0,1.0,1.0
0500000US51135,100.0,8046,7077,109,0,7186,15232,6965,8267,0.47176995798319327,0.8086145010768127,0.18797629127857748
0500000US51135,250.0,15123,109,0,0,109,15232,6965,8267,0.007155987394957983,0.01564967695620962,0.0
0500000US51135,1000.0,15232,0,0,0,0,15232,6965,8267,0.0,0.0,0.0
0500000US51137,25.0,0,0,88,36961,37049,37049,14710,22339,1.0,1.0,1.0
0500000US51137,100.0,12451,24598,0,0,24598,37049,14710,22339,0.6639315501093147,0.9841604350781781,0.45306414790277094
0500000US51137,250.0,12463,24586,0,0,24586,37049,14710,22339,0.663607654727523,0.9841604350781781,0.4525269707686109
0500000US51137,1000.0,37049,0,0,0,0,37049,14710,22339,0.0,0.0,0.0
0500000US51139,25.0,0,0,125,23777,23902,23902,4760,19142,1.0,1.0,1.0
0500000US51139,100.0,4807,19095,0,0,19095,23902,4760,19142,0.7988871224165341,0.9920168067226891,0.7508619788945774
0500000US51139,250.0,4807,19095,0,0,19095,23902,4760,19142,0.7988871224165341,0.9920168067226891,0.7508619788945774
0500000US51139,1000.0,23902,0,0,0,0,23902,4760,19142,0.0,0.0,0.0
0500000US51143,25.0,0,0,17771,42583,60354,60354,7641,52713,1.0,1.0,1.0
0500000US51143,100.0,27139,32570,645,0,33215,60354,7641,52713,0.550336348874971,0.9822012825546395,0.48773547322292415
0500000US51143,250.0,27440,32269,645,0,32914,60354,7641,52713,0.5453491069357458,0.9822012825546395,0.4820253068503026
0500000US51143,1000.0,60354,0,0,0,0,60354,7641,52713,0.0,0.0,0.0
0500000US51145,25.0,0,2,4896,24754,29652,29652,102,29550,1.0,1.0,1.0
0500000US51145,100.0,4898,22583,2171,0,24754,29652,102,29550,0.8348172130041819,0.9705882352941176,0.8343485617597293
0500000US51145,250.0,5529,22681,1442,0,24123,29652,102,29550,0.8135370295426952,0.9705882352941176,0.812994923857868
0500000US51145,1000.0,29652,0,0,0,0,29652,102,29550,0.0,0.0,0.0
0500000US51147,25.0,0,0,8281,14521,22802,22802,7782,15020,1.0,1.0,1.0
0500000US51147,100.0,10793,11640,369,0,12009,22802,7782,15020,0.5266643276905535,0.9899768696993061,0.2866178428761651
0500000US51147,250.0,22802,0,0,0,0,22802,7782,15020,0.0,0.0,0.0
0500000US51147,1000.0,22802,0,0,0,0,22802,7782,15020,0.0,0.0,0.0
0500000US51149,25.0,0,0,3989,34364,38353,38353,16603,21750,1.0,1.0,1.0
0500000US51149,100.0,3989,28791,5429,144,34364,38353,16603,21750,0.8959924908090632,0.9209179064024574,0.8769655172413793
0500000US51149,250.0,3989,29230,5134,0,34364,38353,16603,21750,0.8959924908090632,0.9209179064024574,0.8769655172413793
0500000US51149,1000.0,30358,7995,0,0,7995,38353,16603,21750,0.2084582692357834,0.0,0.36758620689655175
0500000US51153,25.0,0,17,12696,457607,470320,470320,442525,27795,1.0,1.0,1.0
0500000US51153,100.0,12784,27539,426792,3205,457536,470320,442525,27795,0.9728185065487328,0.9758725495734705,0.9241949991005577
0500000US51153,250.0,14837,28266,427015,202,455483,470320,442525,27795,0.9684533934342575,0.9712332636574205,0.9241949991005577
0500000US51153,1000.0,470320,0,0,0,0,470320,442525,27795,0.0,0.0,0.0
0500000US51155,25.0,0,0,72,33955,34027,34027,18087,15940,1.0,1.0,1.0
0500000US51155,100.0,4455,29367,205,0,29572,34027,18087,15940,0.8690745584388868,0.9563222203792779,0.7700752823086575
0500000US51155,250.0,8926,25101,0,0,25101,34027,18087,15940,0.7376789020483734,0.8253441698457455,0.6382057716436638
0500000US51155,1000.0,34027,0,0,0,0,34027,18087,15940,0.0,0.0,0.0
0500000US51161,25.0,0,0,1161,93023,94184,94184,76114,18070,1.0,1.0,1.0
0500000US51161,100.0,2517,88355,3312,0,91667,94184,76114,18070,0.9732757156204875,0.9915652836534672,0.8962368566685114
0500000US51161,250.0,2517,88355,3312,0,91667,94184,76114,18070,0.9732757156204875,0.9915652836534672,0.8962368566685114
0500000US51161,1000.0,94184,0,0,0,0,94184,76114,18070,0.0,0.0,0.0
0500000US51163,25.0,0,0,3366,19207,22573,22573,1884,20689,1.0,1.0,1.0
0500000US51163,100.0,6029,10885,5659,0,16544,22573,1884,20689,0.7329109998670978,0.9899150743099787,0.7095074677364783
0500000US51163,250.0,6029,11072,5472,0,16544,22573,1884,20689,0.7329109998670978,0.9899150743099787,0.7095074677364783
0500000US51163,1000.0,11542,10992,39,0,11031,22573,1884,20689,0.48868116776680104,0.6279193205944799,0.47600174005510176
0500000US51165,25.0,0,2,903,81040,81945,81945,32028,49917,1.0,1.0,1.0
0500000US51165,100.0,14795,66751,399,0,67150,81945,32028,49917,0.8194520715113796,0.9849818908455101,0.7132439850151251
0500000US51165,250.0,14883,67062,0,0,67062,81945,32028,49917,0.8183781804869119,0.9829211939552891,0.7128032534006451
0500000US51165,1000.0,81945,0,0,0,0,81945,32028,49917,0.0,0.0,0.0
0500000US51167,25.0,0,0,2791,23795,26586,26586,3051,23535,1.0,1.0,1.0
0500000US51167,100.0,3236,12931,9582,837,23350,26586,3051,23535,0.8782818024524186,0.9957391019337922,0.8630550244316975
0500000US51167,250.0,11605,14981,0,0,14981,26586,3051,23535,0.5634920634920635,0.7633562766306129,0.537582324198003
0500000US51167,1000.0,26586,0,0,0,0,26586,3051,23535,0.0,0.0,0.0
0500000US51169,25.0,0,0,3757,17808,21565,21565,3710,17855,1.0,1.0,1.0
0500000US51169,100.0,3757,9809,6566,1433,17808,21565,3710,17855,0.8257825179689311,0.9409703504043126,0.8018482217866144
0500000US51169,250.0,13580,7815,170,0,7985,21565,3710,17855,0.37027591003941573,0.6194070080862534,0.3185102212265472
0500000US51169,1000.0,21222,343,0,0,343,21565,3710,17855,0.015905402272200324,0.0,0.019210305236628394
0500000US51171,25.0,0,1,3851,39764,43616,43616,14331,29285,1.0,1.0,1.0
0500000US51171,100.0,6464,32593,4559,0,37152,43616,14331,29285,0.8517975055025678,0.987160700579164,0.7855557452620796
0500000US51171,250.0,42222,1394,0,0,1394,43616,14331,29285,0.03196074834922964,0.004186728072011723,0.04555233054464743
0500000US51171,1000.0,43616,0,0,0,0,43616,14331,29285,0.0,0.0,0.0
0500000US51173,25.0,0,0,1958,28146,30104,30104,7655,22449,1.0,1.0,1.0
0500000US51173,100.0,2348,19186,8570,0,27756,30104,7655,22449,0.9220037204358225,0.9472240365774004,0.9134037150875317
0500000US51173,250.0,2348,19199,8557,0,27756,30104,7655,22449,0.9220037204358225,0.9472240365774004,0.9134037150875317
0500000US51173,1000.0,30104,0,0,0,0,30104,7655,22449,0.0,0.0,0.0
0500000US51175,250.0,9247,8384,0,0,8384,17631,376,17255,0.47552606204979864,1.0,0.4640973630831643
0500000US51175,1000.0,17589,42,0,0,42,17631,376,17255,0.0023821677726731326,0.0,0.002434077079107505
0500000US51177,25.0,0,2,2108,134103,136213,136213,87734,48479,1.0,1.0,1.0
0500000US51177,100.0,6442,35152,88211,6408,129771,136213,87734,48479,0.952706423028639,0.992408872273007,0.8808556282101528
0500000US51177,250.0,6442,35152,88240,6379,129771,136213,87734,48479,0.952706423028639,0.992408872273007,0.8808556282101528
0500000US51177,1000.0,135916,297,0,0,297,136213,87734,48479,0.002180408624727449,0.0027127453438803655,0.0012170218032550176
0500000US51179,25.0,0,8,1823,151048,152879,152879,118731,34148,1.0,1.0,1.0
0500000US51179,100.0,1946,31100,105323,14510,150933,152879,118731,34148,0.9872709790095435,0.9926051326106914,0.9687243762445824
0500000US51179,250.0,2454,31894,104021,14510,150425,152879,118731,34148,0.9839480896656834,0.9926051326106914,0.953847955956425
0500000US51179,1000.0,150148,2731,0,0,2731,152879,118731,34148,0.017863800783626267,0.007984435404401547,0.05221389246808012
0500000US51185,25.0,0,0,451,40144,40595,40595,19897,20698,1.0,1.0,1.0
0500000US51185,100.0,1825,22125,16043,602,38770,40595,19897,20698,0.9550437245966252,0.9836658792782832,0.9275292298772828
0500000US51185,250.0,23152,17278,165,0,17443,40595,19897,20698,0.42968345855400913,0.3274865557621752,0.5279254034206203
0500000US51185,1000.0,40595,0,0,0,0,40595,19897,20698,0.0,0.0,0.0
0500000US51187,25.0,0,3,3248,36913,40164,40164,19339,20825,1.0,1.0,1.0
0500000US51187,100.0,4155,35765,244,0,36009,40164,19339,20825,0.8965491484911862,0.9417239774548839,0.8545978391356542
0500000US51187,250.0,7210,32711,243,0,32954,40164,19339,20825,0.8204860073697838,0.9416205594911836,0.7079951980792317
0500000US51187,1000.0,40101,63,0,0,63,40164,19339,20825,0.001568568867642665,0.0,0.0030252100840336134
0500000US51191,25.0,0,0,430,53310,53740,53740,14716,39024,1.0,1.0,1.0
0500000US51191,100.0,528,10166,37470,5576,53212,53740,14716,39024,0.9901749162634909,0.9883799945637401,0.9908517835178352
0500000US51191,250.0,536,10908,40874,1422,53204,53740,14716,39024,0.9900260513583923,0.9883799945637401,0.9906467814678147
0500000US51191,1000.0,53740,0,0,0,0,53740,14716,39024,0.0,0.0,0.0
0500000US51193,25.0,0,0,1093,16922,18015,18015,3723,14292,1.0,1.0,1.0
0500000US51193,100.0,1812,16121,82,0,16203,18015,3723,14292,0.8994171523730224,0.9938221864088101,0.8748250769661349
0500000US51193,250.0,1890,16043,82,0,16125,18015,3723,14292,0.8950874271440467,0.9938221864088101,0.8693674783095438
0500000US51193,1000.0,18015,0,0,0,0,18015,3723,14292,0.0,0.0,0.0
0500000US51195,25.0,0,0,1358,36025,37383,37383,15664,21719,1.0,1.0,1.0
0500000US51195,100.0,1391,27892,6897,1203,35992,37383,15664,21719,0.962790573255223,0.9835291113381001,0.9478336940006445
0500000US51195,250.0,28750,6886,1747,0,8633,37383,15664,21719,0.23093384693577296,0.14670582226762002,0.2916800957686818
0500000US51195,1000.0,33513,3845,25,0,3870,37383,15664,21719,0.10352299173421074,0.12800051072522983,0.08586951517104839
0500000US51197,25.0,0,0,2942,25742,28684,28684,7017,21667,1.0,1.0,1.0
0500000US51197,100.0,11783,13474,2857,570,16901,28684,7017,21667,0.5892134988146702,0.9970072680632749,0.4571468131259519
0500000US51197,250.0,22031,5942,142,569,6653,28684,7017,21667,0.23194115186166503,0.27903662533846374,0.21668897401578438
0500000US51197,1000.0,27397,1287,0,0,1287,28684,7017,21667,0.04486821921628783,0.00014251104460595695,0.05935293303179951
0500000US51199,25.0,0,2,1133,67142,68277,68277,63725,4552,1.0,1.0,1.0
0500000US51199,100.0,1135,15791,49179,2172,67142,68277,63725,4552,0.9833765396839346,0.9864888191447626,0.9398066783831283
0500000US51199,250.0,1135,15791,49179,2172,67142,68277,63725,4552,0.9833765396839346,0.9864888191447626,0.9398066783831283
0500000US51199,1000.0,67857,420,0,0,420,68277,63725,4552,0.006151412627971352,0.0006590819929384072,0.08304042179261863
0500000US51520,250.0,0,61,15510,1172,16743,16743,16735,8,1.0,1.0,1.0
0500000US51520,1000.0,16743,0,0,0,0,16743,16735,8,0.0,0.0,0.0
0500000US51530,25.0,0,0,179,6296,6475,6475,6204,271,1.0,1.0,1.0
0500000US51530,100.0,181,6012,282,0,6294,6475,6204,271,0.9720463320463321,0.9761444229529336,0.8782287822878229
0500000US51530,250.0,181,6012,282,0,6294,6475,6204,271,0.9720463320463321,0.9761444229529336,0.8782287822878229
0500000US51530,1000.0,6193,282,0,0,282,6475,6204,271,0.04355212355212355,0.026273372018052868,0.43911439114391143
0500000US51550,25.0,0,6,4427,240393,244826,244826,223178,21648,1.0,1.0,1.0
0500000US51550,100.0,4430,81718,155720,2958,240396,244826,223178,21648,0.9819055165709525,0.9856034196919051,0.9437823355506282
0500000US51550,250.0,4430,81787,155665,2944,240396,244826,223178,21648,0.9819055165709525,0.9856034196919051,0.9437823355506282
0500000US51550,1000.0,239501,5325,0,0,5325,244826,223178,21648,0.02175014091640594,0.01734938031526405,0.06711936437546194
0500000US51580,25.0,0,2,15,5521,5538,5538,5537,1,1.0,1.0,1.0
0500000US51580,100.0,28,3290,2220,0,5510,5538,5537,1,0.9949440231130372,0.995123713202095,0.0
0500000US51580,250.0,4227,1311,0,0,1311,5538,5537,1,0.23672806067172264,0.23677081452049847,0.0
0500000US51580,1000.0,4227,1311,0,0,1311,5538,5537,1,0.23672806067172264,0.23677081452049847,0.0
0500000US51590,25.0,0,0,356,39688,40044,40044,38277,1767,1.0,1.0,1.0
0500000US51590,100.0,356,33692,5996,0,39688,40044,38277,1767,0.9911097792428328,0.9914047600386655,0.9847198641765704
0500000US51590,250.0,356,33692,5996,0,39688,40044,38277,1767,0.9911097792428328,0.9914047600386655,0.9847198641765704
0500000US51590,1000.0,39839,205,0,0,205,40044,38277,1767,0.005119368694436121,0.005355696632442459,0.0
0500000US51595,25.0,0,0,214,5131,5345,5345,4966,379,1.0,1.0,1.0
0500000US51595,100.0,214,5131,0,0,5131,5345,4966,379,0.9599625818521983,0.959726137736609,0.9630606860158312
0500000US51595,250.0,5345,0,0,0,0,5345,4966,379,0.0,0.0,0.0
0500000US51595,1000.0,5345,0,0,0,0,5345,4966,379,0.0,0.0,0.0
0500000US51620,250.0,1,7809,157,0,7966,7967,7685,282,0.9998744822392368,0.9998698763825634,1.0
0500000US51620,1000.0,7967,0,0,0,0,7967,7685,282,0.0,0.0,0.0
0500000US51630,25.0,0,3,1905,27128,29036,29036,28643,393,1.0,1.0,1.0
0500000US51630,100.0,1908,2248,21466,3414,27128,29036,28643,393,0.9342884694861551,0.9338756415179974,0.9643765903307888
0500000US51630,250.0,1908,2248,21466,3414,27128,29036,28643,393,0.9342884694861551,0.9338756415179974,0.9643765903307888
0500000US51630,1000.0,27737,1299,0,0,1299,29036,28643,393,0.04473756715801074,0.03365569249031177,0.8524173027989822
0500000US51640,25.0,0,0,1,6346,6347,6347,5437,910,1.0,1.0,1.0
0500000US51640,100.0,272,4419,1656,0,6075,6347,5437,910,0.957145107925004,0.9508920360492918,0.9945054945054945
0500000US51640,250.0,272,4419,1656,0,6075,6347,5437,910,0.957145107925004,0.9508920360492918,0.9945054945054945
0500000US51640,1000.0,4591,1756,0,0,1756,6347,5437,910,0.27666614148416574,0.2769909876770278,0.27472527472527475
0500000US51650,250.0,2818,40864,90376,452,131692,134510,134153,357,0.9790498847669318,0.9789941335639158,1.0
0500000US51650,1000.0,133912,598,0,0,598,134510,134153,357,0.004445766114043566,0.004457596922916371,0.0
0500000US51670,25.0,0,0,381,22148,22529,22529,22517,12,1.0,1.0,1.0
0500000US51670,100.0,381,22144,4,0,22148,22529,22517,12,0.9830884637578232,0.9833903273082559,0.4166666666666667
0500000US51670,250.0,381,22144,4,0,22148,22529,22517,12,0.9830884637578232,0.9833903273082559,0.4166666666666667
0500000US51670,1000.0,22529,0,0,0,0,22529,22517,12,0.0,0.0,0.0
0500000US51680,25.0,0,2,7456,74710,82168,82168,79589,2579,1.0,1.0,1.0
0500000US51680,100.0,8952,71925,1291,0,73216,82168,79589,2579,0.891052477850258,0.8897209413361142,0.9321442419542458
0500000US51680,250.0,79271,2897,0,0,2897,82168,79589,2579,0.03525703436861065,0.036286421490406964,0.0034897246994959287
0500000US51680,1000.0,81551,617,0,0,617,82168,79589,2579,0.007509005939051699,0.007752327582957444,0.0
0500000US51700,25.0,0,0,2972,176249,179221,179221,179129,92,1.0,1.0,1.0
0500000US51700,100.0,2972,19217,157032,0,176249,179221,179129,92,0.9834171218774586,0.9835425866275143,0.7391304347826086
0500000US51700,250.0,2972,19217,157032,0,176249,179221,179129,92,0.9834171218774586,0.9835425866275143,0.7391304347826086
0500000US51700,1000.0,177678,1543,0,0,1543,179221,179129,92,0.008609482147739383,0.008613903946318016,0.0
0500000US51720,25.0,0,0,134,3847,3981,3981,3866,115,1.0,1.0,1.0
0500000US51720,100.0,134,3254,542,51,3847,3981,3866,115,0.9663401155488571,0.97128815312985,0.8
0500000US51720,250.0,3496,485,0,0,485,3981,3866,115,0.12182868625973374,0.12545266425245732,0.0
0500000US51720,1000.0,3541,440,0,0,440,3981,3866,115,0.11052499372017081,0.11381272633212623,0.0
0500000US51730,25.0,0,0,450,30896,31346,31346,30661,685,1.0,1.0,1.0
0500000US51730,100.0,450,30643,253,0,30896,31346,30661,685,0.9856441013207426,0.9866605785851733,0.9401459854014599
0500000US51730,250.0,450,30643,253,0,30896,31346,30661,685,0.9856441013207426,0.9866605785851733,0.9401459854014599
0500000US51730,1000.0,31346,0,0,0,0,31346,30661,685,0.0,0.0,0.0
0500000US51735,250.0,107,58,12106,0,12164,12271,11475,796,0.9912802542580067,0.9906753812636165,1.0
0500000US51735,1000.0,12271,0,0,0,0,12271,11475,796,0.0,0.0,0.0
0500000US51750,25.0,0,0,10,18239,18249,18249,17643,606,1.0,1.0,1.0
0500000US51750,100.0,213,17228,808,0,18036,18249,17643,606,0.9883281275686339,0.9913846851442498,0.8993399339933993
0500000US51750,250.0,17441,808,0,0,808,18249,17643,606,0.04427639870677846,0.04579720002267188,0.0
0500000US51750,1000.0,18249,0,0,0,0,18249,17643,606,0.0,0.0,0.0
0500000US51770,25.0,0,0,13,99130,99143,99143,99130,13,1.0,1.0,1.0
0500000US51770,100.0,1424,95078,2641,0,97719,99143,99130,13,0.9856369083041667,0.9856854635327348,0.6153846153846154
0500000US51770,250.0,1424,95108,2611,0,97719,99143,99130,13,0.9856369083041667,0.9856854635327348,0.6153846153846154
0500000US51770,1000.0,99017,126,0,0,126,99143,99130,13,0.001270891540502103,0.0012710582063956422,0.0
0500000US51790,25.0,0,0,20,24912,24932,24932,23946,986,1.0,1.0,1.0
0500000US51790,100.0,602,23101,1229,0,24330,24932,23946,986,0.9758543237606289,0.9778668671176814,0.9269776876267748
0500000US51790,250.0,602,23101,1229,0,24330,24932,23946,986,0.9758543237606289,0.9778668671176814,0.9269776876267748
0500000US51790,1000.0,23689,1243,0,0,1243,24932,23946,986,0.04985560725172469,0.051908460703248976,0.0
0500000US51800,25.0,0,0,4970,87138,92108,92108,69975,22133,1.0,1.0,1.0
0500000US51800,100.0,4966,85095,2047,0,87142,92108,69975,22133,0.9460850306162332,0.9957699178277957,0.7890028464284101
0500000US51800,250.0,4966,85095,2047,0,87142,92108,69975,22133,0.9460850306162332,0.9957699178277957,0.7890028464284101
0500000US51800,1000.0,92108,0,0,0,0,92108,69975,22133,0.0,0.0,0.0
0500000US51810,25.0,0,0,7583,442391,449974,449974,442409,7565,1.0,1.0,1.0
0500000US51810,100.0,7582,139269,302637,486,442392,449974,442409,7565,0.9831501375635037,0.9832033254296364,0.980039656311963
0500000US51810,250.0,7582,139269,302846,277,442392,449974,442409,7565,0.9831501375635037,0.9832033254296364,0.980039656311963
0500000US51810,1000.0,445392,4582,0,0,4582,449974,442409,7565,0.01018281056238805,0.010356932160060036,0.0
0500000US51820,25.0,0,1,365,22264,22630,22630,21993,637,1.0,1.0,1.0
0500000US51820,100.0,517,12503,9610,0,22113,22630,21993,637,0.9771542200618648,0.9794480061837858,0.8979591836734694
0500000US51820,250.0,525,15293,6812,0,22105,22630,21993,637,0.9768007070260716,0.9790842540808439,0.8979591836734694
0500000US51820,1000.0,15783,6847,0,0,6847,22630,21993,637,0.3025629695095007,0.3098258536807166,0.05180533751962323
0500000US53001,100.0,1590,8234,10156,0,18390,19980,11437,8543,0.9204204204204204,1.0,0.813882710991455
0500000US53001,250.0,19980,0,0,0,0,19980,11437,8543,0.0,0.0,0.0
0500000US53001,1000.0,19980,0,0,0,0,19980,11437,8543,0.0,0.0,0.0
0500000US53003,25.0,0,0,1565,21017,22582,22582,20584,1998,1.0,1.0,1.0
0500000US53003,100.0,1617,10406,10559,0,20965,22582,20584,1998,0.9283942963422195,0.9848911776136805,0.34634634634634637
0500000US53003,250.0,1797,20785,0,0,20785,22582,20584,1998,0.9204233460278097,0.9839195491643995,0.26626626626626626
0500000US53003,1000.0,22582,0,0,0,0,22582,20584,1998,0.0,0.0,0.0
0500000US53005,25.0,0,0,4852,199535,204387,204387,172472,31915,1.0,1.0,1.0
0500000US53005,100.0,5749,21458,172862,4318,198638,204387,172472,31915,0.9718719879444387,0.9971647571779767,0.8351872160426131
0500000US53005,250.0,25134,178720,533,0,179253,204387,172472,31915,0.8770274038955511,0.9808258731852126,0.31608961303462324
0500000US53005,1000.0,204373,14,0,0,14,204387,172472,31915,6.849750718000656e-05,0.0,0.0004386652044493185
0500000US53007,100.0,0,5361,12609,59230,77200,77200,54550,22650,1.0,1.0,1.0
0500000US53007,250.0,6185,14752,55875,388,71015,77200,54550,22650,0.9198834196891191,0.9906324472960587,0.7494922737306843
0500000US53007,1000.0,9748,65580,1872,0,67452,77200,54550,22650,0.8737305699481865,0.9732905591200733,0.6339514348785872
0500000US53009,25.0,0,0,17619,59712,77331,77331,47812,29519,1.0,1.0,1.0
0500000US53009,100.0,26714,37942,12675,0,50617,77331,47812,29519,0.6545499217648808,0.8376767338743412,0.35793895457163183
0500000US53009,250.0,41934,31365,4032,0,35397,77331,47812,29519,0.4577336385149552,0.5949343261105998,0.23550933297198415
0500000US53009,1000.0,46490,30841,0,0,30841,77331,47812,29519,0.39881806778652806,0.5129047101146156,0.214031640638233
0500000US53011,25.0,0,3,18109,470128,488240,488240,411680,76560,1.0,1.0,1.0
0500000US53011,100.0,34138,111664,338770,3668,454102,488240,411680,76560,0.9300794691135507,0.991614846482705,0.5991901776384535
0500000US53011,250.0,38814,349240,99170,1016,449426,488240,411680,76560,0.920502212026872,0.989683734939759,0.5484979101358411
0500000US53011,1000.0,483621,4619,0,0,4619,488240,411680,76560,0.009460511223988203,0.010962397979012826,0.0013845350052246604
0500000US53013,25.0,0,0,0,3985,3985,3985,2452,1533,1.0,1.0,1.0
0500000US53013,100.0,3842,143,0,0,143,3985,2452,1533,0.03588456712672522,0.01264274061990212,0.0730593607305936
0500000US53013,250.0,3842,143,0,0,143,3985,2452,1533,0.03588456712672522,0.01264274061990212,0.0730593607305936
0500000US53013,1000.0,3945,40,0,0,40,3985,2452,1533,0.010037641154328732,0.01264274061990212,0.005870841487279843
0500000US53015,25.0,0,4,9722,100865,110591,110591,75210,35381,1.0,1.0,1.0
0500000US53015,100.0,14240,57835,38439,77,96351,110591,75210,35381,0.8712372616216509,0.9887116074990028,0.6215200248721064
0500000US53015,250.0,14846,60950,34718,77,95745,110591,75210,35381,0.8657576113788644,0.9882329477463103,0.6054096831632797
0500000US53015,1000.0,110508,83,0,0,83,110591,75210,35381,0.0007505131520648155,0.001103576652040952,0.0
0500000US53017,250.0,3176,10658,29483,112,40253,43429,29237,14192,0.926869142738723,1.0,0.7762119503945885
0500000US53017,1000.0,3973,39344,112,0,39456,43429,29237,14192,0.9085173501577287,0.9811540171700243,0.7588782412626832
0500000US53021,100.0,101,21846,66560,6712,95118,95219,76536,18683,0.9989392873271091,1.0,0.9945940159503291
0500000US53021,250.0,22224,69100,3665,230,72995,95219,76536,18683,0.76660120354131,0.9353506846451343,0.07530910453353316
0500000US53021,1000.0,94755,464,0,0,464,95219,76536,18683,0.004872977031894895,0.0013980349116755513,0.01910828025477707
0500000US53025,25.0,0,1,6810,90922,97733,97733,56873,40860,1.0,1.0,1.0
0500000US53025,100.0,16287,36576,40495,4375,81446,97733,56873,40860,0.8333520919239151,0.9997538374975823,0.6017376407244248
0500000US53025,250.0,16985,77300,3448,0,80748,97733,56873,40860,0.8262101848914901,0.993300863327062,0.5936368086147822
0500000US53025,1000.0,16987,80721,25,0,80746,97733,56873,40860,0.8261897209744917,0.993300863327062,0.593587860988742
0500000US53027,25.0,0,12,8551,66497,75060,75060,44266,30794,1.0,1.0,1.0
0500000US53027,100.0,8723,45820,20429,88,66337,75060,44266,30794,0.8837863042899015,0.9908055844214522,0.729947392349159
0500000US53027,250.0,9000,45569,20403,88,66060,75060,44266,30794,0.8800959232613909,0.9908055844214522,0.7209521335325063
0500000US53027,1000.0,74757,303,0,0,303,75060,44266,30794,0.0040367705835331735,0.0036145122667510052,0.004643761771773722
0500000US53029,25.0,0,0,1097,84044,85141,85141,43594,41547,1.0,1.0,1.0
0500000US53029,100.0,4946,65567,13949,679,80195,85141,43594,41547,0.9419081288685827,0.9726109097582236,0.909692637254194
0500000US53029,250.0,12942,59805,12077,317,72199,85141,43594,41547,0.8479933287135457,0.8925769601321283,0.8012130839771825
0500000US53029,1000.0,56943,27214,984,0,28198,85141,43594,41547,0.33119178774033664,0.17378538330962975,0.49635352733049315
0500000US53031,25.0,0,0,4780,27440,32220,32220,13200,19020,1.0,1.0,1.0
0500000US53031,100.0,10301,21698,221,0,21919,32220,13200,19020,0.6802917442582247,0.8722727272727273,0.5470557308096741
0500000US53031,250.0,21851,10148,221,0,10369,32220,13200,19020,0.3218187461204221,0.30507575757575756,0.33343848580441643
0500000US53031,1000.0,21958,10262,0,0,10262,32220,13200,19020,0.31849782743637495,0.30507575757575756,0.32781282860147215
0500000US53033,25.0,0,53,60165,2192541,2252759,2252759,2138909,113850,1.0,1.0,1.0
0500000US53033,100.0,69044,627176,1473233,83306,2183715,2252759,2138909,113850,0.9693513598214456,0.9827851488773015,0.7169696969696969
0500000US53033,250.0,94286,1430244,705593,22636,2158473,2252759,2138909,113850,0.9581464328851865,0.9746127581865334,0.648792270531401
0500000US53033,1000.0,2172486,78476,1797,0,80273,2252759,2138909,113850,0.03563319467373119,0.03457089572300645,0.055590689503732985
0500000US53035,25.0,0,5,8005,263460,271470,271470,224256,47214,1.0,1.0,1.0
0500000US53035,100.0,13894,211711,42814,3051,257576,271470,224256,47214,0.9488193907245737,0.9606342751141552,0.8927013174058542
0500000US53035,250.0,37123,203932,27558,2857,234347,271470,224256,47214,0.863251924706229,0.8831959902968036,0.7685220485449231
0500000US53035,1000.0,174451,97019,0,0,97019,271470,224256,47214,0.3573838729878071,0.341056649543379,0.43493455331045877
0500000US53037,25.0,0,0,6191,41735,47926,47926,25922,22004,1.0,1.0,1.0
0500000US53037,100.0,17431,30133,362,0,30495,47926,25922,22004,0.6362934524057923,0.9200293187254069,0.30203599345573534
0500000US53037,250.0,20618,26963,345,0,27308,47926,25922,22004,0.5697951007803698,0.845266568937582,0.24527358662061444
0500000US53037,1000.0,47926,0,0,0,0,47926,25922,22004,0.0,0.0,0.0
0500000US53039,25.0,0,0,8486,13939,22425,22425,8268,14157,1.0,1.0,1.0
0500000US53039,100.0,10871,10994,429,131,11554,22425,8268,14157,0.5152285395763657,0.9912917271407837,0.23719714628805538
0500000US53039,250.0,14286,7838,301,0,8139,22425,8268,14157,0.36294314381270903,0.6133284954039671,0.21671258034894397
0500000US53039,1000.0,21956,469,0,0,469,22425,8268,14157,0.020914158305462654,0.0440251572327044,0.0074168255986437805
0500000US53041,25.0,0,7,18996,61700,80703,80703,30474,50229,1.0,1.0,1.0
0500000US53041,100.0,31140,48845,718,0,49563,80703,30474,50229,0.6141407382625181,0.9668898077049288,0.4001274164327381
0500000US53041,250.0,39612,41085,6,0,41091,80703,30474,50229,0.5091632281327831,0.9369626566909497,0.24961675526090504
0500000US53041,1000.0,73747,6956,0,0,6956,80703,30474,50229,0.08619258267970212,0.004134672179562906,0.13597722431264808
0500000US53045,25.0,0,0,4079,62683,66762,66762,23215,43547,1.0,1.0,1.0
0500000US53045,100.0,15650,34242,14968,1902,51112,66762,23215,43547,0.7655852131452023,0.969631703639888,0.6568075872046295
0500000US53045,250.0,18607,31616,14637,1902,48155,66762,23215,43547,0.7212935502231809,0.9383157441309499,0.605598548694514
0500000US53045,1000.0,28472,33186,5104,0,38290,66762,23215,43547,0.573529852311195,0.5446478569890157,0.5889269065607274
0500000US53047,100.0,2232,13589,18247,8175,40011,42243,8261,33982,0.9471628435480435,1.0,0.9343181684421165
0500000US53047,250.0,25556,16656,31,0,16687,42243,8261,33982,0.3950240276495514,0.998305289916475,0.2483667824142193
0500000US53047,1000.0,42243,0,0,0,0,42243,8261,33982,0.0,0.0,0.0
0500000US53049,25.0,0,0,3302,19165,22467,22467,7602,14865,1.0,1.0,1.0
0500000US53049,100.0,3303,19115,49,0,19164,22467,7602,14865,0.8529843770863934,0.9927650618258353,0.7815001681802892
0500000US53049,250.0,3303,19115,49,0,19164,22467,7602,14865,0.8529843770863934,0.9927650618258353,0.7815001681802892
0500000US53049,1000.0,22467,0,0,0,0,22467,7602,14865,0.0,0.0,0.0
0500000US53051,100.0,10,8812,4590,310,13712,13722,2224,11498,0.9992712432590002,1.0,0.99913028352757
0500000US53051,250.0,10899,2800,23,0,2823,13722,2224,11498,0.20572802798425885,0.9973021582733813,0.052617846582014266
0500000US53051,1000.0,13722,0,0,0,0,13722,2224,11498,0.0,0.0,0.0
0500000US53053,25.0,0,20,23957,880999,904976,904976,831287,73689,1.0,1.0,1.0
0500000US53053,100.0,29730,245515,306351,323380,875246,904976,831287,73689,0.9671483000654161,0.993085420558724,0.6745511541749786
0500000US53053,250.0,44747,678961,178484,2784,860229,904976,831287,73689,0.9505544898428245,0.9856668034024351,0.5544518177747018
0500000US53053,1000.0,885919,19057,0,0,19057,904976,831287,73689,0.021058017008185853,0.01747651533104692,0.06146100503467274
0500000US53057,25.0,0,0,5044,124157,129201,129201,88752,40449,1.0,1.0,1.0
0500000US53057,100.0,15654,96768,16307,472,113547,129201,88752,40449,0.8788399470592333,0.9739724175229854,0.6701030927835051
0500000US53057,250.0,26086,97470,5645,0,103115,129201,88752,40449,0.7980975379447528,0.9536010456102397,0.45689633859922374
0500000US53057,1000.0,107547,21654,0,0,21654,129201,88752,40449,0.16759932198667193,0.09410492157923202,0.32885856263442853
0500000US53061,25.0,0,5,21765,800300,822070,822070,719927,102143,1.0,1.0,1.0
0500000US53061,100.0,37871,237611,522125,24463,784199,822070,719927,102143,0.9539321468974662,0.9883863225021425,0.7110913131590025
0500000US53061,250.0,66805,732183,23082,0,755265,822070,719927,102143,0.9187356307856995,0.9689412954368984,0.5648747344409308
0500000US53061,1000.0,765027,57043,0,0,57043,822070,719927,102143,0.06938946805016605,0.04734507804263488,0.22476332200933985
0500000US53063,25.0,0,0,17,522776,522793,522793,441840,80953,1.0,1.0,1.0
0500000US53063,100.0,56870,238560,224870,2493,465923,522793,441840,80953,0.8912188954328004,0.9512538475466232,0.56354921991773
0500000US53063,250.0,83467,364371,74955,0,439326,522793,441840,80953,0.8403440749971787,0.9500475285171103,0.241584623176411
0500000US53063,1000.0,521907,886,0,0,886,522793,441840,80953,0.001694743426174413,0.0003372261452109361,0.009104048027868022
0500000US53065,100.0,0,25406,10042,10275,45723,45723,8946,36777,1.0,1.0,1.0
0500000US53065,250.0,28944,16773,6,0,16779,45723,8946,36777,0.3669706712157995,0.9605410239213056,0.2225847676536966
0500000US53065,1000.0,45723,0,0,0,0,45723,8946,36777,0.0,0.0,0.0
0500000US53067,25.0,0,12,6897,283619,290528,290528,222065,68463,1.0,1.0,1.0
0500000US53067,100.0,19621,141212,124374,5321,270907,290528,222065,68463,0.9324643407864303,0.976173642852318,0.7906898616771103
0500000US53067,250.0,21210,251872,17329,117,269318,290528,222065,68463,0.9269949884348496,0.9743453493346542,0.7734104552824154
0500000US53067,1000.0,284405,6123,0,0,6123,290528,222065,68463,0.021075421301905498,0.02625807758989485,0.0042650774871098255
0500000US53071,25.0,0,0,1,60759,60760,60760,49443,11317,1.0,1.0,1.0
0500000US53071,100.0,4173,44921,11006,660,56587,60760,49443,11317,0.9313199473337722,0.999190987601885,0.6347972077405672
0500000US53071,250.0,4854,48502,7191,213,55906,60760,49443,11317,0.9201119157340355,0.999190987601885,0.5746222497128214
0500000US53071,1000.0,52998,7649,113,0,7762,60760,49443,11317,0.12774851876234364,0.12379912222154804,0.14500309269240966
0500000US53073,25.0,0,11,5281,223952,229244,229244,163017,66227,1.0,1.0,1.0
0500000US53073,100.0,26913,164004,34168,4159,202331,229244,163017,66227,0.8826010713475598,0.9874859677211579,0.6244281033415374
0500000US53073,250.0,30389,166782,29161,2912,198855,229244,163017,66227,0.8674381881314233,0.9874368930847703,0.572062753861718
0500000US53073,1000.0,215372,13743,129,0,13872,229244,163017,66227,0.060511943605939526,0.041345381156566496,0.10769021698098963
0500000US53075,25.0,0,0,7611,42178,49789,49789,33278,16511,1.0,1.0,1.0
0500000US53075,100.0,15810,30630,3349,0,33979,49789,33278,16511,0.6824599811203278,0.9283911292745959,0.18678456786384834
0500000US53075,250.0,17044,31404,1341,0,32745,49789,33278,16511,0.6576753901464178,0.9283911292745959,0.11204651444491551
0500000US53075,1000.0,48436,1353,0,0,1353,49789,33278,16511,0.027174677137520337,0.04029689284211792,0.0007267882018048574
0500000US53077,25.0,0,0,14958,235915,250873,250873,188613,62260,1.0,1.0,1.0
0500000US53077,100.0,19127,74753,121218,35775,231746,250873,188613,62260,0.9237582362390532,0.9911087782920583,0.7197237391583682
0500000US53077,250.0,51140,164423,33431,1879,199733,250873,188613,62260,0.7961518377824637,0.9700550863408143,0.2693221972373916
0500000US53077,1000.0,219923,30950,0,0,30950,250873,188613,62260,0.12336919477185668,0.16409261291639496,0.0
0500000US54001,25.0,0,0,2171,14270,16441,16441,2299,14142,1.0,1.0,1.0
0500000US54001,100.0,9580,6733,128,0,6861,16441,2299,14142,0.41731038258013503,0.7572857764245324,0.3620421439683213
0500000US54001,250.0,15370,1071,0,0,1071,16441,2299,14142,0.06514202299130223,0.23444976076555024,0.03761844152170839
0500000US54001,1000.0,15713,728,0,0,728,16441,2299,14142,0.04427954503983943,0.17050891692040018,0.023759015697921087
0500000US54003,25.0,0,0,4220,114950,119170,119170,79198,39972,1.0,1.0,1.0
0500000US54003,100.0,7509,110577,1084,0,111661,119170,79198,39972,0.9369891751279684,0.9773731659890401,0.8569748824176924
0500000US54003,250.0,7509,111661,0,0,111661,119170,79198,39972,0.9369891751279684,0.9773731659890401,0.8569748824176924
0500000US54003,1000.0,119170,0,0,0,0,119170,79198,39972,0.0,0.0,0.0
0500000US54005,25.0,0,0,1770,19687,21457,21457,4559,16898,1.0,1.0,1.0
0500000US54005,100.0,2850,17182,1257,168,18607,21457,4559,16898,0.8671762128908981,0.9113840754551437,0.8552491419102852
0500000US54005,250.0,9809,11479,169,0,11648,21457,4559,16898,0.5428531481567787,0.6957666154858522,0.5015978222274825
0500000US54005,1000.0,21210,247,0,0,247,21457,4559,16898,0.011511394882788833,0.0,0.014617114451414368
0500000US54009,25.0,0,0,1622,20317,21939,21939,13205,8734,1.0,1.0,1.0
0500000US54009,100.0,3860,17739,340,0,18079,21939,13205,8734,0.8240576142941793,0.9603180613404013,0.6180444240897641
0500000US54009,250.0,4884,17055,0,0,17055,21939,13205,8734,0.7773827430603035,0.9603180613404013,0.5008014655369819
0500000US54009,1000.0,21939,0,0,0,0,21939,13205,8734,0.0,0.0,0.0
0500000US54011,25.0,0,0,4932,87013,91945,91945,71800,20145,1.0,1.0,1.0
0500000US54011,100.0,5909,78242,7779,15,86036,91945,71800,20145,0.9357333188319104,0.9743175487465181,0.7982129560685034
0500000US54011,250.0,6603,79580,5762,0,85342,91945,71800,20145,0.9281853281853282,0.9674791086350975,0.7881360138992306
0500000US54011,1000.0,91945,0,0,0,0,91945,71800,20145,0.0,0.0,0.0
0500000US54019,25.0,0,0,9027,33379,42406,42406,18640,23766,1.0,1.0,1.0
0500000US54019,100.0,11710,29825,871,0,30696,42406,18640,23766,0.7238598311559685,0.8971030042918455,0.5879828326180258
0500000US54019,250.0,21171,21035,200,0,21235,42406,18640,23766,0.5007546101966703,0.7426502145922746,0.31103256753345115
0500000US54019,1000.0,42406,0,0,0,0,42406,18640,23766,0.0,0.0,0.0
0500000US54021,25.0,0,0,4783,3040,7823,7823,2681,5142,1.0,1.0,1.0
0500000US54021,100.0,5034,2491,298,0,2789,7823,2681,5142,0.35651284673398953,0.4751958224543081,0.29463243873978995
0500000US54021,250.0,7823,0,0,0,0,7823,2681,5142,0.0,0.0,0.0
0500000US54021,1000.0,7823,0,0,0,0,7823,2681,5142,0.0,0.0,0.0
0500000US54023,25.0,0,0,4443,7125,11568,11568,2454,9114,1.0,1.0,1.0
0500000US54023,100.0,5882,3628,2058,0,5686,11568,2454,9114,0.4915283540802213,0.9987775061124694,0.3549484309852973
0500000US54023,250.0,11114,454,0,0,454,11568,2454,9114,0.03924619640387275,0.0,0.049813473776607414
0500000US54023,1000.0,11568,0,0,0,0,11568,2454,9114,0.0,0.0,0.0
0500000US54025,25.0,0,0,7726,26936,34662,34662,10507,24155,1.0,1.0,1.0
0500000US54025,100.0,13225,20246,959,232,21437,34662,10507,24155,0.6184582539957302,0.9077757685352622,0.49261022562616436
0500000US54025,250.0,17792,16423,447,0,16870,34662,10507,24155,0.48670013271017254,0.6892547825259351,0.39859242392879324
0500000US54025,1000.0,34662,0,0,0,0,34662,10507,24155,0.0,0.0,0.0
0500000US54029,25.0,0,0,1484,27326,28810,28810,19967,8843,1.0,1.0,1.0
0500000US54029,100.0,1542,26750,518,0,27268,28810,19967,8843,0.9464769177368969,0.9877798367306055,0.8532172339703721
0500000US54029,250.0,1619,27191,0,0,27191,28810,19967,8843,0.9438042346407497,0.9877798367306055,0.8445097817482755
0500000US54029,1000.0,28810,0,0,0,0,28810,19967,8843,0.0,0.0,0.0
0500000US54031,100.0,334,13442,0,0,13442,13776,2629,11147,0.9757549361207898,1.0,0.9700367811967345
0500000US54031,250.0,13776,0,0,0,0,13776,2629,11147,0.0,0.0,0.0
0500000US54031,1000.0,13776,0,0,0,0,13776,2629,11147,0.0,0.0,0.0
0500000US54033,25.0,0,0,6560,60696,67256,67256,42502,24754,1.0,1.0,1.0
0500000US54033,100.0,9682,48935,7564,1075,57574,67256,42502,24754,0.8560425835613179,0.9681662039433439,0.6635291266058011
0500000US54033,250.0,24648,38848,3760,0,42608,67256,42502,24754,0.6335196859759724,0.872453061032422,0.22327704613395816
0500000US54033,1000.0,64320,2936,0,0,2936,67256,42502,24754,0.04365409777566314,0.06646746035480683,0.004484123777975277
0500000US54035,25.0,0,0,2215,26361,28576,28576,8147,20429,1.0,1.0,1.0
0500000US54035,100.0,10797,10270,7509,0,17779,28576,8147,20429,0.6221654535274356,0.9561801890266356,0.4889617700327965
0500000US54035,250.0,11229,10483,6864,0,17347,28576,8147,20429,0.6070478723404256,0.929544617650669,0.4784375152968819
0500000US54035,1000.0,28576,0,0,0,0,28576,8147,20429,0.0,0.0,0.0
0500000US54037,25.0,0,1,1283,55862,57146,57146,29121,28025,1.0,1.0,1.0
0500000US54037,100.0,2358,52363,2425,0,54788,57146,29121,28025,0.9587372694501802,0.9594450740015796,0.9580017841213202
0500000US54037,250.0,2382,54764,0,0,54764,57146,29121,28025,0.9583172925489098,0.9589643212801758,0.9576449598572703
0500000US54037,1000.0,56985,161,0,0,161,57146,29121,28025,0.0028173450460224686,0.0,0.0057448706512042815
0500000US54039,25.0,0,0,13386,164738,178124,178124,133047,45077,1.0,1.0,1.0
0500000US54039,100.0,30243,144415,3466,0,147881,178124,133047,45077,0.8302137836563293,0.9148571557419558,0.580384675111476
0500000US54039,250.0,38098,138955,1071,0,140026,178124,133047,45077,0.7861152904718062,0.8690613091614242,0.5412960046143266
0500000US54039,1000.0,178079,45,0,0,45,178124,133047,45077,0.0002526329972378792,0.0003382263410674423,0.0
0500000US54041,25.0,0,0,2489,13418,15907,15907,4924,10983,1.0,1.0,1.0
0500000US54041,100.0,4741,10927,239,0,11166,15907,4924,10983,0.7019551141007104,0.9973598700243704,0.5695165255394701
0500000US54041,250.0,15881,26,0,0,26,15907,4924,10983,0.001634500534355944,0.0,0.0023672949103159427
0500000US54041,1000.0,15907,0,0,0,0,15907,4924,10983,0.0,0.0,0.0
0500000US54045,25.0,0,0,7704,24315,32019,32019,10459,21560,1.0,1.0,1.0
0500000US54045,100.0,9986,18641,3073,319,22033,32019,10459,21560,0.688122677160436,0.6916531217133569,0.6864100185528756
0500000US54045,250.0,15372,15202,1445,0,16647,32019,10459,21560,0.5199100534057903,0.5714695477579118,0.49489795918367346
0500000US54045,1000.0,31316,703,0,0,703,32019,10459,21560,0.02195571379493426,0.012238263696338082,0.026669758812615955
0500000US54047,25.0,0,0,2200,15424,17624,17624,2376,15248,1.0,1.0,1.0
0500000US54047,100.0,2948,14618,58,0,14676,17624,2376,15248,0.8327280980481162,0.9764309764309764,0.8103357817418678
0500000US54047,250.0,17624,0,0,0,0,17624,2376,15248,0.0,0.0,0.0
0500000US54047,1000.0,17624,0,0,0,0,17624,2376,15248,0.0,0.0,0.0
0500000US54049,25.0,0,0,4027,52045,56072,56072,32704,23368,1.0,1.0,1.0
0500000US54049,100.0,6229,35960,13090,793,49843,56072,32704,23368,0.8889106862605222,0.9939762720156555,0.7418692228688806
0500000US54049,250.0,8255,36665,11152,0,47817,56072,32704,23368,0.8527785704094736,0.9914995107632094,0.6586357411845258
0500000US54049,1000.0,56015,57,0,0,57,56072,32704,23368,0.0010165501498073904,0.0,0.002439233139335844
0500000US54051,25.0,0,0,6356,24175,30531,30531,16439,14092,1.0,1.0,1.0
0500000US54051,100.0,6475,23108,948,0,24056,30531,16439,14092,0.7879204742720514,0.9735993673581118,0.5713170593244394
0500000US54051,250.0,6584,23947,0,0,23947,30531,16439,14092,0.7843503324489863,0.9735993673581118,0.5635821742832813
0500000US54051,1000.0,30531,0,0,0,0,30531,16439,14092,0.0,0.0,0.0
0500000US54053,25.0,0,0,10094,16422,26516,26516,9260,17256,1.0,1.0,1.0
0500000US54053,100.0,14691,10740,1085,0,11825,26516,9260,17256,0.4459571579423744,0.7400647948164147,0.28813166434863235
0500000US54053,250.0,16285,10021,210,0,10231,26516,9260,17256,0.3858425101825313,0.614902807775378,0.2629230412610107
0500000US54053,1000.0,26516,0,0,0,0,26516,9260,17256,0.0,0.0,0.0
0500000US54055,25.0,0,0,3438,55320,58758,58758,34463,24295,1.0,1.0,1.0
0500000US54055,100.0,7530,42740,8488,0,51228,58758,34463,24295,0.8718472378229347,0.959231639729565,0.7478905124511216
0500000US54055,250.0,33454,25288,16,0,25304,58758,34463,24295,0.4306477415841247,0.4416620723674666,0.4150236674212801
0500000US54055,1000.0,57323,1435,0,0,1435,58758,34463,24295,0.024422206337860377,0.034616835446710965,0.00996089730397201
0500000US54057,25.0,0,0,6313,20555,26868,26868,9572,17296,1.0,1.0,1.0
0500000US54057,100.0,7393,18183,1292,0,19475,26868,9572,17296,0.7248399583147238,0.9063936481404096,0.62436401480111
0500000US54057,250.0,19179,7033,656,0,7689,26868,9572,17296,0.2861768646717284,0.2071667363142499,0.32990286771507865
0500000US54057,1000.0,26868,0,0,0,0,26868,9572,17296,0.0,0.0,0.0
0500000US54059,25.0,0,0,7818,15606,23424,23424,2774,20650,1.0,1.0,1.0
0500000US54059,100.0,9557,11473,2183,211,13867,23424,2774,20650,0.5919996584699454,0.8175919250180245,0.5616949152542373
0500000US54059,250.0,15674,7264,486,0,7750,23424,2774,20650,0.3308572404371585,0.7855082912761355,0.2697820823244552
0500000US54059,1000.0,23424,0,0,0,0,23424,2774,20650,0.0,0.0,0.0
0500000US54061,25.0,0,5,48985,56622,105612,105612,74791,30821,1.0,1.0,1.0
0500000US54061,100.0,57260,46627,1725,0,48352,105612,74791,30821,0.45782676211036627,0.5571124867965397,0.2168975698387463
0500000US54061,250.0,57366,46944,1302,0,48246,105612,74791,30821,0.4568230882854221,0.5557085745611103,0.21686512442814965
0500000US54061,1000.0,105612,0,0,0,0,105612,74791,30821,0.0,0.0,0.0
0500000US54063,25.0,0,0,1694,11581,13275,13275,1534,11741,1.0,1.0,1.0
0500000US54063,100.0,10490,2785,0,0,2785,13275,1534,11741,0.20979284369114878,0.32985658409387225,0.19410612383953665
0500000US54063,250.0,10606,2669,0,0,2669,13275,1534,11741,0.20105461393596988,0.27183833116036504,0.19180649007750616
0500000US54063,1000.0,13275,0,0,0,0,13275,1534,11741,0.0,0.0,0.0
0500000US54067,25.0,0,0,8802,15694,24496,24496,2913,21583,1.0,1.0,1.0
0500000US54067,100.0,10843,13479,174,0,13653,24496,2913,21583,0.5573563030698889,0.9996567112941984,0.4976601955242552
0500000US54067,250.0,23595,901,0,0,901,24496,2913,21583,0.03678151534944481,0.0,0.04174581846823889
0500000US54067,1000.0,24496,0,0,0,0,24496,2913,21583,0.0,0.0,0.0
0500000US54069,25.0,0,0,1732,39679,41411,41411,31852,9559,1.0,1.0,1.0
0500000US54069,100.0,1868,32302,7241,0,39543,41411,31852,9559,0.9548912124797759,0.9894512118548285,0.8397321895595774
0500000US54069,250.0,2083,39328,0,0,39328,41411,31852,9559,0.9496993552437758,0.98445937460756,0.8338738361753322
0500000US54069,1000.0,41369,42,0,0,42,41411,31852,9559,0.0010142232740093212,0.0013185985181464273,0.0
0500000US54073,25.0,0,0,2670,4790,7460,7460,3327,4133,1.0,1.0,1.0
0500000US54073,100.0,3637,3695,128,0,3823,7460,3327,4133,0.5124664879356569,0.711151187255786,0.35252842971207354
0500000US54073,250.0,4020,3357,83,0,3440,7460,3327,4133,0.46112600536193027,0.6528403967538323,0.30679893539801595
0500000US54073,1000.0,7460,0,0,0,0,7460,3327,4133,0.0,0.0,0.0
0500000US54077,25.0,0,0,10340,23092,33432,33432,3167,30265,1.0,1.0,1.0
0500000US54077,100.0,12094,14263,6116,959,21338,33432,3167,30265,0.6382507776980139,0.9333754341648247,0.6073682471501735
0500000US54077,250.0,12094,14429,5981,928,21338,33432,3167,30265,0.6382507776980139,0.9333754341648247,0.6073682471501735
0500000US54077,1000.0,23045,8920,1467,0,10387,33432,3167,30265,0.3106903565446279,0.5989895800442059,0.28052205517924994
0500000US54079,25.0,0,0,8092,48358,56450,56450,35889,20561,1.0,1.0,1.0
0500000US54079,100.0,9690,39935,6825,0,46760,56450,35889,20561,0.8283436669619132,0.954080637521246,0.6088711638538982
0500000US54079,250.0,11027,40872,4551,0,45423,56450,35889,20561,0.8046589902568645,0.9225389395079272,0.5989008316716113
0500000US54079,1000.0,56450,0,0,0,0,56450,35889,20561,0.0,0.0,0.0
0500000US54081,25.0,0,0,7813,65548,73361,73361,44064,29297,1.0,1.0,1.0
0500000US54081,100.0,9248,61635,2478,0,64113,73361,44064,29297,0.8739384686686387,0.8936319898329702,0.8443185309076014
0500000US54081,250.0,12622,60605,134,0,60739,73361,44064,29297,0.8279467291885334,0.8614288307915758,0.7775881489572312
0500000US54081,1000.0,73361,0,0,0,0,73361,44064,29297,0.0,0.0,0.0
0500000US54083,25.0,0,0,5227,23468,28695,28695,10796,17899,1.0,1.0,1.0
0500000US54083,100.0,10793,17285,617,0,17902,28695,10796,17899,0.6238717546610908,0.9170989255279733,0.4470082127493156
0500000US54083,250.0,28271,424,0,0,424,28695,10796,17899,0.014776093396062031,0.00787328640237125,0.018939605564556677
0500000US54083,1000.0,28695,0,0,0,0,28695,10796,17899,0.0,0.0,0.0
0500000US54087,25.0,0,0,7913,5775,13688,13688,2665,11023,1.0,1.0,1.0
0500000US54087,100.0,9481,4140,67,0,4207,13688,2665,11023,0.30734950321449445,0.9328330206378986,0.15612809579969156
0500000US54087,250.0,9889,3799,0,0,3799,13688,2665,11023,0.2775423728813559,0.8941838649155722,0.12845867731107685
0500000US54087,1000.0,13688,0,0,0,0,13688,2665,11023,0.0,0.0,0.0
0500000US54089,25.0,0,0,5705,6868,12573,12573,3323,9250,1.0,1.0,1.0
0500000US54089,100.0,7572,4888,113,0,5001,12573,3323,9250,0.39775709854450014,0.7351790550707192,0.27654054054054056
0500000US54089,250.0,8237,4336,0,0,4336,12573,3323,9250,0.34486598266125823,0.6304544086668673,0.24227027027027026
0500000US54089,1000.0,12573,0,0,0,0,12573,3323,9250,0.0,0.0,0.0
0500000US54091,25.0,0,0,2165,14530,16695,16695,6529,10166,1.0,1.0,1.0
0500000US54091,100.0,2722,12183,1790,0,13973,16695,6529,10166,0.8369571728062294,0.962015622606831,0.7566397796576825
0500000US54091,250.0,4129,12329,237,0,12566,16695,6529,10166,0.752680443246481,0.9195895236636544,0.6454849498327759
0500000US54091,1000.0,16695,0,0,0,0,16695,6529,10166,0.0,0.0,0.0
0500000US54095,25.0,0,0,4931,3660,8591,8591,824,7767,1.0,1.0,1.0
0500000US54095,100.0,6234,2357,0,0,2357,8591,824,7767,0.27435688511232686,0.9757281553398058,0.19994850006437492
0500000US54095,250.0,6674,1917,0,0,1917,8591,824,7767,0.2231404958677686,0.9490291262135923,0.14613106733616582
0500000US54095,1000.0,8591,0,0,0,0,8591,824,7767,0.0,0.0,0.0
0500000US54097,25.0,0,0,3673,20503,24176,24176,8520,15656,1.0,1.0,1.0
0500000US54097,100.0,9756,14050,370,0,14420,24176,8520,15656,0.5964592984778293,0.7825117370892019,0.49520950434338273
0500000US54097,250.0,23385,791,0,0,791,24176,8520,15656,0.03271839841164791,0.029577464788732393,0.03442769545222279
0500000US54097,1000.0,24176,0,0,0,0,24176,8520,15656,0.0,0.0,0.0
0500000US54099,25.0,0,0,8521,30881,39402,39402,14077,25325,1.0,1.0,1.0
0500000US54099,100.0,9103,27585,2714,0,30299,39402,14077,25325,0.7689711182173494,0.8746181714854018,0.7102467917077986
0500000US54099,250.0,12687,26069,646,0,26715,39402,14077,25325,0.6780112684635298,0.8594160687646516,0.5771767028627838
0500000US54099,1000.0,39402,0,0,0,0,39402,14077,25325,0.0,0.0,0.0
0500000US54103,25.0,0,0,7443,7622,15065,15065,6694,8371,1.0,1.0,1.0
0500000US54103,100.0,8071,6938,56,0,6994,15065,6694,8371,0.46425489545303683,0.8767553032566477,0.13439254569346554
0500000US54103,250.0,8721,6300,44,0,6344,15065,6694,8371,0.4211085297046133,0.8123692859276964,0.1082307967984709
0500000US54103,1000.0,15065,0,0,0,0,15065,6694,8371,0.0,0.0,0.0
0500000US54107,25.0,0,0,7472,76046,83518,83518,61315,22203,1.0,1.0,1.0
0500000US54107,100.0,7890,15170,59885,573,75628,83518,61315,22203,0.9055293469671208,0.9758297317132839,0.7113903526550466
0500000US54107,250.0,9021,16151,58068,278,74497,83518,61315,22203,0.8919873560190618,0.9629780640952459,0.6959419898211954
0500000US54107,1000.0,83518,0,0,0,0,83518,61315,22203,0.0,0.0,0.0
0500000US54109,25.0,0,0,1513,18881,20394,20394,2558,17836,1.0,1.0,1.0
0500000US54109,100.0,1562,18167,665,0,18832,20394,2558,17836,0.9234088457389428,0.9960906958561376,0.912984974209464
0500000US54109,250.0,19842,552,0,0,552,20394,2558,17836,0.027066784348337748,0.0,0.030948643193541153
0500000US54109,1000.0,20394,0,0,0,0,20394,2558,17836,0.0,0.0,0.0
0500000US55003,25.0,0,0,5396,10166,15562,15562,6709,8853,1.0,1.0,1.0
0500000US55003,100.0,6218,9209,135,0,9344,15562,6709,8853,0.600436961830099,0.9967208227753763,0.3001242516661019
0500000US55003,250.0,6218,9209,135,0,9344,15562,6709,8853,0.600436961830099,0.9967208227753763,0.3001242516661019
0500000US55003,1000.0,13532,2030,0,0,2030,15562,6709,8853,0.13044595810307158,0.011626173796392905,0.22049022930080198
0500000US55005,25.0,0,0,10775,34469,45244,45244,15122,30122,1.0,1.0,1.0
0500000US55005,100.0,14304,14042,16727,171,30940,45244,15122,30122,0.6838475819998232,0.9990080677159106,0.5256291082929421
0500000US55005,250.0,14375,25730,5075,64,30869,45244,15122,30122,0.6822783131464946,0.9984790371643962,0.5235376137042693
0500000US55005,1000.0,35307,9646,291,0,9937,45244,15122,30122,0.21963133233135884,0.0024467663007538684,0.3286634353628577
0500000US55009,25.0,0,1,4921,259608,264530,264530,222969,41561,1.0,1.0,1.0
0500000US55009,100.0,20334,130625,113495,76,244196,264530,222969,41561,0.923131591879938,0.9858904152595204,0.5864392098361445
0500000US55009,250.0,21187,231972,11371,0,243343,264530,222969,41561,0.9199070048765735,0.9825042943189412,0.5840812299992781
0500000US55009,1000.0,253226,11304,0,0,11304,264530,222969,41561,0.04273239330132688,0.037839340894922614,0.06898294073771083
0500000US55015,25.0,0,0,1457,48632,50089,50089,35816,14273,1.0,1.0,1.0
0500000US55015,100.0,6995,31955,11139,0,43094,50089,35816,14273,0.8603485795284394,0.9996649542104088,0.5107545715686962
0500000US55015,250.0,7202,41105,1782,0,42887,50089,35816,14273,0.8562159356345704,0.9996649542104088,0.49625166398094306
0500000US55015,1000.0,48307,1782,0,0,1782,50089,35816,14273,0.03557667352113238,0.04699017199017199,0.006936173194142787
0500000US55017,25.0,0,2,8001,56650,64653,64653,34241,30412,1.0,1.0,1.0
0500000US55017,100.0,8447,47477,8676,53,56206,64653,34241,30412,0.8693486767822065,0.9996495429455915,0.7226423780086808
0500000US55017,250.0,9451,49505,5644,53,55202,64653,34241,30412,0.8538196216726215,0.9996495429455915,0.6896290937787716
0500000US55017,1000.0,50944,12965,744,0,13709,64653,34241,30412,0.21203965786583762,0.09955900820653603,0.3386820991713797
0500000US55019,25.0,0,0,15888,18885,34773,34773,2737,32036,1.0,1.0,1.0
0500000US55019,100.0,19393,13459,1921,0,15380,34773,2737,32036,0.442297184597245,0.9978078187796858,0.3948370583094019
0500000US55019,250.0,22096,12677,0,0,12677,34773,2737,32036,0.3645644609323326,0.9978078187796858,0.31046322886752403
0500000US55019,1000.0,34458,315,0,0,315,34773,2737,32036,0.009058752480372703,0.0,0.009832688225746036
0500000US55021,25.0,0,2,10268,47260,57530,57530,22340,35190,1.0,1.0,1.0
0500000US55021,100.0,18995,36805,1730,0,38535,57530,22340,35190,0.6698244394229098,0.9730528200537153,0.4773231031543052
0500000US55021,250.0,21526,35419,585,0,36004,57530,22340,35190,0.6258300017382236,0.9730528200537153,0.40539926115373687
0500000US55021,1000.0,57261,269,0,0,269,57530,22340,35190,0.004675821310620546,0.0,0.007644217107132708
0500000US55023,25.0,0,0,4383,11748,16131,16131,6017,10114,1.0,1.0,1.0
0500000US55023,100.0,6344,9489,298,0,9787,16131,6017,10114,0.6067199801624202,0.9973408675419644,0.3743326082657702
0500000US55023,250.0,7538,8301,292,0,8593,16131,6017,10114,0.5327010104767218,0.9258766827322586,0.2987937512359106
0500000US55023,1000.0,14093,2038,0,0,2038,16131,6017,10114,0.12634058644845328,0.0,0.20150286731263595
0500000US55025,25.0,0,2,8087,538601,546690,546690,460996,85694,1.0,1.0,1.0
0500000US55025,100.0,30217,220444,288532,7497,516473,546690,460996,85694,0.944727359198083,0.9957483362111602,0.6702569608140593
0500000US55025,250.0,39927,310339,193999,2425,506763,546690,460996,85694,0.9269659221862482,0.9955813065623129,0.5578453567344271
0500000US55025,1000.0,350589,194116,1985,0,196101,546690,460996,85694,0.35870603084014707,0.4027496984789456,0.12177048568161132
0500000US55027,25.0,0,0,18446,69393,87839,87839,44669,43170,1.0,1.0,1.0
0500000US55027,100.0,20242,62105,5492,0,67597,87839,44669,43170,0.769555664340441,0.9989030423783832,0.5322446143154969
0500000US55027,250.0,22700,65139,0,0,65139,87839,44669,43170,0.741572649961862,0.9989030423783832,0.4753069261060922
0500000US55027,1000.0,87839,0,0,0,0,87839,44669,43170,0.0,0.0,0.0
0500000US55029,25.0,0,0,0,27668,27668,27668,8278,19390,1.0,1.0,1.0
0500000US55029,100.0,13096,14395,177,0,14572,27668,8278,19390,0.5266734133294781,0.9995167914955303,0.3248066013408974
0500000US55029,250.0,13151,14517,0,0,14517,27668,8278,19390,0.5246855573225386,0.9995167914955303,0.32197008767405877
0500000US55029,1000.0,27668,0,0,0,0,27668,8278,19390,0.0,0.0,0.0
0500000US55031,25.0,0,0,9396,33754,43150,43150,26329,16821,1.0,1.0,1.0
0500000US55031,100.0,11249,31847,54,0,31901,43150,26329,16821,0.7393047508690614,0.9970754681150062,0.3358302122347066
0500000US55031,250.0,11923,31173,54,0,31227,43150,26329,16821,0.7236848203939745,0.9970754681150062,0.2957612508174306
0500000US55031,1000.0,41201,1949,0,0,1949,43150,26329,16821,0.045168018539976824,0.0,0.1158670709232507
0500000US55033,25.0,0,1,10574,34790,45365,45365,18108,27257,1.0,1.0,1.0
0500000US55033,100.0,14163,24869,6333,0,31202,45365,18108,27257,0.6877989639589992,0.9950298210735586,0.48369226253806363
0500000US55033,250.0,14163,24869,6333,0,31202,45365,18108,27257,0.6877989639589992,0.9950298210735586,0.48369226253806363
0500000US55033,1000.0,34078,11054,233,0,11287,45365,18108,27257,0.2488041441640031,0.213220675944334,0.27244377591077523
0500000US55035,25.0,0,0,7790,96856,104646,104646,79427,25219,1.0,1.0,1.0
0500000US55035,100.0,8917,91454,4190,85,95729,104646,79427,25219,0.9147889073638744,0.9990431465370718,0.6494309845751219
0500000US55035,250.0,14332,87887,2342,85,90314,104646,79427,25219,0.863043021233492,0.9990431465370718,0.4347119235497046
0500000US55035,1000.0,101378,3268,0,0,3268,104646,79427,25219,0.031229096190967642,0.007805909829151296,0.10500019826321424
0500000US55039,25.0,0,0,14177,89219,103396,103396,66566,36830,1.0,1.0,1.0
0500000US55039,100.0,19299,63177,20920,0,84097,103396,66566,36830,0.8133486788657202,0.9934651323498482,0.48780885147977193
0500000US55039,250.0,19897,83498,1,0,83499,103396,66566,36830,0.8075650895585903,0.9934651323498482,0.47157208797176214
0500000US55039,1000.0,103395,1,0,0,1,103396,66566,36830,9.671554025300786e-06,1.5022684253222365e-05,0.0
0500000US55043,25.0,0,0,6772,44667,51439,51439,17461,33978,1.0,1.0,1.0
0500000US55043,100.0,14532,25786,11001,120,36907,51439,17461,33978,0.7174906199576198,0.9812725502548537,0.5819353699452587
0500000US55043,250.0,18741,23011,9641,46,32698,51439,17461,33978,0.6356655455976983,0.9812152797663364,0.4580905291659309
0500000US55043,1000.0,39116,12323,0,0,12323,51439,17461,33978,0.2395653103676199,0.19643777561422598,0.261728177055742
0500000US55045,25.0,0,0,87,36872,36959,36959,14534,22425,1.0,1.0,1.0
0500000US55045,100.0,9395,13748,13816,0,27564,36959,14534,22425,0.7457993993343975,0.9984863079675245,0.5820289855072464
0500000US55045,250.0,15575,11038,10346,0,21384,36959,14534,22425,0.578587082983847,0.9984863079675245,0.30644370122630993
0500000US55045,1000.0,26539,10420,0,0,10420,36959,14534,22425,0.2819340350117698,0.7030411449016101,0.009007803790412485
0500000US55047,250.0,6424,12469,20,0,12489,18913,4823,14090,0.6603394490562047,1.0,0.5440738112136266
0500000US55047,1000.0,18913,0,0,0,0,18913,4823,14090,0.0,0.0,0.0
0500000US55049,250.0,9636,14042,0,0,14042,23678,4653,19025,0.5930399526987077,1.0,0.49350854139290407
0500000US55049,1000.0,23678,0,0,0,0,23678,4653,19025,0.0,0.0,0.0
0500000US55051,250.0,3065,2622,0,0,2622,5687,1801,3886,0.4610515210128363,1.0,0.2112712300566135
0500000US55051,1000.0,5687,0,0,0,0,5687,1801,3886,0.0,0.0,0.0
0500000US55053,25.0,0,1,8395,12245,20641,20641,5580,15061,1.0,1.0,1.0
0500000US55053,100.0,13333,6314,994,0,7308,20641,5580,15061,0.35405261372995495,0.8103942652329749,0.18498107695372154
0500000US55053,250.0,14428,5219,994,0,6213,20641,5580,15061,0.30100285838864393,0.8103942652329749,0.11227674125224088
0500000US55053,1000.0,20641,0,0,0,0,20641,5580,15061,0.0,0.0,0.0
0500000US55055,25.0,0,1,7042,77726,84769,84769,55568,29201,1.0,1.0,1.0
0500000US55055,100.0,10385,63172,10828,384,74384,84769,55568,29201,0.8774905920796517,0.9998560322487763,0.6446354576898051
0500000US55055,250.0,14285,67734,2750,0,70484,84769,55568,29201,0.831483207304557,0.9998200403109704,0.5111468785315572
0500000US55055,1000.0,82019,2750,0,0,2750,84769,55568,29201,0.03244110464910521,0.046699539303196085,0.00530803739597959
0500000US55057,25.0,0,0,7857,18829,26686,26686,4170,22516,1.0,1.0,1.0
0500000US55057,100.0,13046,12667,959,14,13640,26686,4170,22516,0.5111294311624073,0.6383693045563549,0.487564398649849
0500000US55057,250.0,16141,10017,528,0,10545,26686,4170,22516,0.39515101551375253,0.5678657074340527,0.36316397228637415
0500000US55057,1000.0,18229,8457,0,0,8457,26686,4170,22516,0.31690774188713183,0.36258992805755397,0.3084473263457097
0500000US55059,25.0,0,0,25,169535,169560,169560,150985,18575,1.0,1.0,1.0
0500000US55059,100.0,2336,102369,64855,0,167224,169560,150985,18575,0.9862231658410002,0.9998542901612743,0.8754239569313593
0500000US55059,250.0,2600,153077,13883,0,166960,169560,150985,18575,0.9846661948572777,0.9998542901612743,0.8612113055181696
0500000US55059,1000.0,155677,13883,0,0,13883,169560,150985,18575,0.0818766218447747,0.08916779812564161,0.022611036339165544
0500000US55061,250.0,13784,6630,17,0,6647,20431,5603,14828,0.3253389457197396,1.0,0.07040733746965201
0500000US55061,1000.0,20414,17,0,0,17,20431,5603,14828,0.0008320689148842446,0.0,0.0011464796331265173
0500000US55063,25.0,0,0,4372,113644,118016,118016,97582,20434,1.0,1.0,1.0
0500000US55063,100.0,5219,72335,39917,545,112797,118016,97582,20434,0.9557771827548807,0.9927343157549549,0.779289419594793
0500000US55063,250.0,7019,78090,32907,0,110997,118016,97582,20434,0.9405250135574837,0.9927343157549549,0.6912009396104531
0500000US55063,1000.0,118016,0,0,0,0,118016,97582,20434,0.0,0.0,0.0
0500000US55067,250.0,10372,8817,0,0,8817,19189,7512,11677,0.4594819948929074,1.0,0.11175815706088893
0500000US55067,1000.0,19189,0,0,0,0,19189,7512,11677,0.0,0.0,0.0
0500000US55069,25.0,0,0,4948,22645,27593,27593,12383,15210,1.0,1.0,1.0
0500000US55069,100.0,11009,16051,533,0,16584,27593,12383,15210,0.6010219983329105,0.976903819752887,0.29500328731097963
0500000US55069,250.0,11151,16442,0,0,16442,27593,12383,15210,0.5958757655927228,0.976903819752887,0.2856673241288626
0500000US55069,1000.0,27593,0,0,0,0,27593,12383,15210,0.0,0.0,0.0
0500000US55071,25.0,0,0,67,78914,78981,78981,47504,31477,1.0,1.0,1.0
0500000US55071,100.0,14313,57413,7194,61,64668,78981,47504,31477,0.8187792000607741,0.985538059952846,0.5671124948375004
0500000US55071,250.0,14792,63900,289,0,64189,78981,47504,31477,0.8127144503108342,0.985538059952846,0.5518950344696127
0500000US55071,1000.0,78981,0,0,0,0,78981,47504,31477,0.0,0.0,0.0
0500000US55073,25.0,0,0,2362,133329,135691,135691,76817,58874,1.0,1.0,1.0
0500000US55073,100.0,33060,96568,6063,0,102631,135691,76817,58874,0.7563581961957683,0.9981123969954567,0.440924686618881
0500000US55073,250.0,36435,98717,539,0,99256,135691,76817,58874,0.7314855075133944,0.9981123969954567,0.3835988721676801
0500000US55073,1000.0,135152,539,0,0,539,135691,76817,58874,0.0039722605036443094,0.004894749860057019,0.0027686245201617014
0500000US55075,25.0,0,0,13039,27311,40350,40350,14981,25369,1.0,1.0,1.0
0500000US55075,100.0,17261,22787,302,0,23089,40350,14981,25369,0.5722180916976456,0.9990654829450637,0.32015451929520283
0500000US55075,250.0,23240,16815,295,0,17110,40350,14981,25369,0.42403965303593555,0.8906615045724584,0.14848831250739092
0500000US55075,1000.0,40350,0,0,0,0,40350,14981,25369,0.0,0.0,0.0
0500000US55079,25.0,0,0,2,945724,945726,945726,943868,1858,1.0,1.0,1.0
0500000US55079,100.0,342,227805,716175,1404,945384,945726,943868,1858,0.9996383730594274,0.9997976411955909,0.918729817007535
0500000US55079,250.0,342,522205,422475,704,945384,945726,943868,1858,0.9996383730594274,0.9997976411955909,0.918729817007535
0500000US55079,1000.0,522548,423015,163,0,423178,945726,943868,1858,0.4474636416890304,0.448344471896494,0.0
0500000US55081,25.0,0,0,11317,34934,46251,46251,19220,27031,1.0,1.0,1.0
0500000US55081,100.0,17911,27595,745,0,28340,46251,19220,27031,0.6127435082484703,0.9998959417273673,0.33746439273426804
0500000US55081,250.0,18154,27470,627,0,28097,46251,19220,27031,0.6074895677931288,0.9998959417273673,0.3284747142170101
0500000US55081,1000.0,43567,2684,0,0,2684,46251,19220,27031,0.05803117770426585,0.0,0.09929340386963116
0500000US55083,25.0,0,0,11542,26387,37929,37929,7046,30883,1.0,1.0,1.0
0500000US55083,100.0,18524,18523,882,0,19405,37929,7046,30883,0.511613804740436,0.9973034345728072,0.4008030307936405
0500000US55083,250.0,24946,12983,0,0,12983,37929,7046,30883,0.3422974504996177,0.6282997445359069,0.2770456238059774
0500000US55083,1000.0,37929,0,0,0,0,37929,7046,30883,0.0,0.0,0.0
0500000US55085,25.0,0,1,5588,30005,35594,35594,8790,26804,1.0,1.0,1.0
0500000US55085,100.0,11141,24336,117,0,24453,35594,8790,26804,0.6869978086194303,0.9967007963594995,0.5854350097000448
0500000US55085,250.0,11730,23864,0,0,23864,35594,8790,26804,0.6704500758554812,0.9967007963594995,0.5634606775108193
0500000US55085,1000.0,35594,0,0,0,0,35594,8790,26804,0.0,0.0,0.0
0500000US55087,25.0,0,1,10410,177471,187882,187882,140148,47734,1.0,1.0,1.0
0500000US55087,100.0,12850,118694,56338,0,175032,187882,140148,47734,0.9316060080263144,0.9999785940577104,0.7308626974483596
0500000US55087,250.0,13129,167249,7504,0,174753,187882,140148,47734,0.93012103341459,0.9999785940577104,0.7250178070138685
0500000US55087,1000.0,180378,7504,0,0,7504,187882,140148,47734,0.03993996231677329,0.040614207837429,0.03796036368207148
0500000US55089,25.0,0,0,952,88268,89220,89220,66780,22440,1.0,1.0,1.0
0500000US55089,100.0,2505,47016,39699,0,86715,89220,66780,22440,0.9719233355749832,0.9995058400718778,0.8898395721925134
0500000US55089,250.0,2529,76884,9807,0,86691,89220,66780,22440,0.9716543375924681,0.9995058400718778,0.8887700534759359
0500000US55089,1000.0,79413,9807,0,0,9807,89220,66780,22440,0.10991930060524546,0.12786762503743634,0.05650623885918003
0500000US55093,25.0,0,0,1809,40942,42751,42751,19215,23536,1.0,1.0,1.0
0500000US55093,100.0,11414,27105,4110,122,31337,42751,19215,23536,0.7330120932843677,0.9570127504553734,0.5501359619306594
0500000US55093,250.0,16556,25035,1098,62,26195,42751,19215,23536,0.6127342050478352,0.9035128805620609,0.37533990482664853
0500000US55093,1000.0,40075,2665,11,0,2676,42751,19215,23536,0.06259502701691189,0.002498048399687744,0.11165873555404486
0500000US55095,25.0,0,0,14833,28950,43783,43783,5971,37812,1.0,1.0,1.0
0500000US55095,100.0,18638,18716,6429,0,25145,43783,5971,37812,0.5743096635680516,0.6089432255903534,0.5688405797101449
0500000US55095,250.0,19605,19451,4727,0,24178,43783,5971,37812,0.5522234657287075,0.6089432255903534,0.5432666878239713
0500000US55095,1000.0,26523,16712,548,0,17260,43783,5971,37812,0.39421693351300735,0.3582314520180874,0.39989950280334285
0500000US55097,25.0,0,0,6170,64602,70772,70772,44942,25830,1.0,1.0,1.0
0500000US55097,100.0,7104,58683,4957,28,63668,70772,44942,25830,0.8996213191657718,0.9990877130523786,0.7265582655826558
0500000US55097,250.0,18433,51108,1231,0,52339,70772,44942,25830,0.7395438874131012,0.9990877130523786,0.28795973674022457
0500000US55097,1000.0,68253,2519,0,0,2519,70772,44942,25830,0.035593172441078395,0.013172533487606247,0.0746031746031746
0500000US55101,25.0,0,0,10,196301,196311,196311,171889,24422,1.0,1.0,1.0
0500000US55101,100.0,3887,92236,99364,824,192424,196311,171889,24422,0.9801997850349701,0.9999650937523634,0.8410859061501924
0500000US55101,250.0,4069,155642,36600,0,192242,196311,171889,24422,0.9792726846687144,0.9999650937523634,0.8336336090410286
0500000US55101,1000.0,159806,36505,0,0,36505,196311,171889,24422,0.18595493884703354,0.1996055594017069,0.08987797887150929
0500000US55103,250.0,8563,7908,781,0,8689,17252,4482,12770,0.5036517505216787,1.0,0.3294440093970243
0500000US55103,1000.0,15326,1917,9,0,1926,17252,4482,12770,0.11163923023417575,0.10307898259705489,0.11464369616288175
0500000US55105,25.0,0,1,237,163116,163354,163354,129534,33820,1.0,1.0,1.0
0500000US55105,100.0,15606,103545,44203,0,147748,163354,129534,33820,0.9044651493076387,0.9992974817422453,0.5412477823772915
0500000US55105,250.0,17242,144620,1492,0,146112,163354,129534,33820,0.8944500899886136,0.9992974817422453,0.4928740390301597
0500000US55105,1000.0,161789,1565,0,0,1565,163354,129534,33820,0.009580420436597818,0.011518211434835642,0.0021584861028976937
0500000US55107,25.0,0,0,5915,8263,14178,14178,3119,11059,1.0,1.0,1.0
0500000US55107,100.0,8141,5974,63,0,6037,14178,3119,11059,0.42580053604175483,0.9993587688361655,0.2640383398137264
0500000US55107,250.0,8203,5962,13,0,5975,14178,3119,11059,0.42142756383128793,0.9993587688361655,0.25843204629713357
0500000US55107,1000.0,13404,761,13,0,774,14178,3119,11059,0.05459162082099027,0.0,0.06998824486843296
0500000US55109,25.0,0,0,11766,78911,90677,90677,41508,49169,1.0,1.0,1.0
0500000US55109,100.0,21595,64925,4157,0,69082,90677,41508,49169,0.7618469953792031,0.9452876553917318,0.6069881429355894
0500000US55109,250.0,22624,64162,3891,0,68053,90677,41508,49169,0.7504990240082932,0.9452876553917318,0.5860603225609632
0500000US55109,1000.0,42178,48150,349,0,48499,90677,41508,49169,0.5348544834963662,0.4836176158812759,0.5781081575789624
0500000US55111,25.0,0,3,9150,55289,64442,64442,33996,30446,1.0,1.0,1.0
0500000US55111,100.0,12757,29914,21425,346,51685,64442,33996,30446,0.8020390428602464,0.9941463701611954,0.587532023911187
0500000US55111,250.0,12900,30137,21405,0,51542,64442,33996,30446,0.7998199931721548,0.9941463701611954,0.5828351836037575
0500000US55111,1000.0,43074,21231,137,0,21368,64442,33996,30446,0.3315849911548369,0.3407753853394517,0.3213229980949878
0500000US55113,100.0,7697,4340,4520,0,8860,16557,2576,13981,0.5351210968170562,1.0,0.44946713396752735
0500000US55113,250.0,7835,8243,479,0,8722,16557,2576,13981,0.5267862535483482,0.9968944099378882,0.44016880051498464
0500000US55113,1000.0,15793,764,0,0,764,16557,2576,13981,0.04614362505284774,0.013198757763975156,0.0522137186181246
0500000US55115,25.0,0,0,6832,34067,40899,40899,10278,30621,1.0,1.0,1.0
0500000US55115,100.0,20231,19107,1561,0,20668,40899,10278,30621,0.5053424289102423,0.9851138353765324,0.34430619509486954
0500000US55115,250.0,24247,16652,0,0,16652,40899,10278,30621,0.4071493190542556,0.8876240513718622,0.24587701250775612
0500000US55115,1000.0,40899,0,0,0,0,40899,10278,30621,0.0,0.0,0.0
0500000US55117,25.0,0,0,41,115299,115340,115340,82555,32785,1.0,1.0,1.0
0500000US55117,100.0,10650,76718,27972,0,104690,115340,82555,32785,0.9076642968614531,0.9983405002725456,0.6793350617660515
0500000US55117,250.0,10815,102380,2145,0,104525,115340,82555,32785,0.9062337437142362,0.9983405002725456,0.6743022723806619
0500000US55117,1000.0,113300,2040,0,0,2040,115340,82555,32785,0.017686838911045603,0.024383744170552963,0.0008235473539728534
0500000US55119,25.0,0,0,8272,12071,20343,20343,3808,16535,1.0,1.0,1.0
0500000US55119,100.0,11100,8636,607,0,9243,20343,3808,16535,0.45435776434154257,0.9908088235294118,0.3308134260659208
0500000US55119,250.0,13549,6794,0,0,6794,20343,3808,16535,0.3339723737895099,0.9908088235294118,0.1827033565164802
0500000US55119,1000.0,18943,1400,0,0,1400,20343,3808,16535,0.06881974143440003,0.0,0.084668884185062
0500000US55121,25.0,0,0,2248,27401,29649,29649,2999,26650,1.0,1.0,1.0
0500000US55121,100.0,20625,8988,36,0,9024,29649,2999,26650,0.3043610239805727,0.11203734578192731,0.3260037523452158
0500000US55121,250.0,29083,566,0,0,566,29649,2999,26650,0.019090019899490707,0.10436812270756919,0.00949343339587242
0500000US55121,1000.0,29630,19,0,0,19,29649,2999,26650,0.0006408310566966846,0.0,0.0007129455909943715
0500000US55123,25.0,0,1,1243,29578,30822,30822,4302,26520,1.0,1.0,1.0
0500000US55123,100.0,3003,25511,2293,15,27819,30822,4302,26520,0.9025695931477516,0.9772198977219898,0.8904600301659125
0500000US55123,250.0,7898,21403,1521,0,22924,30822,4302,26520,0.7437544610992148,0.9418874941887494,0.7116138763197587
0500000US55123,1000.0,8187,22046,589,0,22635,30822,4302,26520,0.7343780416585556,0.9418874941887494,0.7007164404223227
0500000US55127,25.0,0,0,1975,101892,103867,103867,67740,36127,1.0,1.0,1.0
0500000US55127,100.0,8142,83559,12165,1,95725,103867,67740,36127,0.921611291362993,0.9857248302332448,0.8013950784731642
0500000US55127,250.0,14361,81466,8040,0,89506,103867,67740,36127,0.8617366439773941,0.9694715087097726,0.6597281811387605
0500000US55127,1000.0,93095,10772,0,0,10772,103867,67740,36127,0.10370955163815264,0.13469146737525833,0.04561685166219171
0500000US55129,250.0,8717,6389,614,0,7003,15720,2614,13106,0.44548346055979643,1.0,0.3348847855943842
0500000US55129,1000.0,15102,618,0,0,618,15720,2614,13106,0.03931297709923664,0.17712318286151493,0.011826644285060278
0500000US55131,25.0,0,1,5193,130831,136025,136025,93631,42394,1.0,1.0,1.0
0500000US55131,100.0,9858,77591,48412,164,126167,136025,93631,42394,0.9275280279360412,0.9989212974335423,0.7698495070057083
0500000US55131,250.0,11426,123069,1530,0,124599,136025,93631,42394,0.9160007351589782,0.9988785765398213,0.7329574939849979
0500000US55131,1000.0,134656,1369,0,0,1369,136025,93631,42394,0.010064326410586289,0.012570622977432689,0.004528942774920979
0500000US55133,25.0,0,1,160,404031,404192,404192,363597,40595,1.0,1.0,1.0
0500000US55133,100.0,352,224726,179114,0,403840,404192,363597,40595,0.9991291267516428,0.999958745534204,0.9916984850351028
0500000US55133,250.0,526,368834,34832,0,403666,404192,363597,40595,0.9986986382709208,0.999958745534204,0.9874122428870551
0500000US55133,1000.0,369650,34542,0,0,34542,404192,363597,40595,0.08545938563850843,0.09033077830675171,0.04182781130681119
0500000US55135,25.0,0,0,10150,40840,50990,50990,17223,33767,1.0,1.0,1.0
0500000US55135,100.0,16746,32664,1580,0,34244,50990,17223,33767,0.6715826632673073,0.9931486965104802,0.5075665590665442
0500000US55135,250.0,20688,30290,12,0,30302,50990,17223,33767,0.5942733869386154,0.9931486965104802,0.3908253620398614
0500000US55135,1000.0,50042,948,0,0,948,50990,17223,33767,0.018591880760933516,0.0,0.028074747534575176
0500000US55137,25.0,0,0,9330,15111,24441,24441,2335,22106,1.0,1.0,1.0
0500000US55137,100.0,15237,7811,1393,0,9204,24441,2335,22106,0.37658033632011784,0.9991434689507495,0.31082059169456255
0500000US55137,250.0,15934,8507,0,0,8507,24441,2335,22106,0.3480626815596743,0.9991434689507495,0.279290690310323
0500000US55137,1000.0,24441,0,0,0,0,24441,2335,22106,0.0,0.0,0.0
0500000US55139,25.0,0,0,522,171380,171902,171902,147937,23965,1.0,1.0,1.0
0500000US55139,100.0,10659,82065,76668,2510,161243,171902,147937,23965,0.9379937406196553,0.9996417393890643,0.5574379303150427
0500000US55139,250.0,10702,129495,31645,60,161200,171902,147937,23965,0.9377435980965899,0.9996417393890643,0.5556436469851868
0500000US55139,1000.0,157831,14071,0,0,14071,171902,147937,23965,0.08185477772219055,0.09295848908657063,0.01331107865637388
0500000US55141,25.0,0,0,9362,63637,72999,72999,45399,27600,1.0,1.0,1.0
0500000US55141,100.0,10914,24911,37041,133,62085,72999,45399,27600,0.8504911026178441,0.9987885195709156,0.6065579710144927
0500000US55141,250.0,15855,22190,34893,61,57144,72999,45399,27600,0.7828052439074508,0.98656358069561,0.44764492753623186
0500000US55141,1000.0,35771,37228,0,0,37228,72999,45399,27600,0.5099795887614899,0.6165994845701447,0.33460144927536234
0500000US56001,1000.0,2965,35914,0,0,35914,38879,32436,6443,0.9237377504565447,1.0,0.5398106472140307
0500000US56005,25.0,0,0,529,45812,46341,46341,31428,14913,1.0,1.0,1.0
0500000US56005,100.0,12883,32101,1357,0,33458,46341,31428,14913,0.7219956410090417,0.9866679394170803,0.1642191376651244
0500000US56005,250.0,12883,32101,1357,0,33458,46341,31428,14913,0.7219956410090417,0.9866679394170803,0.1642191376651244
0500000US56005,1000.0,45786,555,0,0,555,46341,31428,14913,0.011976435553829223,0.01730940562555683,0.000737611479916851
0500000US56007,25.0,0,0,1515,13285,14800,14800,8081,6719,1.0,1.0,1.0
0500000US56007,100.0,1881,11958,961,0,12919,14800,8081,6719,0.8729054054054054,0.9987625293899269,0.7215359428486382
0500000US56007,250.0,5355,9445,0,0,9445,14800,8081,6719,0.6381756756756757,0.9987625293899269,0.20449471647566603
0500000US56007,1000.0,14038,762,0,0,762,14800,8081,6719,0.05148648648648649,0.0,0.11340973359130824
0500000US56009,100.0,961,2506,9955,400,12861,13822,5951,7871,0.9304731587324555,1.0,0.8779062380891881
0500000US56009,250.0,13422,400,0,0,400,13822,5951,7871,0.02893937201562726,0.04906738363300286,0.01372125524075721
0500000US56009,1000.0,13822,0,0,0,0,13822,5951,7871,0.0,0.0,0.0
0500000US56013,25.0,0,0,8084,31177,39261,39261,18933,20328,1.0,1.0,1.0
0500000US56013,100.0,15975,22200,1079,7,23286,39261,18933,20328,0.5931076640941392,0.9908096973538266,0.22269775678866588
0500000US56013,250.0,16417,22092,745,7,22844,39261,18933,20328,0.5818496727031914,0.9908096973538266,0.2009543486816214
0500000US56013,1000.0,37006,2248,7,0,2255,39261,18933,20328,0.057436132548839815,0.039719009137484815,0.07393742621015348
0500000US56015,100.0,78,5185,7948,0,13133,13211,7097,6114,0.9940958292332147,1.0,0.9872423945044161
0500000US56015,250.0,13211,0,0,0,0,13211,7097,6114,0.0,0.0,0.0
0500000US56015,1000.0,13211,0,0,0,0,13211,7097,6114,0.0,0.0,0.0
0500000US56017,25.0,0,0,564,3849,4413,4413,2990,1423,1.0,1.0,1.0
0500000US56017,100.0,864,437,3112,0,3549,4413,2990,1423,0.8042148198504419,0.9996655518394649,0.39353478566408995
0500000US56017,250.0,864,437,3112,0,3549,4413,2990,1423,0.8042148198504419,0.9996655518394649,0.39353478566408995
0500000US56017,1000.0,880,3500,33,0,3533,4413,2990,1423,0.8005891683661908,0.9953177257525083,0.39142656359803235
0500000US56019,25.0,0,0,661,7784,8445,8445,4243,4202,1.0,1.0,1.0
0500000US56019,100.0,2894,5518,33,0,5551,8445,4243,4202,0.657312018946122,0.9997643176997407,0.31151832460732987
0500000US56019,250.0,2894,5518,33,0,5551,8445,4243,4202,0.657312018946122,0.9997643176997407,0.31151832460732987
0500000US56019,1000.0,8327,118,0,0,118,8445,4243,4202,0.013972764949674364,0.0073061513080367665,0.020704426463588766
0500000US56021,25.0,0,0,1335,98165,99500,99500,75736,23764,1.0,1.0,1.0
0500000US56021,100.0,12882,65471,21147,0,86618,99500,75736,23764,0.870532663316583,0.9944808281398543,0.4755091735398081
0500000US56021,250.0,16011,81443,2046,0,83489,99500,75736,23764,0.8390854271356784,0.9944808281398543,0.3438394209729002
0500000US56021,1000.0,97819,1681,0,0,1681,99500,75736,23764,0.016894472361809045,0.0,0.07073724962127588
0500000US56023,100.0,5032,9948,3141,1703,14792,19824,3177,16647,0.7461662631154157,1.0,0.6977233135099418
0500000US56023,250.0,8754,11070,0,0,11070,19824,3177,16647,0.5584140435835351,0.3314447592067989,0.6017300414489097
0500000US56023,1000.0,8754,11070,0,0,11070,19824,3177,16647,0.5584140435835351,0.3314447592067989,0.6017300414489097
0500000US56025,25.0,0,1,4428,75429,79858,79858,61705,18153,1.0,1.0,1.0
0500000US56025,100.0,11458,7795,58842,1763,68400,79858,61705,18153,0.8565203235743445,0.9950409205088728,0.3856662810554729
0500000US56025,250.0,14013,64548,1297,0,65845,79858,61705,18153,0.8245260337098349,0.9913459201037194,0.25747810279292677
0500000US56025,1000.0,79800,58,0,0,58,79858,61705,18153,0.000726289163264795,0.0,0.0031950641767201013
0500000US56029,25.0,0,0,9276,19918,29194,29194,15666,13528,1.0,1.0,1.0
0500000US56029,100.0,10944,2230,16020,0,18250,29194,15666,13528,0.625128451051586,0.9998723349929785,0.19115907746895328
0500000US56029,250.0,10952,2222,16020,0,18242,29194,15666,13528,0.624854422141536,0.9998723349929785,0.19056771141336487
0500000US56029,1000.0,12286,16908,0,0,16908,29194,15666,13528,0.5791601013906967,0.9980211923911656,0.09410112359550561
0500000US56031,25.0,0,0,584,7809,8393,8393,3345,5048,1.0,1.0,1.0
0500000US56031,100.0,2149,6244,0,0,6244,8393,3345,5048,0.74395329441201,0.9210762331838565,0.6265847860538827
0500000US56031,250.0,8393,0,0,0,0,8393,3345,5048,0.0,0.0,0.0
0500000US56031,1000.0,8393,0,0,0,0,8393,3345,5048,0.0,0.0,0.0
0500000US56033,25.0,0,0,612,29873,30485,30485,19136,11349,1.0,1.0,1.0
0500000US56033,100.0,8313,19163,3009,0,22172,30485,19136,11349,0.7273085123831392,0.9982755016722408,0.2704203013481364
0500000US56033,250.0,8365,19111,3009,0,22120,30485,19136,11349,0.7256027554535017,0.9982755016722408,0.2658383998590184
0500000US56033,1000.0,27180,3305,0,0,3305,30485,19136,11349,0.10841397408561587,0.15698160535117056,0.0265221605427791
0500000US56037,100.0,2842,263,730,38508,39501,42343,36699,5644,0.9328814680112415,1.0,0.49645641389085754
0500000US56037,250.0,3796,27718,10243,586,38547,42343,36699,5644,0.9103511796518905,0.9984468241641462,0.33752657689581855
0500000US56037,1000.0,31620,10723,0,0,10723,42343,36699,5644,0.253241385825284,0.289026948963187,0.020552799433026223
0500000US56039,25.0,0,3,1155,22305,23463,23463,11876,11587,1.0,1.0,1.0
0500000US56039,100.0,1410,5467,9418,7168,22053,23463,11876,11587,0.9399053829433577,0.9991579656449984,0.8791749374298783
0500000US56039,250.0,1577,6898,14280,708,21886,23463,11876,11587,0.9327877935472872,0.9991579656449984,0.8647622335375852
0500000US56039,1000.0,6922,16541,0,0,16541,23463,11876,11587,0.7049823125772493,0.7826709329740653,0.6253560024165012
0500000US56041,100.0,74,0,2783,17369,20152,20226,11204,9022,0.9963413428260655,1.0,0.9917978275326979
0500000US56041,250.0,6206,5727,8293,0,14020,20226,11204,9022,0.6931672105211114,0.9872367011781507,0.32797605852360895
0500000US56041,1000.0,9080,7303,3843,0,11146,20226,11204,9022,0.5510728764955998,0.7420564084255623,0.3138993571270228
0500000US56043,250.0,1344,1146,5315,0,6461,7805,4814,2991,0.8278026905829596,1.0,0.5506519558676028
0500000US56043,1000.0,1581,6224,0,0,6224,7805,4814,2991,0.7974375400384369,0.9977149979227253,0.4750919424941491
0500000US56045,25.0,0,0,736,6191,6927,6927,3111,3816,1.0,1.0,1.0
0500000US56045,100.0,3906,2427,594,0,3021,6927,3111,3816,0.4361195322650498,0.6017357762777242,0.3011006289308176
0500000US56045,250.0,3914,2419,594,0,3013,6927,3111,3816,0.43496463115345746,0.6017357762777242,0.2990041928721174
0500000US56045,1000.0,5252,1675,0,0,1675,6927,3111,3816,0.24180742023964197,0.22436515589842496,0.2560272536687631
0500000US60010,100.0,0,19931,0,0,19931,19931,17004,2927,1.0,1.0,1.0
0500000US60010,250.0,19931,0,0,0,0,19931,17004,2927,0.0,0.0,0.0
0500000US60010,1000.0,19931,0,0,0,0,19931,17004,2927,0.0,0.0,0.0
0500000US60050,100.0,0,27113,0,0,27113,27113,23670,3443,1.0,1.0,1.0
0500000US60050,250.0,27113,0,0,0,0,27113,23670,3443,0.0,0.0,0.0
0500000US60050,1000.0,27113,0,0,0,0,27113,23670,3443,0.0,0.0,0.0
0500000US66010,10.0,0,163781,4704,0,168485,168485,157044,11441,1.0,1.0,1.0
0500000US66010,25.0,55520,110242,2723,0,112965,168485,157044,11441,0.6704751164792118,0.6943850131173429,0.3422777729219474
0500000US66010,100.0,168187,298,0,0,298,168485,157044,11441,0.0017687034454105708,0.001897557372456127,0.0
0500000US66010,250.0,168391,94,0,0,94,168485,157044,11441,0.000557913167344274,0.0005985583658083085,0.0
0500000US66010,1000.0,168391,94,0,0,94,168485,157044,11441,0.000557913167344274,0.0005985583658083085,0.0
0500000US69110,0.2,762,44501,764,0,45265,46027,43179,2848,0.9834444999674105,0.9836957780402511,0.9796348314606742
0500000US69110,4.0,762,44501,764,0,45265,46027,43179,2848,0.9834444999674105,0.9836957780402511,0.9796348314606742
0500000US69110,10.0,762,44501,764,0,45265,46027,43179,2848,0.9834444999674105,0.9836957780402511,0.9796348314606742
0500000US69110,25.0,762,44501,764,0,45265,46027,43179,2848,0.9834444999674105,0.9836957780402511,0.9796348314606742
0500000US69110,100.0,45980,47,0,0,47,46027,43179,2848,0.0010211397657896451,0.001088492091062785,0.0
0500000US69110,250.0,46027,0,0,0,0,46027,43179,2848,0.0,0.0,0.0
0500000US69110,1000.0,46027,0,0,0,0,46027,43179,2848,0.0,0.0,0.0
0500000US69120,0.2,321,2671,1,0,2672,2993,2517,476,0.8927497494153024,0.9312673818037346,0.6890756302521008
0500000US69120,4.0,321,2671,1,0,2672,2993,2517,476,0.8927497494153024,0.9312673818037346,0.6890756302521008
0500000US69120,10.0,321,2671,1,0,2672,2993,2517,476,0.8927497494153024,0.9312673818037346,0.6890756302521008
0500000US69120,25.0,321,2671,1,0,2672,2993,2517,476,0.8927497494153024,0.9312673818037346,0.6890756302521008
0500000US69120,100.0,2992,1,0,0,1,2993,2517,476,0.0003341129301703976,0.0003972983710766786,0.0
0500000US69120,250.0,2993,0,0,0,0,2993,2517,476,0.0,0.0,0.0
0500000US69120,1000.0,2993,0,0,0,0,2993,2517,476,0.0,0.0,0.0
0500000US72001,100.0,0,10380,6980,3,17363,17363,9524,7839,1.0,1.0,1.0
0500000US72001,250.0,11360,6003,0,0,6003,17363,9524,7839,0.3457351840119795,0.5670936581268374,0.07679550963133053
0500000US72001,1000.0,17363,0,0,0,0,17363,9524,7839,0.0,0.0,0.0
0500000US72005,250.0,8,50257,0,0,50257,50265,50222,43,0.9998408435292947,0.9998407072597666,1.0
0500000US72005,1000.0,50265,0,0,0,0,50265,50222,43,0.0,0.0,0.0
0500000US72007,100.0,0,7596,10053,7165,24814,24814,22013,2801,1.0,1.0,1.0
0500000US72007,250.0,12178,12636,0,0,12636,24814,22013,2801,0.5092286612396228,0.5632580747739971,0.08461263834344877
0500000US72007,1000.0,24814,0,0,0,0,24814,22013,2801,0.0,0.0,0.0
0500000US72009,100.0,0,3230,8979,9899,22108,22108,19420,2688,1.0,1.0,1.0
0500000US72009,250.0,9790,12318,0,0,12318,22108,19420,2688,0.5571738737108739,0.6043254376930999,0.21651785714285715
0500000US72009,1000.0,22108,0,0,0,0,22108,19420,2688,0.0,0.0,0.0
0500000US72011,100.0,0,3260,21730,1170,26160,26160,22433,3727,1.0,1.0,1.0
0500000US72011,250.0,3299,22354,507,0,22861,26160,22433,3727,0.8738914373088685,0.9597468015869478,0.35712369197746174
0500000US72011,1000.0,25642,518,0,0,518,26160,22433,3727,0.019801223241590213,0.011233450719921545,0.0713710759323853
0500000US72013,100.0,0,4938,14101,62927,81966,81966,74416,7550,1.0,1.0,1.0
0500000US72013,250.0,6027,24839,51100,0,75939,81966,74416,7550,0.9264695117487739,0.9644162545689099,0.5524503311258279
0500000US72013,1000.0,29293,52673,0,0,52673,81966,74416,7550,0.6426201107776395,0.6890991184691464,0.18450331125827815
0500000US72015,100.0,0,1487,15055,696,17238,17238,16537,701,1.0,1.0,1.0
0500000US72015,250.0,1610,15628,0,0,15628,17238,16537,701,0.9066016939320106,0.9403156558021406,0.11126961483594865
0500000US72015,1000.0,17238,0,0,0,0,17238,16537,701,0.0,0.0,0.0
0500000US72017,100.0,0,26,6073,17628,23727,23727,23194,533,1.0,1.0,1.0
0500000US72017,250.0,32,22995,700,0,23695,23727,23194,533,0.9986513254941628,0.9992239372251445,0.9737335834896811
0500000US72017,1000.0,23027,700,0,0,700,23727,23194,533,0.029502254815189446,0.030180219022160903,0.0
0500000US72019,100.0,0,1345,7612,18767,27724,27724,26813,911,1.0,1.0,1.0
0500000US72019,250.0,7873,19851,0,0,19851,27724,26813,911,0.716022219016015,0.725170626188789,0.446761800219539
0500000US72019,1000.0,27724,0,0,0,0,27724,26813,911,0.0,0.0,0.0
0500000US72021,100.0,0,2434,20006,146829,169269,169269,169245,24,1.0,1.0,1.0
0500000US72021,250.0,13172,70657,76615,8825,156097,169269,169245,24,0.9221830341054771,0.922313805429998,0.0
0500000US72021,1000.0,79680,80415,9174,0,89589,169269,169245,24,0.5292699785548447,0.5293450323495524,0.0
0500000US72023,100.0,0,1155,33677,12683,47515,47515,45155,2360,1.0,1.0,1.0
0500000US72023,250.0,1625,45710,180,0,45890,47515,45155,2360,0.9658002735978112,0.9771232421658731,0.7491525423728813
0500000US72023,1000.0,47335,180,0,0,180,47515,45155,2360,0.0037882773860886034,0.00146163215590743,0.048305084745762714
0500000US72025,100.0,0,4539,17692,102375,124606,124606,123497,1109,1.0,1.0,1.0
0500000US72025,250.0,13975,88822,21809,0,110631,124606,123497,1109,0.8878464921432355,0.8926127760188507,0.3570784490532011
0500000US72025,1000.0,101655,22951,0,0,22951,124606,123497,1109,0.18418856234852254,0.185842571074601,0.0
0500000US72027,100.0,0,5364,16143,8997,30504,30504,26453,4051,1.0,1.0,1.0
0500000US72027,250.0,5635,24869,0,0,24869,30504,26453,4051,0.8152701285077367,0.8702604619513855,0.4561836583559615
0500000US72027,1000.0,30504,0,0,0,0,30504,26453,4051,0.0,0.0,0.0
0500000US72029,100.0,0,5746,16997,21929,44672,44672,43594,1078,1.0,1.0,1.0
0500000US72029,250.0,8051,35275,1346,0,36621,44672,43594,1078,0.8197752507163324,0.8400467954305638,0.0
0500000US72029,1000.0,41304,3368,0,0,3368,44672,43594,1078,0.07539398280802292,0.07725833830343626,0.0
0500000US72031,100.0,0,3847,55005,88132,146984,146984,146694,290,1.0,1.0,1.0
0500000US72031,250.0,12205,121818,12961,0,134779,146984,146694,290,0.9169637511565885,0.9183334015024472,0.22413793103448276
0500000US72031,1000.0,133336,13648,0,0,13648,146984,146694,290,0.09285364393403364,0.09259410746179121,0.22413793103448276
0500000US72033,100.0,0,8,4509,18604,23121,23121,23117,4,1.0,1.0,1.0
0500000US72033,250.0,4063,16107,2951,0,19058,23121,23117,4,0.8242723065611349,0.8244149327334862,0.0
0500000US72033,1000.0,17443,5678,0,0,5678,23121,23117,4,0.24557761342502488,0.24562010641519227,0.0
0500000US72035,100.0,0,5002,8613,28794,42409,42409,38021,4388,1.0,1.0,1.0
0500000US72035,250.0,7919,34065,425,0,34490,42409,38021,4388,0.8132707679973591,0.8904289734620341,0.14471285323609845
0500000US72035,1000.0,41984,425,0,0,425,42409,38021,4388,0.010021457709448466,0.011178033192183268,0.0
0500000US72037,100.0,0,374,4283,6247,10904,10904,9799,1105,1.0,1.0,1.0
0500000US72037,250.0,381,10523,0,0,10523,10904,9799,1105,0.9650586940572267,0.9959179508113073,0.6914027149321267
0500000US72037,1000.0,10904,0,0,0,0,10904,9799,1105,0.0,0.0,0.0
0500000US72039,100.0,0,6204,5731,3873,15808,15808,9335,6473,1.0,1.0,1.0
0500000US72039,250.0,6554,9254,0,0,9254,15808,9335,6473,0.5853997975708503,0.8409212640599892,0.21690097327359803
0500000US72039,1000.0,15808,0,0,0,0,15808,9335,6473,0.0,0.0,0.0
0500000US72041,100.0,0,8129,9809,20369,38307,38307,36789,1518,1.0,1.0,1.0
0500000US72041,250.0,11746,26446,115,0,26561,38307,36789,1518,0.6933719685697131,0.7024110467802875,0.4743083003952569
0500000US72041,1000.0,38192,115,0,0,115,38307,36789,1518,0.0030020622862662175,0.0031259343825600044,0.0
0500000US72043,100.0,0,5801,11765,20765,38331,38331,30738,7593,1.0,1.0,1.0
0500000US72043,250.0,8038,22631,7662,0,30293,38331,30738,7593,0.7903002791474264,0.8970004554622942,0.3583563808771237
0500000US72043,1000.0,30669,7662,0,0,7662,38331,30738,7593,0.19989042811301558,0.24546164356822175,0.015408929276965626
0500000US72045,100.0,0,2285,6200,10162,18647,18647,16180,2467,1.0,1.0,1.0
0500000US72045,250.0,7484,11163,0,0,11163,18647,16180,2467,0.5986485761784738,0.6295426452410383,0.396027563842724
0500000US72045,1000.0,18647,0,0,0,0,18647,16180,2467,0.0,0.0,0.0
0500000US72047,100.0,0,8128,15656,8509,32293,32293,30439,1854,1.0,1.0,1.0
0500000US72047,250.0,14072,18033,188,0,18221,32293,30439,1854,0.5642399281578051,0.5986070501659055,0.0
0500000US72047,1000.0,32073,220,0,0,220,32293,30439,1854,0.006812621930449323,0.007227569893886133,0.0
0500000US72051,100.0,0,117,8294,27727,36138,36138,36125,13,1.0,1.0,1.0
0500000US72051,250.0,1378,25140,9620,0,34760,36138,36125,13,0.9618683933809287,0.9622145328719723,0.0
0500000US72051,1000.0,26275,9863,0,0,9863,36138,36125,13,0.27292600586640103,0.2730242214532872,0.0
0500000US72053,100.0,0,540,8599,20315,29454,29454,28664,790,1.0,1.0,1.0
0500000US72053,250.0,606,28798,50,0,28848,29454,28664,790,0.9794255449174984,0.9913480323751047,0.5468354430379747
0500000US72053,1000.0,29404,50,0,0,50,29454,28664,790,0.0016975623005364296,0.0017443483114708345,0.0
0500000US72054,100.0,0,318,1658,9341,11317,11317,9353,1964,1.0,1.0,1.0
0500000US72054,250.0,726,10591,0,0,10591,11317,9353,1964,0.935848723159848,0.9557361274457393,0.8411405295315683
0500000US72054,1000.0,11317,0,0,0,0,11317,9353,1964,0.0,0.0,0.0
0500000US72055,250.0,147,15236,0,0,15236,15383,14041,1342,0.9904439966196451,1.0,0.8904619970193741
0500000US72055,1000.0,15383,0,0,0,0,15383,14041,1342,0.0,0.0,0.0
0500000US72057,100.0,0,4119,8745,26601,39465,39465,35480,3985,1.0,1.0,1.0
0500000US72057,250.0,4751,34204,510,0,34714,39465,35480,3985,0.8796148486000254,0.947435174746336,0.27578419071518195
0500000US72057,1000.0,38955,510,0,0,510,39465,35480,3985,0.012922843025465602,0.014374295377677565,0.0
0500000US72059,25.0,0,422,2892,14309,17623,17623,15467,2156,1.0,1.0,1.0
0500000US72059,100.0,2523,12796,2304,0,15100,17623,15467,2156,0.8568348181353912,0.9098726320553436,0.47634508348794063
0500000US72059,250.0,2883,14740,0,0,14740,17623,15467,2156,0.8364069681666004,0.8988814896230685,0.38821892393320967
0500000US72059,1000.0,17623,0,0,0,0,17623,15467,2156,0.0,0.0,0.0
0500000US72061,100.0,0,1665,10349,71714,83728,83728,83715,13,1.0,1.0,1.0
0500000US72061,250.0,10553,34856,27643,10676,73175,83728,83715,13,0.8739609210777757,0.8740966374007048,0.0
0500000US72061,1000.0,43284,29768,10676,0,40444,83728,83715,13,0.4830403210395567,0.4831153317804456,0.0
0500000US72063,100.0,0,2608,7474,37011,47093,47093,46901,192,1.0,1.0,1.0
0500000US72063,250.0,8615,33253,5225,0,38478,47093,46901,192,0.8170641071921517,0.816336538666553,0.9947916666666666
0500000US72063,1000.0,41868,5225,0,0,5225,47093,46901,192,0.11095067207440597,0.1073964307797275,0.9791666666666666
0500000US72065,100.0,0,1772,33643,3801,39216,39216,35103,4113,1.0,1.0,1.0
0500000US72065,250.0,1772,34321,3123,0,37444,39216,35103,4113,0.9548143614851081,0.9734780503090904,0.7955263797714563
0500000US72065,1000.0,36093,3123,0,0,3123,39216,35103,4113,0.0796358629130967,0.088966754978207,0.0
0500000US72067,100.0,0,5,10667,4846,15518,15518,15481,37,1.0,1.0,1.0
0500000US72067,250.0,17,15501,0,0,15501,15518,15481,37,0.9989044980023198,0.9999354046896195,0.5675675675675675
0500000US72067,1000.0,15518,0,0,0,0,15518,15481,37,0.0,0.0,0.0
0500000US72069,100.0,0,241,7303,43107,50651,50651,50366,285,1.0,1.0,1.0
0500000US72069,250.0,990,33183,16478,0,49661,50651,50366,285,0.9804544826360783,0.9827661517690506,0.5719298245614035
0500000US72069,1000.0,33276,17375,0,0,17375,50651,50366,285,0.3430337012102426,0.34469681928284956,0.04912280701754386
0500000US72071,100.0,0,2553,17342,20528,40423,40423,37676,2747,1.0,1.0,1.0
0500000US72071,250.0,2713,37682,28,0,37710,40423,37676,2747,0.9328847438339559,0.9570548890540397,0.6013833272661084
0500000US72071,1000.0,40395,28,0,0,28,40423,37676,2747,0.0006926749622739529,0.0007431786813886825,0.0
0500000US72073,100.0,0,4195,9696,0,13891,13891,9270,4621,1.0,1.0,1.0
0500000US72073,250.0,4195,9696,0,0,9696,13891,9270,4621,0.6980059031027284,0.9045307443365695,0.2837048257952824
0500000US72073,1000.0,13891,0,0,0,0,13891,9270,4621,0.0,0.0,0.0
0500000US72075,100.0,0,1895,30114,12669,44678,44678,42159,2519,1.0,1.0,1.0
0500000US72075,250.0,1896,42782,0,0,42782,44678,42159,2519,0.9575630064013608,0.974026898171209,0.6820166732830488
0500000US72075,1000.0,44678,0,0,0,0,44678,42159,2519,0.0,0.0,0.0
0500000US72077,100.0,0,1682,11263,25208,38153,38153,36887,1266,1.0,1.0,1.0
0500000US72077,250.0,2404,33716,2033,0,35749,38153,36887,1266,0.936990538096611,0.944479084772413,0.7187993680884676
0500000US72077,1000.0,36120,2033,0,0,2033,38153,36887,1266,0.05328545592745,0.05267438392929758,0.07109004739336493
0500000US72079,100.0,0,1018,6278,14714,22010,22010,17777,4233,1.0,1.0,1.0
0500000US72079,250.0,1679,20331,0,0,20331,22010,17777,4233,0.9237164925034076,0.9808179107835968,0.6839121190644932
0500000US72079,1000.0,22010,0,0,0,0,22010,17777,4233,0.0,0.0,0.0
0500000US72081,100.0,0,8655,7177,8444,24276,24276,17725,6551,1.0,1.0,1.0
0500000US72081,250.0,9582,14694,0,0,14694,24276,17725,6551,0.6052891744933268,0.7136812411847673,0.3120134330636544
0500000US72081,1000.0,24276,0,0,0,0,24276,17725,6551,0.0,0.0,0.0
0500000US72083,100.0,0,3907,3907,113,7927,7927,2657,5270,1.0,1.0,1.0
0500000US72083,250.0,4279,3648,0,0,3648,7927,2657,5270,0.46019931878390313,0.7625141136620248,0.3077798861480076
0500000US72083,1000.0,7927,0,0,0,0,7927,2657,5270,0.0,0.0,0.0
0500000US72085,100.0,0,1031,6665,29305,37001,37001,36052,949,1.0,1.0,1.0
0500000US72085,250.0,5334,27658,4009,0,31667,37001,36052,949,0.855841734007189,0.871352490846555,0.2665964172813488
0500000US72085,1000.0,32992,4009,0,0,4009,37001,36052,949,0.10834842301559418,0.11120048818373461,0.0
0500000US72087,100.0,0,2177,18089,4287,24553,24553,24332,221,1.0,1.0,1.0
0500000US72087,250.0,2307,22246,0,0,22246,24553,24332,221,0.9060399951126136,0.9142692750287686,0.0
0500000US72087,1000.0,24553,0,0,0,0,24553,24332,221,0.0,0.0,0.0
0500000US72089,100.0,0,290,15181,2194,17665,17665,15926,1739,1.0,1.0,1.0
0500000US72089,250.0,313,17352,0,0,17352,17665,15926,1739,0.9822813472969149,0.987818661308552,0.9315698677400805
0500000US72089,1000.0,17665,0,0,0,0,17665,15926,1739,0.0,0.0,0.0
0500000US72091,100.0,0,594,10899,25794,37287,37287,34448,2839,1.0,1.0,1.0
0500000US72091,250.0,1030,35248,1009,0,36257,37287,34448,2839,0.9723764314640492,0.9892882025081282,0.7671715392743924
0500000US72091,1000.0,36278,1009,0,0,1009,37287,34448,2839,0.027060369565800414,0.02929052484904784,0.0
0500000US72093,100.0,0,857,3762,811,5430,5430,2367,3063,1.0,1.0,1.0
0500000US72093,250.0,1844,3586,0,0,3586,5430,2367,3063,0.6604051565377532,0.39670468948035487,0.8641854391119818
0500000US72093,1000.0,5430,0,0,0,0,5430,2367,3063,0.0,0.0,0.0
0500000US72095,25.0,0,71,893,9357,10321,10321,7742,2579,1.0,1.0,1.0
0500000US72095,100.0,1666,3692,4963,0,8655,10321,7742,2579,0.8385815327972096,0.9067424438129682,0.6339666537417604
0500000US72095,250.0,1979,8342,0,0,8342,10321,7742,2579,0.8082550140490262,0.8674761043657969,0.6304769290422645
0500000US72095,1000.0,10321,0,0,0,0,10321,7742,2579,0.0,0.0,0.0
0500000US72097,100.0,4,773,10549,60204,71526,71530,68447,3083,0.9999440794072417,1.0,0.9987025624391827
0500000US72097,250.0,817,24928,45785,0,70713,71530,68447,3083,0.9885782189291207,0.9960407322453869,0.8228997729484269
0500000US72097,1000.0,25726,45804,0,0,45804,71530,68447,3083,0.6403467076751014,0.6570777389805251,0.2688939344794032
0500000US72099,100.0,0,772,22929,11190,34891,34891,30473,4418,1.0,1.0,1.0
0500000US72099,250.0,964,33927,0,0,33927,34891,30473,4418,0.9723710985640996,0.9870048895743773,0.8714350384789498
0500000US72099,1000.0,34891,0,0,0,0,34891,30473,4418,0.0,0.0,0.0
0500000US72101,100.0,0,4673,25118,544,30335,30335,26742,3593,1.0,1.0,1.0
0500000US72101,250.0,5331,25004,0,0,25004,30335,26742,3593,0.8242624031646613,0.9010171266173062,0.25299192875034787
0500000US72101,1000.0,30335,0,0,0,0,30335,26742,3593,0.0,0.0,0.0
0500000US72103,25.0,0,0,370,25389,25759,25759,23463,2296,1.0,1.0,1.0
0500000US72103,100.0,1739,20080,3618,322,24020,25759,23463,2296,0.9324896152800963,0.9317649064484508,0.9398954703832753
0500000US72103,250.0,1759,23678,322,0,24000,25759,23463,2296,0.9317131876237431,0.9309551208285386,0.9394599303135889
0500000US72103,1000.0,25436,323,0,0,323,25759,23463,2296,0.012539306650102876,0.013766355538507438,0.0
0500000US72107,100.0,0,6749,4800,8671,20220,20220,12619,7601,1.0,1.0,1.0
0500000US72107,250.0,8890,11330,0,0,11330,20220,12619,7601,0.5603363006923838,0.7551311514383073,0.2369425075647941
0500000US72107,1000.0,20220,0,0,0,0,20220,12619,7601,0.0,0.0,0.0
0500000US72109,25.0,0,1463,1780,12968,16211,16211,12140,4071,1.0,1.0,1.0
0500000US72109,100.0,2937,8080,5194,0,13274,16211,12140,4071,0.8188267225957683,0.978500823723229,0.3426676492262343
0500000US72109,250.0,2964,13247,0,0,13247,16211,12140,4071,0.8171611868484362,0.9784184514003295,0.3362810120363547
0500000US72109,1000.0,16211,0,0,0,0,16211,12140,4071,0.0,0.0,0.0
0500000US72111,25.0,0,51,499,18699,19249,19249,16194,3055,1.0,1.0,1.0
0500000US72111,100.0,2738,12685,3826,0,16511,19249,16194,3055,0.8577588446153047,0.9442386068914412,0.3993453355155483
0500000US72111,250.0,2871,16260,118,0,16378,19249,16194,3055,0.8508493947737544,0.9428183277757194,0.36333878887070375
0500000US72111,1000.0,19131,118,0,0,118,19249,16194,3055,0.006130188581224999,0.0,0.03862520458265139
0500000US72113,100.0,0,5345,38830,87706,131881,131881,124850,7031,1.0,1.0,1.0
0500000US72113,250.0,6812,106985,18084,0,125069,131881,124850,7031,0.9483473737687764,0.9703404084901882,0.5578153889916085
0500000US72113,1000.0,113797,18084,0,0,18084,131881,124850,7031,0.13712361902017728,0.14429315178213856,0.009813682264258284
0500000US72115,100.0,0,1605,5610,15703,22918,22918,21013,1905,1.0,1.0,1.0
0500000US72115,250.0,1605,21313,0,0,21313,22918,21013,1905,0.9299677109695436,0.9552657878456193,0.6509186351706037
0500000US72115,1000.0,22918,0,0,0,0,22918,21013,1905,0.0,0.0,0.0
0500000US72119,100.0,0,116,6667,41242,48025,48025,46630,1395,1.0,1.0,1.0
0500000US72119,250.0,3677,44250,98,0,44348,48025,46630,1395,0.9234357105674128,0.9313960969333047,0.657347670250896
0500000US72119,1000.0,47927,98,0,0,98,48025,46630,1395,0.002040603852160333,0.002101651297447995,0.0
0500000US72121,100.0,0,1000,6886,13826,21712,21712,19783,1929,1.0,1.0,1.0
0500000US72121,250.0,1442,20270,0,0,20270,21712,19783,1929,0.9335851142225498,0.9780619724005459,0.4774494556765163
0500000US72121,1000.0,21712,0,0,0,0,21712,19783,1929,0.0,0.0,0.0
0500000US72123,100.0,0,3703,16062,7362,27127,27127,23618,3509,1.0,1.0,1.0
0500000US72123,250.0,5745,18760,2622,0,21382,27127,23618,3509,0.7882183802115973,0.8797527309679058,0.17212881162724422
0500000US72123,1000.0,24493,2634,0,0,2634,27127,23618,3509,0.09709883142256792,0.1100431873994411,0.009974351667141636
0500000US72125,100.0,0,1327,9556,19344,30227,30227,27196,3031,1.0,1.0,1.0
0500000US72125,250.0,5597,24307,323,0,24630,30227,27196,3031,0.8148344195586728,0.8487645241947345,0.5103926096997691
0500000US72125,1000.0,29904,323,0,0,323,30227,27196,3031,0.010685810699043901,0.011876746580379467,0.0
0500000US72129,100.0,0,8546,10363,17080,35989,35989,31796,4193,1.0,1.0,1.0
0500000US72129,250.0,16355,19634,0,0,19634,35989,31796,4193,0.5455555864291867,0.6119323185306328,0.04221321249701884
0500000US72129,1000.0,35989,0,0,0,0,35989,31796,4193,0.0,0.0,0.0
0500000US72131,100.0,0,10204,23123,2201,35528,35528,30845,4683,1.0,1.0,1.0
0500000US72131,250.0,11510,24018,0,0,24018,35528,30845,4683,0.6760301733843729,0.7301021235208299,0.31988041853512705
0500000US72131,1000.0,35528,0,0,0,0,35528,30845,4683,0.0,0.0,0.0
0500000US72133,100.0,0,1058,13646,6502,21206,21206,18235,2971,1.0,1.0,1.0
0500000US72133,250.0,1751,19455,0,0,19455,21206,18235,2971,0.9174290295199472,0.9356731560186454,0.8054527095254124
0500000US72133,1000.0,21206,0,0,0,0,21206,18235,2971,0.0,0.0,0.0
0500000US72141,100.0,0,8869,8006,10520,27395,27395,13846,13549,1.0,1.0,1.0
0500000US72141,250.0,11633,15762,0,0,15762,27395,13846,13549,0.5753604672385472,0.8570706341181569,0.2874750904125766
0500000US72141,1000.0,27395,0,0,0,0,27395,13846,13549,0.0,0.0,0.0
0500000US72143,100.0,0,2232,7772,26057,36061,36061,35353,708,1.0,1.0,1.0
0500000US72143,250.0,2306,19088,14667,0,33755,36061,35353,708,0.9360527994231996,0.9497355245665149,0.2528248587570621
0500000US72143,1000.0,20820,15241,0,0,15241,36061,35353,708,0.4226449627020881,0.4305999490849433,0.025423728813559324
0500000US72145,100.0,0,2405,7153,40465,50023,50023,47971,2052,1.0,1.0,1.0
0500000US72145,250.0,3044,26448,20531,0,46979,50023,47971,2052,0.9391479919237151,0.9588501386254196,0.47855750487329435
0500000US72145,1000.0,26321,23702,0,0,23702,50023,47971,2052,0.47382204186074406,0.48114485835192095,0.3026315789473684
0500000US72147,25.0,0,16,140,8230,8386,8386,7334,1052,1.0,1.0,1.0
0500000US72147,100.0,377,8009,0,0,8009,8386,7334,1052,0.9550441211543048,0.9657758385601309,0.8802281368821293
0500000US72147,250.0,8386,0,0,0,0,8386,7334,1052,0.0,0.0,0.0
0500000US72147,1000.0,8386,0,0,0,0,8386,7334,1052,0.0,0.0,0.0
0500000US72149,100.0,0,3707,7362,10303,21372,21372,18125,3247,1.0,1.0,1.0
0500000US72149,250.0,5735,15637,0,0,15637,21372,18125,3247,0.731658244431967,0.8370206896551724,0.14351709270095472
0500000US72149,1000.0,21372,0,0,0,0,21372,18125,3247,0.0,0.0,0.0
0500000US72151,25.0,0,566,3714,28000,32280,32280,27372,4908,1.0,1.0,1.0
0500000US72151,100.0,11774,11419,8793,294,20506,32280,27372,4908,0.6352540272614622,0.6921671781382435,0.31784841075794623
0500000US72151,250.0,13461,18604,215,0,18819,32280,27372,4908,0.5829925650557621,0.6483267572702032,0.21862265688671556
0500000US72151,1000.0,32059,221,0,0,221,32280,27372,4908,0.00684634448574969,0.008073944176530762,0.0
0500000US72153,100.0,0,6438,9070,18067,33575,33575,26812,6763,1.0,1.0,1.0
0500000US72153,250.0,9028,24547,0,0,24547,33575,26812,6763,0.7311094564408042,0.8821796210651947,0.132189856572527
0500000US72153,1000.0,33575,0,0,0,0,33575,26812,6763,0.0,0.0,0.0
0500000US78010,1000.0,0,50520,0,0,50520,50520,45890,4630,1.0,1.0,1.0
0500000US78020,1000.0,0,4163,0,0,4163,4163,3066,1097,1.0,1.0,1.0
0500000US78030,1000.0,217,51335,0,0,51335,51552,50725,827,0.9957906579764122,1.0,0.7376058041112454
