geo_id,urban_rural,dl_speed,has_0,has_1,has_2,has_3more,has_access,total_pop,access_pop_percent
0500000US06001,R,0.2,0,3,0,13621,13624,13624,1.0
0500000US06001,R,4.0,0,3,648,12973,13624,13624,1.0
0500000US06001,R,10.0,0,3,648,12973,13624,13624,1.0
0500000US06001,R,25.0,0,3,937,12684,13624,13624,1.0
0500000US06001,R,100.0,4987,2611,3362,2664,8637,13624,0.633954785672343
0500000US06001,R,250.0,7174,3845,2605,0,6450,13624,0.473429242513212
0500000US06001,R,1000.0,11003,2621,0,0,2621,13624,0.19238109219025248
0500000US06001,U,0.2,0,4,3,1657698,1657705,1657705,1.0
0500000US06001,U,4.0,0,5,169,1657531,1657705,1657705,1.0
0500000US06001,U,10.0,0,5,169,1657531,1657705,1657705,1.0
0500000US06001,U,25.0,0,5,169,1657531,1657705,1657705,1.0
0500000US06001,U,100.0,11860,104419,411197,1130229,1645845,1657705,0.9928455304170525
0500000US06001,U,250.0,61933,688352,738690,168730,1595772,1657705,0.9626393115783568
0500000US06001,U,1000.0,767327,804471,84097,1810,890378,1657705,0.5371148666379121
0500000US06003,R,0.2,0,0,0,1129,1129,1129,1.0
0500000US06003,R,4.0,0,0,248,881,1129,1129,1.0
0500000US06003,R,10.0,0,0,248,881,1129,1129,1.0
0500000US06003,R,25.0,0,0,923,206,1129,1129,1.0
0500000US06003,R,100.0,997,130,2,0,132,1129,0.11691762621789194
0500000US06003,R,250.0,1100,29,0,0,29,1129,0.025686448184233834
0500000US06003,R,1000.0,1129,0,0,0,0,1129,0.0
0500000US06005,R,0.2,0,1,0,24982,24983,24983,1.0
0500000US06005,R,4.0,0,1,472,24510,24983,24983,1.0
0500000US06005,R,10.0,0,1,494,24488,24983,24983,1.0
0500000US06005,R,25.0,0,1,865,24117,24983,24983,1.0
0500000US06005,R,100.0,20327,4221,435,0,4656,24983,0.18636672937597568
0500000US06005,R,250.0,24911,72,0,0,72,24983,0.0028819597326181804
0500000US06005,R,1000.0,24983,0,0,0,0,24983,0.0
0500000US06005,U,0.2,0,0,0,14768,14768,14768,1.0
0500000US06005,U,4.0,0,0,83,14685,14768,14768,1.0
0500000US06005,U,10.0,0,0,83,14685,14768,14768,1.0
0500000US06005,U,25.0,0,0,92,14676,14768,14768,1.0
0500000US06005,U,100.0,6487,8056,225,0,8281,14768,0.5607394366197183
0500000US06005,U,250.0,14505,263,0,0,263,14768,0.01780877573131094
0500000US06005,U,1000.0,14768,0,0,0,0,14768,0.0
0500000US06007,R,0.2,0,0,0,46691,46691,46691,1.0
0500000US06007,R,4.0,0,0,1385,45306,46691,46691,1.0
0500000US06007,R,10.0,0,0,1385,45306,46691,46691,1.0
0500000US06007,R,25.0,0,0,1819,44872,46691,46691,1.0
0500000US06007,R,100.0,25135,18101,3399,56,21556,46691,0.46167355593154996
0500000US06007,R,250.0,26201,18057,2433,0,20490,46691,0.4388426034996038
0500000US06007,R,1000.0,43361,3330,0,0,3330,46691,0.07131995459510398
0500000US06007,U,0.2,0,0,0,172495,172495,172495,1.0
0500000US06007,U,4.0,0,0,1003,171492,172495,172495,1.0
0500000US06007,U,10.0,0,0,1003,171492,172495,172495,1.0
0500000US06007,U,25.0,0,0,1139,171356,172495,172495,1.0
0500000US06007,U,100.0,1568,129636,41291,0,170927,172495,0.990909881445839
0500000US06007,U,250.0,1568,133504,37423,0,170927,172495,0.990909881445839
0500000US06007,U,1000.0,135031,37464,0,0,37464,172495,0.21718890402620367
0500000US06009,R,0.2,0,0,0,34860,34860,34860,1.0
0500000US06009,R,4.0,0,0,718,34142,34860,34860,1.0
0500000US06009,R,10.0,0,0,760,34100,34860,34860,1.0
0500000US06009,R,25.0,0,0,1678,33182,34860,34860,1.0
0500000US06009,R,100.0,8599,14267,11194,800,26261,34860,0.7533275960986804
0500000US06009,R,250.0,33384,1476,0,0,1476,34860,0.0423407917383821
0500000US06009,R,1000.0,34860,0,0,0,0,34860,0.0
0500000US06009,U,0.2,0,0,0,11045,11045,11045,1.0
0500000US06009,U,4.0,0,0,2,11043,11045,11045,1.0
0500000US06009,U,10.0,0,0,2,11043,11045,11045,1.0
0500000US06009,U,25.0,0,0,2,11043,11045,11045,1.0
0500000US06009,U,100.0,2,1369,9674,0,11043,11045,0.999818922589407
0500000US06009,U,250.0,10859,186,0,0,186,11045,0.01684019918515165
0500000US06009,U,1000.0,11045,0,0,0,0,11045,0.0
0500000US06011,R,0.2,0,0,0,7185,7185,7185,1.0
0500000US06011,R,4.0,0,0,308,6877,7185,7185,1.0
0500000US06011,R,10.0,0,0,308,6877,7185,7185,1.0
0500000US06011,R,25.0,0,0,2538,4647,7185,7185,1.0
0500000US06011,R,100.0,6446,739,0,0,739,7185,0.10285316631871956
0500000US06011,R,250.0,6819,366,0,0,366,7185,0.05093945720250522
0500000US06011,R,1000.0,7185,0,0,0,0,7185,0.0
0500000US06011,U,0.2,0,0,0,14362,14362,14362,1.0
0500000US06011,U,4.0,0,0,2,14360,14362,14362,1.0
0500000US06011,U,10.0,0,0,2,14360,14362,14362,1.0
0500000US06011,U,25.0,0,0,1003,13359,14362,14362,1.0
0500000US06011,U,100.0,6517,7034,811,0,7845,14362,0.5462331151650188
0500000US06011,U,250.0,7607,6755,0,0,6755,14362,0.4703383929814789
0500000US06011,U,1000.0,14356,6,0,0,6,14362,0.0004177691129369169
0500000US06013,R,0.2,0,14,0,19972,19986,19986,1.0
0500000US06013,R,4.0,0,14,3124,16848,19986,19986,1.0
0500000US06013,R,10.0,0,14,3124,16848,19986,19986,1.0
0500000US06013,R,25.0,0,14,4016,15956,19986,19986,1.0
0500000US06013,R,100.0,11532,5636,1780,1038,8454,19986,0.4229960972680877
0500000US06013,R,250.0,12845,5593,681,867,7141,19986,0.3573001100770539
0500000US06013,R,1000.0,18391,728,867,0,1595,19986,0.0798058641048734
0500000US06013,U,0.2,0,0,0,1133536,1133536,1133536,1.0
0500000US06013,U,4.0,0,0,4476,1129060,1133536,1133536,1.0
0500000US06013,U,10.0,0,0,4476,1129060,1133536,1133536,1.0
0500000US06013,U,25.0,0,0,4764,1128772,1133536,1133536,1.0
0500000US06013,U,100.0,15401,216346,578281,323508,1118135,1133536,0.9864133119724473
0500000US06013,U,250.0,21490,679409,396140,36497,1112046,1133536,0.9810416254975581
0500000US06013,U,1000.0,698568,398469,36499,0,434968,1133536,0.38372667475933714
0500000US06015,R,0.2,0,0,0,9378,9378,9378,1.0
0500000US06015,R,4.0,0,0,936,8442,9378,9378,1.0
0500000US06015,R,10.0,0,0,995,8383,9378,9378,1.0
0500000US06015,R,25.0,0,0,1767,7611,9378,9378,1.0
0500000US06015,R,100.0,1769,7550,59,0,7609,9378,0.8113670292173171
0500000US06015,R,250.0,1794,7584,0,0,7584,9378,0.8087012156110045
0500000US06015,R,1000.0,9369,9,0,0,9,9378,0.0009596928982725527
0500000US06015,U,0.2,0,0,0,18434,18434,18434,1.0
0500000US06015,U,4.0,0,0,2,18432,18434,18434,1.0
0500000US06015,U,10.0,0,0,2,18432,18434,18434,1.0
0500000US06015,U,25.0,0,0,17,18417,18434,18434,1.0
0500000US06015,U,100.0,17,18189,228,0,18417,18434,0.9990777910382987
0500000US06015,U,250.0,17,18417,0,0,18417,18434,0.9990777910382987
0500000US06015,U,1000.0,18434,0,0,0,0,18434,0.0
0500000US06017,R,0.2,0,0,0,70236,70236,70236,1.0
0500000US06017,R,4.0,0,0,1914,68322,70236,70236,1.0
0500000US06017,R,10.0,0,0,1914,68322,70236,70236,1.0
0500000US06017,R,25.0,0,0,2911,67325,70236,70236,1.0
0500000US06017,R,100.0,46170,21632,2434,0,24066,70236,0.3426447975397232
0500000US06017,R,250.0,48303,21360,573,0,21933,70236,0.31227575602255253
0500000US06017,R,1000.0,69652,584,0,0,584,70236,0.008314824306623385
0500000US06017,U,0.2,0,0,0,122605,122605,122605,1.0
0500000US06017,U,4.0,0,0,299,122306,122605,122605,1.0
0500000US06017,U,10.0,0,0,299,122306,122605,122605,1.0
0500000US06017,U,25.0,0,0,299,122306,122605,122605,1.0
0500000US06017,U,100.0,2552,87439,32614,0,120053,122605,0.9791851882060275
0500000US06017,U,250.0,2602,115573,4430,0,120003,122605,0.9787773744953305
0500000US06017,U,1000.0,118406,4199,0,0,4199,122605,0.03424819542433016
0500000US06019,R,0.2,0,1,1,131830,131832,131832,1.0
0500000US06019,R,4.0,0,1,2996,128835,131832,131832,1.0
0500000US06019,R,10.0,0,1,3001,128830,131832,131832,1.0
0500000US06019,R,25.0,0,1,3578,128253,131832,131832,1.0
0500000US06019,R,100.0,105433,23455,2638,306,26399,131832,0.20024728442259845
0500000US06019,R,250.0,113459,16379,1688,306,18373,131832,0.1393667698282663
0500000US06019,R,1000.0,129021,2505,306,0,2811,131832,0.021322592390314945
0500000US06019,U,0.2,0,0,1,867261,867262,867262,1.0
0500000US06019,U,4.0,0,0,1,867261,867262,867262,1.0
0500000US06019,U,10.0,0,0,1,867261,867262,867262,1.0
0500000US06019,U,25.0,0,0,1,867261,867262,867262,1.0
0500000US06019,U,100.0,41943,407555,417457,307,825319,867262,0.9516374521194287
0500000US06019,U,250.0,43170,644184,179616,292,824092,867262,0.9502226547456247
0500000US06019,U,1000.0,687079,179891,292,0,180183,867262,0.20776074588763258
0500000US06021,R,0.2,0,1,2,11878,11881,11881,1.0
0500000US06021,R,4.0,0,1,403,11477,11881,11881,1.0
0500000US06021,R,10.0,0,1,403,11477,11881,11881,1.0
0500000US06021,R,25.0,0,1,908,10972,11881,11881,1.0
0500000US06021,R,100.0,8347,3534,0,0,3534,11881,0.29744970962040235
0500000US06021,R,250.0,8347,3534,0,0,3534,11881,0.29744970962040235
0500000US06021,R,1000.0,11881,0,0,0,0,11881,0.0
0500000US06021,U,0.2,0,0,0,16512,16512,16512,1.0
0500000US06021,U,4.0,0,0,0,16512,16512,16512,1.0
0500000US06021,U,10.0,0,0,0,16512,16512,16512,1.0
0500000US06021,U,25.0,0,0,0,16512,16512,16512,1.0
0500000US06021,U,100.0,1509,15003,0,0,15003,16512,0.9086119186046512
0500000US06021,U,250.0,1509,15003,0,0,15003,16512,0.9086119186046512
0500000US06021,U,1000.0,16512,0,0,0,0,16512,0.0
0500000US06023,R,0.2,0,0,0,41643,41643,41643,1.0
0500000US06023,R,4.0,0,0,1556,40087,41643,41643,1.0
0500000US06023,R,10.0,0,0,1608,40035,41643,41643,1.0
0500000US06023,R,25.0,0,0,7145,34498,41643,41643,1.0
0500000US06023,R,100.0,7156,19028,15459,0,34487,41643,0.8281583939677737
0500000US06023,R,250.0,37398,4245,0,0,4245,41643,0.10193790072761329
0500000US06023,R,1000.0,41596,47,0,0,47,41643,0.001128641068126696
0500000US06023,U,0.2,0,0,0,93915,93915,93915,1.0
0500000US06023,U,4.0,0,0,0,93915,93915,93915,1.0
0500000US06023,U,10.0,0,0,0,93915,93915,93915,1.0
0500000US06023,U,25.0,0,0,0,93915,93915,93915,1.0
0500000US06023,U,100.0,0,4562,89127,226,93915,93915,1.0
0500000US06023,U,250.0,68180,25735,0,0,25735,93915,0.2740243837512644
0500000US06023,U,1000.0,93915,0,0,0,0,93915,0.0
0500000US06025,R,0.2,0,0,0,36287,36287,36287,1.0
0500000US06025,R,4.0,0,0,14627,21660,36287,36287,1.0
0500000US06025,R,10.0,0,0,20292,15995,36287,36287,1.0
0500000US06025,R,25.0,0,0,23385,12902,36287,36287,1.0
0500000US06025,R,100.0,24059,11923,305,0,12228,36287,0.3369801857414501
0500000US06025,R,250.0,28549,7698,40,0,7738,36287,0.21324441259955357
0500000US06025,R,1000.0,36287,0,0,0,0,36287,0.0
0500000US06025,U,0.2,0,0,0,144928,144928,144928,1.0
0500000US06025,U,4.0,0,0,416,144512,144928,144928,1.0
0500000US06025,U,10.0,0,0,641,144287,144928,144928,1.0
0500000US06025,U,25.0,0,0,2550,142378,144928,144928,1.0
0500000US06025,U,100.0,2870,141370,688,0,142058,144928,0.9801970633693973
0500000US06025,U,250.0,4286,140415,227,0,140642,144928,0.9704266946345772
0500000US06025,U,1000.0,144928,0,0,0,0,144928,0.0
0500000US06027,R,0.2,0,0,0,8436,8436,8436,1.0
0500000US06027,R,4.0,0,0,1453,6983,8436,8436,1.0
0500000US06027,R,10.0,0,0,1461,6975,8436,8436,1.0
0500000US06027,R,25.0,0,0,1695,6741,8436,8436,1.0
0500000US06027,R,100.0,2735,5226,475,0,5701,8436,0.6757942152678995
0500000US06027,R,250.0,6228,2170,38,0,2208,8436,0.26173541963015645
0500000US06027,R,1000.0,8160,270,6,0,276,8436,0.032716927453769556
0500000US06027,U,0.2,0,0,0,9603,9603,9603,1.0
0500000US06027,U,4.0,0,0,1,9602,9603,9603,1.0
0500000US06027,U,10.0,0,0,14,9589,9603,9603,1.0
0500000US06027,U,25.0,0,0,137,9466,9603,9603,1.0
0500000US06027,U,100.0,252,8108,1243,0,9351,9603,0.9737582005623243
0500000US06027,U,250.0,8441,1095,67,0,1162,9603,0.12100385296261584
0500000US06027,U,1000.0,8937,666,0,0,666,9603,0.06935332708528585
0500000US06029,R,0.2,0,2,2,128887,128891,128891,1.0
0500000US06029,R,4.0,0,2,25135,103754,128891,128891,1.0
0500000US06029,R,10.0,0,2,25199,103690,128891,128891,1.0
0500000US06029,R,25.0,0,2,31193,97696,128891,128891,1.0
0500000US06029,R,100.0,68708,50470,9151,562,60183,128891,0.46692942098362183
0500000US06029,R,250.0,85650,35561,7543,137,43241,128891,0.3354850222280842
0500000US06029,R,1000.0,103187,25125,579,0,25704,128891,0.19942431977407266
0500000US06029,U,0.2,0,0,0,771306,771306,771306,1.0
0500000US06029,U,4.0,0,0,677,770629,771306,771306,1.0
0500000US06029,U,10.0,0,0,1047,770259,771306,771306,1.0
0500000US06029,U,25.0,0,0,3203,768103,771306,771306,1.0
0500000US06029,U,100.0,21290,401328,345543,3145,750016,771306,0.9723974661159125
0500000US06029,U,250.0,55391,579633,136137,145,715915,771306,0.9281854413164166
0500000US06029,U,1000.0,637753,133553,0,0,133553,771306,0.1731517711517867
0500000US06031,R,0.2,0,0,0,18536,18536,18536,1.0
0500000US06031,R,4.0,0,0,214,18322,18536,18536,1.0
0500000US06031,R,10.0,0,0,214,18322,18536,18536,1.0
0500000US06031,R,25.0,0,0,214,18322,18536,18536,1.0
0500000US06031,R,100.0,13446,5040,50,0,5090,18536,0.2746007768666379
0500000US06031,R,250.0,13464,5063,9,0,5072,18536,0.2736296935692706
0500000US06031,R,1000.0,18527,9,0,0,9,18536,0.00048554164868364264
0500000US06031,U,0.2,0,0,0,134393,134393,134393,1.0
0500000US06031,U,4.0,0,0,0,134393,134393,134393,1.0
0500000US06031,U,10.0,0,0,0,134393,134393,134393,1.0
0500000US06031,U,25.0,0,0,0,134393,134393,134393,1.0
0500000US06031,U,100.0,21958,83429,29006,0,112435,134393,0.8366135140967164
0500000US06031,U,250.0,22161,108579,3653,0,112232,134393,0.8351030187584175
0500000US06031,U,1000.0,131107,3286,0,0,3286,134393,0.024450678234729486
0500000US06033,R,0.2,0,0,0,21956,21956,21956,1.0
0500000US06033,R,4.0,0,0,2365,19591,21956,21956,1.0
0500000US06033,R,10.0,0,0,2365,19591,21956,21956,1.0
0500000US06033,R,25.0,0,0,3958,17998,21956,21956,1.0
0500000US06033,R,100.0,6967,14474,515,0,14989,21956,0.6826835489160138
0500000US06033,R,250.0,7568,14322,66,0,14388,21956,0.655310621242485
0500000US06033,R,1000.0,21956,0,0,0,0,21956,0.0
0500000US06033,U,0.2,0,0,0,42430,42430,42430,1.0
0500000US06033,U,4.0,0,0,294,42136,42430,42430,1.0
0500000US06033,U,10.0,0,0,294,42136,42430,42430,1.0
0500000US06033,U,25.0,0,0,294,42136,42430,42430,1.0
0500000US06033,U,100.0,702,41728,0,0,41728,42430,0.9834551025218006
0500000US06033,U,250.0,702,41728,0,0,41728,42430,0.9834551025218006
0500000US06033,U,1000.0,42430,0,0,0,0,42430,0.0
0500000US06035,R,0.2,0,0,0,20449,20449,20449,1.0
0500000US06035,R,4.0,0,0,993,19456,20449,20449,1.0
0500000US06035,R,10.0,0,0,1044,19405,20449,20449,1.0
0500000US06035,R,25.0,0,0,2643,17806,20449,20449,1.0
0500000US06035,R,100.0,14043,6139,267,0,6406,20449,0.3132671524279916
0500000US06035,R,250.0,20449,0,0,0,0,20449,0.0
0500000US06035,R,1000.0,20449,0,0,0,0,20449,0.0
0500000US06035,U,0.2,0,0,0,10124,10124,10124,1.0
0500000US06035,U,4.0,0,0,0,10124,10124,10124,1.0
0500000US06035,U,10.0,0,0,0,10124,10124,10124,1.0
0500000US06035,U,25.0,0,0,0,10124,10124,10124,1.0
0500000US06035,U,100.0,708,8838,578,0,9416,10124,0.9300671671276175
0500000US06035,U,250.0,10124,0,0,0,0,10124,0.0
0500000US06035,U,1000.0,10124,0,0,0,0,10124,0.0
0500000US06037,R,0.2,0,1,1,91109,91111,91111,1.0
0500000US06037,R,4.0,0,1,10841,80269,91111,91111,1.0
0500000US06037,R,10.0,0,1,11188,79922,91111,91111,1.0
0500000US06037,R,25.0,0,1,32728,58382,91111,91111,1.0
0500000US06037,R,100.0,38067,38950,12379,1715,53044,91111,0.5821909538914072
0500000US06037,R,250.0,40920,46771,3420,0,50191,91111,0.5508775010701232
0500000US06037,R,1000.0,87197,3914,0,0,3914,91111,0.04295858897388899
0500000US06037,U,0.2,0,14,34,9947948,9947996,9947996,1.0
0500000US06037,U,4.0,0,14,10552,9937430,9947996,9947996,1.0
0500000US06037,U,10.0,0,14,11411,9936571,9947996,9947996,1.0
0500000US06037,U,25.0,0,14,12513,9935469,9947996,9947996,1.0
0500000US06037,U,100.0,17646,2619258,5749281,1561811,9930350,9947996,0.9982261754025635
0500000US06037,U,250.0,21424,8110258,1773222,43092,9926572,9947996,0.997846400420748
0500000US06037,U,1000.0,8259329,1682346,6308,13,1688667,9947996,0.16974946511840175
0500000US06039,R,0.2,0,0,0,54965,54965,54965,1.0
0500000US06039,R,4.0,0,0,429,54536,54965,54965,1.0
0500000US06039,R,10.0,0,0,429,54536,54965,54965,1.0
0500000US06039,R,25.0,0,0,474,54491,54965,54965,1.0
0500000US06039,R,100.0,36648,17398,919,0,18317,54965,0.3332484308196125
0500000US06039,R,250.0,49512,5434,19,0,5453,54965,0.09920858728281634
0500000US06039,R,1000.0,54934,31,0,0,31,54965,0.0005639952697170927
0500000US06039,U,0.2,0,0,0,102362,102362,102362,1.0
0500000US06039,U,4.0,0,0,0,102362,102362,102362,1.0
0500000US06039,U,10.0,0,0,0,102362,102362,102362,1.0
0500000US06039,U,25.0,0,0,0,102362,102362,102362,1.0
0500000US06039,U,100.0,2241,67354,32767,0,100121,102362,0.978107110060374
0500000US06039,U,250.0,5902,89798,6662,0,96460,102362,0.9423418846837693
0500000US06039,U,1000.0,95695,6667,0,0,6667,102362,0.06513159180164514
0500000US06041,R,0.2,0,0,0,17849,17849,17849,1.0
0500000US06041,R,4.0,0,0,2952,14897,17849,17849,1.0
0500000US06041,R,10.0,0,0,2971,14878,17849,17849,1.0
0500000US06041,R,25.0,0,0,3766,14083,17849,17849,1.0
0500000US06041,R,100.0,8258,6675,2248,668,9591,17849,0.5373410275085438
0500000US06041,R,250.0,8694,8352,803,0,9155,17849,0.5129138887332624
0500000US06041,R,1000.0,16432,1417,0,0,1417,17849,0.07938820101966497
0500000US06041,U,0.2,0,0,0,240977,240977,240977,1.0
0500000US06041,U,4.0,0,0,417,240560,240977,240977,1.0
0500000US06041,U,10.0,0,0,445,240532,240977,240977,1.0
0500000US06041,U,25.0,0,0,621,240356,240977,240977,1.0
0500000US06041,U,100.0,6522,88651,141974,3830,234455,240977,0.9729351763861281
0500000US06041,U,250.0,6604,156331,78042,0,234373,240977,0.9725948949484806
0500000US06041,U,1000.0,162920,78057,0,0,78057,240977,0.3239188802250837
0500000US06043,R,0.2,0,0,0,17203,17203,17203,1.0
0500000US06043,R,4.0,0,0,1132,16071,17203,17203,1.0
0500000US06043,R,10.0,0,0,1132,16071,17203,17203,1.0
0500000US06043,R,25.0,0,0,2985,14218,17203,17203,1.0
0500000US06043,R,100.0,10188,6553,462,0,7015,17203,0.40777771318955996
0500000US06043,R,250.0,16914,289,0,0,289,17203,0.01679939545428123
0500000US06043,R,1000.0,17073,130,0,0,130,17203,0.007556821484624774
0500000US06045,R,0.2,0,0,0,40098,40098,40098,1.0
0500000US06045,R,4.0,0,0,6448,33650,40098,40098,1.0
0500000US06045,R,10.0,0,0,6448,33650,40098,40098,1.0
0500000US06045,R,25.0,0,0,8870,31228,40098,40098,1.0
0500000US06045,R,100.0,13769,16358,9971,0,26329,40098,0.6566162900892812
0500000US06045,R,250.0,40063,35,0,0,35,40098,0.0008728614893510899
0500000US06045,R,1000.0,40098,0,0,0,0,40098,0.0
0500000US06045,U,0.2,0,0,0,46651,46651,46651,1.0
0500000US06045,U,4.0,0,0,26,46625,46651,46651,1.0
0500000US06045,U,10.0,0,0,26,46625,46651,46651,1.0
0500000US06045,U,25.0,0,0,116,46535,46651,46651,1.0
0500000US06045,U,100.0,120,14218,32313,0,46531,46651,0.9974277078733574
0500000US06045,U,250.0,46284,367,0,0,367,46651,0.007866926753981695
0500000US06045,U,1000.0,46651,0,0,0,0,46651,0.0
0500000US06047,R,0.2,0,0,0,48277,48277,48277,1.0
0500000US06047,R,4.0,0,0,115,48162,48277,48277,1.0
0500000US06047,R,10.0,0,0,116,48161,48277,48277,1.0
0500000US06047,R,25.0,0,0,116,48161,48277,48277,1.0
0500000US06047,R,100.0,37157,10412,708,0,11120,48277,0.23033742776063135
0500000US06047,R,250.0,40742,6886,649,0,7535,48277,0.15607846386478033
0500000US06047,R,1000.0,47615,662,0,0,662,48277,0.013712533918843342
0500000US06047,U,0.2,0,0,0,229400,229400,229400,1.0
0500000US06047,U,4.0,0,0,0,229400,229400,229400,1.0
0500000US06047,U,10.0,0,0,0,229400,229400,229400,1.0
0500000US06047,U,25.0,0,0,0,229400,229400,229400,1.0
0500000US06047,U,100.0,17512,123277,88611,0,211888,229400,0.9236617262423714
0500000US06047,U,250.0,17599,187209,24592,0,211801,229400,0.9232824760244115
0500000US06047,U,1000.0,204957,24443,0,0,24443,229400,0.10655187445510027
0500000US06049,R,0.2,0,0,0,6305,6305,6305,1.0
0500000US06049,R,4.0,0,0,1223,5082,6305,6305,1.0
0500000US06049,R,10.0,0,0,1624,4681,6305,6305,1.0
0500000US06049,R,25.0,0,0,3375,2930,6305,6305,1.0
0500000US06049,R,100.0,4990,1315,0,0,1315,6305,0.20856463124504362
0500000US06049,R,250.0,6228,77,0,0,77,6305,0.012212529738302934
0500000US06049,R,1000.0,6305,0,0,0,0,6305,0.0
0500000US06049,U,0.2,0,0,0,2536,2536,2536,1.0
0500000US06049,U,4.0,0,0,0,2536,2536,2536,1.0
0500000US06049,U,10.0,0,0,0,2536,2536,2536,1.0
0500000US06049,U,25.0,0,0,1462,1074,2536,2536,1.0
0500000US06049,U,100.0,2435,101,0,0,101,2536,0.039826498422712936
0500000US06049,U,250.0,2521,15,0,0,15,2536,0.005914826498422713
0500000US06049,U,1000.0,2536,0,0,0,0,2536,0.0
0500000US06051,R,0.2,0,0,0,7149,7149,7149,1.0
0500000US06051,R,4.0,0,0,1054,6095,7149,7149,1.0
0500000US06051,R,10.0,0,0,1088,6061,7149,7149,1.0
0500000US06051,R,25.0,0,0,1749,5400,7149,7149,1.0
0500000US06051,R,100.0,1827,4816,506,0,5322,7149,0.7444397817876626
0500000US06051,R,250.0,1864,4849,436,0,5285,7149,0.7392642327598266
0500000US06051,R,1000.0,2959,4190,0,0,4190,7149,0.5860959574765702
0500000US06051,U,0.2,0,0,0,7295,7295,7295,1.0
0500000US06051,U,4.0,0,0,7,7288,7295,7295,1.0
0500000US06051,U,10.0,0,0,7,7288,7295,7295,1.0
0500000US06051,U,25.0,0,0,587,6708,7295,7295,1.0
0500000US06051,U,100.0,659,6347,289,0,6636,7295,0.9096641535298149
0500000US06051,U,250.0,706,6300,289,0,6589,7295,0.9032213845099383
0500000US06051,U,1000.0,7123,172,0,0,172,7295,0.023577793008910213
0500000US06053,R,0.2,0,0,0,53536,53536,53536,1.0
0500000US06053,R,4.0,0,0,2903,50633,53536,53536,1.0
0500000US06053,R,10.0,0,0,2912,50624,53536,53536,1.0
0500000US06053,R,25.0,0,0,4608,48928,53536,53536,1.0
0500000US06053,R,100.0,27347,18130,7870,189,26189,53536,0.48918484757919906
0500000US06053,R,250.0,29664,19707,4165,0,23872,53536,0.44590555887627015
0500000US06053,R,1000.0,50882,2654,0,0,2654,53536,0.04957411835026898
0500000US06053,U,0.2,0,0,0,380525,380525,380525,1.0
0500000US06053,U,4.0,0,0,0,380525,380525,380525,1.0
0500000US06053,U,10.0,0,0,0,380525,380525,380525,1.0
0500000US06053,U,25.0,0,0,0,380525,380525,380525,1.0
0500000US06053,U,100.0,18254,164727,190075,7469,362271,380525,0.9520294330201695
0500000US06053,U,250.0,18421,292596,69508,0,362104,380525,0.9515905656658564
0500000US06053,U,1000.0,316856,63669,0,0,63669,380525,0.16731883581893436
0500000US06055,R,0.2,0,0,0,19567,19567,19567,1.0
0500000US06055,R,4.0,0,0,107,19460,19567,19567,1.0
0500000US06055,R,10.0,0,0,248,19319,19567,19567,1.0
0500000US06055,R,25.0,0,0,433,19134,19567,19567,1.0
0500000US06055,R,100.0,7217,9095,3255,0,12350,19567,0.6311647161036439
0500000US06055,R,250.0,7602,10904,1061,0,11965,19567,0.6114887310267286
0500000US06055,R,1000.0,17432,2135,0,0,2135,19567,0.10911228088107527
0500000US06055,U,0.2,0,0,0,118177,118177,118177,1.0
0500000US06055,U,4.0,0,0,1069,117108,118177,118177,1.0
0500000US06055,U,10.0,0,0,1069,117108,118177,118177,1.0
0500000US06055,U,25.0,0,0,1069,117108,118177,118177,1.0
0500000US06055,U,100.0,4385,38703,75089,0,113792,118177,0.9628946410892136
0500000US06055,U,250.0,4449,87868,25860,0,113728,118177,0.9623530805486685
0500000US06055,U,1000.0,92373,25804,0,0,25804,118177,0.21835044044103336
0500000US06057,R,0.2,0,0,0,42767,42767,42767,1.0
0500000US06057,R,4.0,0,0,2112,40655,42767,42767,1.0
0500000US06057,R,10.0,0,0,2112,40655,42767,42767,1.0
0500000US06057,R,25.0,0,0,2188,40579,42767,42767,1.0
0500000US06057,R,100.0,25107,16501,1159,0,17660,42767,0.4129352070521664
0500000US06057,R,250.0,27641,14986,140,0,15126,42767,0.3536839151682372
0500000US06057,R,1000.0,42613,154,0,0,154,42767,0.0036009072415647578
0500000US06057,U,0.2,0,0,0,56988,56988,56988,1.0
0500000US06057,U,4.0,0,0,1089,55899,56988,56988,1.0
0500000US06057,U,10.0,0,0,1089,55899,56988,56988,1.0
0500000US06057,U,25.0,0,0,1096,55892,56988,56988,1.0
0500000US06057,U,100.0,4075,52260,653,0,52913,56988,0.9284937179757142
0500000US06057,U,250.0,14228,42760,0,0,42760,56988,0.7503334035235488
0500000US06057,U,1000.0,56988,0,0,0,0,56988,0.0
0500000US06059,R,0.2,0,0,1,13077,13078,13078,1.0
0500000US06059,R,4.0,0,0,1515,11563,13078,13078,1.0
0500000US06059,R,10.0,0,0,1531,11547,13078,13078,1.0
0500000US06059,R,25.0,0,1,1594,11483,13078,13078,1.0
0500000US06059,R,100.0,1668,3227,5903,2280,11410,13078,0.8724575623183973
0500000US06059,R,250.0,1686,4335,4777,2280,11392,13078,0.871081205077229
0500000US06059,R,1000.0,5551,1806,3812,1909,7527,13078,0.5755467196819085
0500000US06059,U,0.2,0,6,9,3162599,3162614,3162614,1.0
0500000US06059,U,4.0,0,6,41956,3120652,3162614,3162614,1.0
0500000US06059,U,10.0,0,6,42283,3120325,3162614,3162614,1.0
0500000US06059,U,25.0,0,6,42386,3120222,3162614,3162614,1.0
0500000US06059,U,100.0,44404,1145142,1918083,54985,3118210,3162614,0.9859597156023466
0500000US06059,U,250.0,58890,2466916,617715,19093,3103724,3162614,0.9813793273538914
0500000US06059,U,1000.0,2549615,593807,16780,2412,612999,3162614,0.19382668893516566
0500000US06061,R,0.2,0,1,1,69850,69852,69852,1.0
0500000US06061,R,4.0,0,1,3479,66372,69852,69852,1.0
0500000US06061,R,10.0,0,1,3479,66372,69852,69852,1.0
0500000US06061,R,25.0,0,1,4142,65709,69852,69852,1.0
0500000US06061,R,100.0,32728,26880,4642,5602,37124,69852,0.531466529233236
0500000US06061,R,250.0,50082,12521,6262,987,19770,69852,0.28302697131077137
0500000US06061,R,1000.0,60145,8321,1386,0,9707,69852,0.13896524079482334
0500000US06061,U,0.2,0,0,0,328472,328472,328472,1.0
0500000US06061,U,4.0,0,0,701,327771,328472,328472,1.0
0500000US06061,U,10.0,0,0,701,327771,328472,328472,1.0
0500000US06061,U,25.0,0,0,1290,327182,328472,328472,1.0
0500000US06061,U,100.0,18222,82463,110159,117628,310250,328472,0.9445249518984875
0500000US06061,U,250.0,80630,155340,82534,9968,247842,328472,0.7545300664896856
0500000US06061,U,1000.0,159352,135999,32816,305,169120,328472,0.5148688472685647
0500000US06063,R,0.2,0,0,0,13936,13936,13936,1.0
0500000US06063,R,4.0,0,0,439,13497,13936,13936,1.0
0500000US06063,R,10.0,0,0,530,13406,13936,13936,1.0
0500000US06063,R,25.0,0,0,705,13231,13936,13936,1.0
0500000US06063,R,100.0,11828,2061,47,0,2108,13936,0.15126291618828933
0500000US06063,R,250.0,13478,458,0,0,458,13936,0.03286452353616533
0500000US06063,R,1000.0,13782,154,0,0,154,13936,0.011050516647531573
0500000US06063,U,0.2,0,0,0,4871,4871,4871,1.0
0500000US06063,U,4.0,0,0,1,4870,4871,4871,1.0
0500000US06063,U,10.0,0,0,1,4870,4871,4871,1.0
0500000US06063,U,25.0,0,0,13,4858,4871,4871,1.0
0500000US06063,U,100.0,4749,122,0,0,122,4871,0.025046191747074523
0500000US06063,U,250.0,4749,122,0,0,122,4871,0.025046191747074523
0500000US06063,U,1000.0,4831,40,0,0,40,4871,0.008211866146581811
0500000US06065,R,0.2,0,3,8,179921,179932,179932,1.0
0500000US06065,R,4.0,0,3,33012,146917,179932,179932,1.0
0500000US06065,R,10.0,0,3,34803,145126,179932,179932,1.0
0500000US06065,R,25.0,0,3,51614,128315,179932,179932,1.0
0500000US06065,R,100.0,64121,58694,40211,16906,115811,179932,0.6436375964253163
0500000US06065,R,250.0,110580,66510,2842,0,69352,179932,0.38543449747682457
0500000US06065,R,1000.0,167458,12474,0,0,12474,179932,0.06932618989395994
0500000US06065,U,0.2,0,1,9,2290596,2290606,2290606,1.0
0500000US06065,U,4.0,0,1,2719,2287886,2290606,2290606,1.0
0500000US06065,U,10.0,0,1,3232,2287373,2290606,2290606,1.0
0500000US06065,U,25.0,0,1,10026,2280579,2290606,2290606,1.0
0500000US06065,U,100.0,14178,320182,780792,1175454,2276428,2290606,0.9938103715785255
0500000US06065,U,250.0,42448,1990134,247855,10169,2248158,2290606,0.981468659385333
0500000US06065,U,1000.0,2064508,216162,9910,26,226098,2290606,0.09870663047246013
0500000US06067,R,0.2,0,3,4,38963,38970,38970,1.0
0500000US06067,R,4.0,0,3,1433,37534,38970,38970,1.0
0500000US06067,R,10.0,0,3,1473,37494,38970,38970,1.0
0500000US06067,R,25.0,0,3,3077,35890,38970,38970,1.0
0500000US06067,R,100.0,27037,8036,1703,2194,11933,38970,0.30620990505517065
0500000US06067,R,250.0,28797,9717,456,0,10173,38970,0.26104695919938414
0500000US06067,R,1000.0,38488,482,0,0,482,38970,0.012368488580959713
0500000US06067,U,0.2,0,4,4,1513076,1513084,1513084,1.0
0500000US06067,U,4.0,0,4,19839,1493241,1513084,1513084,1.0
0500000US06067,U,10.0,0,4,19839,1493241,1513084,1513084,1.0
0500000US06067,U,25.0,0,4,24878,1488202,1513084,1513084,1.0
0500000US06067,U,100.0,34515,447937,652648,377984,1478569,1513084,0.9771889729849764
0500000US06067,U,250.0,44325,1099136,353146,16477,1468759,1513084,0.9707055259324664
0500000US06067,U,1000.0,1177960,335043,81,0,335124,1513084,0.22148406830023978
0500000US06069,R,0.2,0,0,0,18999,18999,18999,1.0
0500000US06069,R,4.0,0,0,329,18670,18999,18999,1.0
0500000US06069,R,10.0,0,0,329,18670,18999,18999,1.0
0500000US06069,R,25.0,0,0,740,18259,18999,18999,1.0
0500000US06069,R,100.0,7062,9276,2158,503,11937,18999,0.6282962261171641
0500000US06069,R,250.0,12158,6744,97,0,6841,18999,0.3600715827148797
0500000US06069,R,1000.0,18257,742,0,0,742,18999,0.03905468708879415
0500000US06069,U,0.2,0,0,0,43803,43803,43803,1.0
0500000US06069,U,4.0,0,0,0,43803,43803,43803,1.0
0500000US06069,U,10.0,0,0,0,43803,43803,43803,1.0
0500000US06069,U,25.0,0,0,0,43803,43803,43803,1.0
0500000US06069,U,100.0,0,556,18256,24991,43803,43803,1.0
0500000US06069,U,250.0,346,35638,7746,73,43457,43803,0.9921009976485629
0500000US06069,U,1000.0,36024,7779,0,0,7779,43803,0.17759057598794603
0500000US06071,R,0.2,0,3,2,165540,165545,165545,1.0
0500000US06071,R,4.0,0,3,38926,126616,165545,165545,1.0
0500000US06071,R,10.0,0,3,40614,124928,165545,165545,1.0
0500000US06071,R,25.0,0,3,64539,101003,165545,165545,1.0
0500000US06071,R,100.0,96629,50116,10538,8262,68916,165545,0.41629768340934487
0500000US06071,R,250.0,101220,58911,4829,585,64325,165545,0.3885650427376242
0500000US06071,R,1000.0,146854,18106,585,0,18691,165545,0.11290585641366396
0500000US06071,U,0.2,0,0,0,2014528,2014528,2014528,1.0
0500000US06071,U,4.0,0,0,1307,2013221,2014528,2014528,1.0
0500000US06071,U,10.0,0,0,1386,2013142,2014528,2014528,1.0
0500000US06071,U,25.0,0,0,3461,2011067,2014528,2014528,1.0
0500000US06071,U,100.0,15917,263658,717095,1017858,1998611,2014528,0.9920988936366235
0500000US06071,U,250.0,28086,1491705,464625,30112,1986442,2014528,0.9860582727070559
0500000US06071,U,1000.0,1509623,475787,28705,413,504905,2014528,0.25063190980716077
0500000US06073,R,0.2,0,2,2,150422,150426,150426,1.0
0500000US06073,R,4.0,0,2,4325,146099,150426,150426,1.0
0500000US06073,R,10.0,0,2,4334,146090,150426,150426,1.0
0500000US06073,R,25.0,0,2,13311,137113,150426,150426,1.0
0500000US06073,R,100.0,14362,76964,41630,17470,136064,150426,0.9045244837993432
0500000US06073,R,250.0,94514,47113,7589,1210,55912,150426,0.3716910640447795
0500000US06073,R,1000.0,143619,4328,2479,0,6807,150426,0.04525148578038371
0500000US06073,U,0.2,0,5,0,3187899,3187904,3187904,1.0
0500000US06073,U,4.0,0,5,50311,3137588,3187904,3187904,1.0
0500000US06073,U,10.0,0,5,50431,3137468,3187904,3187904,1.0
0500000US06073,U,25.0,0,5,51211,3136688,3187904,3187904,1.0
0500000US06073,U,100.0,58823,637442,1995823,495816,3129081,3187904,0.9815480641826103
0500000US06073,U,250.0,100762,2358883,691198,37061,3087142,3187904,0.9683923982654433
0500000US06073,U,1000.0,2468243,686681,32642,338,719661,3187904,0.22574738762522334
0500000US06075,R,0.2,0,1,0,1,2,2,1.0
0500000US06075,R,4.0,0,1,1,0,2,2,1.0
0500000US06075,R,10.0,0,1,1,0,2,2,1.0
0500000US06075,R,25.0,0,2,0,0,2,2,1.0
0500000US06075,R,100.0,2,0,0,0,0,2,0.0
0500000US06075,R,250.0,2,0,0,0,0,2,0.0
0500000US06075,R,1000.0,2,0,0,0,0,2,0.0
0500000US06075,U,0.2,0,0,1,881546,881547,881547,1.0
0500000US06075,U,4.0,0,0,43,881504,881547,881547,1.0
0500000US06075,U,10.0,0,0,43,881504,881547,881547,1.0
0500000US06075,U,25.0,0,0,43,881504,881547,881547,1.0
0500000US06075,U,100.0,43,20235,224982,636287,881504,881547,0.9999512221129446
0500000US06075,U,250.0,20656,311002,314361,235528,860891,881547,0.9765684643019601
0500000US06075,U,1000.0,336062,312586,222509,10390,545485,881547,0.6187815283813569
0500000US06077,R,0.2,0,0,5,75473,75478,75478,1.0
0500000US06077,R,4.0,0,0,382,75096,75478,75478,1.0
0500000US06077,R,10.0,0,0,386,75092,75478,75478,1.0
0500000US06077,R,25.0,0,0,599,74879,75478,75478,1.0
0500000US06077,R,100.0,46191,22605,6682,0,29287,75478,0.3880203503007499
0500000US06077,R,250.0,46999,25980,2499,0,28479,75478,0.3773152441771112
0500000US06077,R,1000.0,72972,2506,0,0,2506,75478,0.03320172765574075
0500000US06077,U,0.2,0,0,13,686651,686664,686664,1.0
0500000US06077,U,4.0,0,0,14,686650,686664,686664,1.0
0500000US06077,U,10.0,0,0,14,686650,686664,686664,1.0
0500000US06077,U,25.0,0,0,14,686650,686664,686664,1.0
0500000US06077,U,100.0,19451,323751,343462,0,667213,686664,0.9716731909638484
0500000US06077,U,250.0,20393,583388,82883,0,666271,686664,0.9703013409760815
0500000US06077,U,1000.0,603910,82754,0,0,82754,686664,0.12051600200389127
0500000US06079,R,0.2,0,3,1,53122,53126,53126,1.0
0500000US06079,R,4.0,0,3,3246,49877,53126,53126,1.0
0500000US06079,R,10.0,0,3,3829,49294,53126,53126,1.0
0500000US06079,R,25.0,0,3,6830,46293,53126,53126,1.0
0500000US06079,R,100.0,24867,21750,5964,545,28259,53126,0.5319241049580243
0500000US06079,R,250.0,33239,19593,294,0,19887,53126,0.3743364830779656
0500000US06079,R,1000.0,53124,2,0,0,2,53126,3.764635018634943e-05
0500000US06079,U,0.2,0,0,0,229985,229985,229985,1.0
0500000US06079,U,4.0,0,0,393,229592,229985,229985,1.0
0500000US06079,U,10.0,0,0,6730,223255,229985,229985,1.0
0500000US06079,U,25.0,0,0,6793,223192,229985,229985,1.0
0500000US06079,U,100.0,6980,100754,110542,11709,223005,229985,0.9696501945779072
0500000US06079,U,250.0,13695,201807,14428,55,216290,229985,0.9404526382155358
0500000US06079,U,1000.0,216660,13325,0,0,13325,229985,0.05793856121051373
0500000US06081,R,0.2,0,0,1,17620,17621,17621,1.0
0500000US06081,R,4.0,0,0,4,17617,17621,17621,1.0
0500000US06081,R,10.0,0,0,4,17617,17621,17621,1.0
0500000US06081,R,25.0,0,0,4,17617,17621,17621,1.0
0500000US06081,R,100.0,1062,4128,9851,2580,16559,17621,0.9397310027807729
0500000US06081,R,250.0,6425,10517,679,0,11196,17621,0.6353782418704954
0500000US06081,R,1000.0,13574,4047,0,0,4047,17621,0.22966914477044437
0500000US06081,U,0.2,0,1,1,748950,748952,748952,1.0
0500000US06081,U,4.0,0,1,4,748947,748952,748952,1.0
0500000US06081,U,10.0,0,1,4,748947,748952,748952,1.0
0500000US06081,U,25.0,0,1,4,748947,748952,748952,1.0
0500000US06081,U,100.0,797,36208,148941,563006,748155,748952,0.9989358463559748
0500000US06081,U,250.0,31328,287572,314648,115404,717624,748952,0.958170884115404
0500000US06081,U,1000.0,275103,357796,102618,13435,473849,748952,0.6326827353421848
0500000US06083,R,0.2,0,4,0,30524,30528,30528,1.0
0500000US06083,R,4.0,0,4,6917,23607,30528,30528,1.0
0500000US06083,R,10.0,0,4,7325,23199,30528,30528,1.0
0500000US06083,R,25.0,0,4,10584,19940,30528,30528,1.0
0500000US06083,R,100.0,17432,12039,580,477,13096,30528,0.4289832285115304
0500000US06083,R,250.0,18448,11818,262,0,12080,30528,0.39570230607966456
0500000US06083,R,1000.0,30011,517,0,0,517,30528,0.01693527253668763
0500000US06083,U,0.2,0,0,0,415971,415971,415971,1.0
0500000US06083,U,4.0,0,0,5077,410894,415971,415971,1.0
0500000US06083,U,10.0,0,0,6754,409217,415971,415971,1.0
0500000US06083,U,25.0,0,0,15287,400684,415971,415971,1.0
0500000US06083,U,100.0,15571,360583,37376,2441,400400,415971,0.9625671020335552
0500000US06083,U,250.0,15951,397758,2262,0,400020,415971,0.961653576811845
0500000US06083,U,1000.0,411447,4524,0,0,4524,415971,0.010875758165833676
0500000US06085,R,0.2,0,0,0,31218,31218,31218,1.0
0500000US06085,R,4.0,0,0,0,31218,31218,31218,1.0
0500000US06085,R,10.0,0,0,0,31218,31218,31218,1.0
0500000US06085,R,25.0,0,0,0,31218,31218,31218,1.0
0500000US06085,R,100.0,2317,15559,10951,2391,28901,31218,0.925779998718688
0500000US06085,R,250.0,16903,12911,1404,0,14315,31218,0.4585495547440579
0500000US06085,R,1000.0,27250,3968,0,0,3968,31218,0.12710615670446537
0500000US06085,U,0.2,0,0,0,1896634,1896634,1896634,1.0
0500000US06085,U,4.0,0,0,0,1896634,1896634,1896634,1.0
0500000US06085,U,10.0,0,0,0,1896634,1896634,1896634,1.0
0500000US06085,U,25.0,0,0,0,1896634,1896634,1896634,1.0
0500000US06085,U,100.0,9173,100212,540894,1246355,1887461,1896634,0.995163537087282
0500000US06085,U,250.0,77024,1254294,553834,11482,1819610,1896634,0.9593891072289118
0500000US06085,U,1000.0,1339311,552198,5125,0,557323,1896634,0.2938484705008979
0500000US06087,R,0.2,0,0,0,35814,35814,35814,1.0
0500000US06087,R,4.0,0,0,0,35814,35814,35814,1.0
0500000US06087,R,10.0,0,0,0,35814,35814,35814,1.0
0500000US06087,R,25.0,0,0,0,35814,35814,35814,1.0
0500000US06087,R,100.0,2058,15197,11153,7406,33756,35814,0.9425364382643658
0500000US06087,R,250.0,27311,6428,1258,817,8503,35814,0.23742112023231138
0500000US06087,R,1000.0,32682,2315,817,0,3132,35814,0.08745183447813704
0500000US06087,U,0.2,0,0,0,237399,237399,237399,1.0
0500000US06087,U,4.0,0,0,0,237399,237399,237399,1.0
0500000US06087,U,10.0,0,0,0,237399,237399,237399,1.0
0500000US06087,U,25.0,0,0,0,237399,237399,237399,1.0
0500000US06087,U,100.0,429,18310,46422,172238,236970,237399,0.9981929157241606
0500000US06087,U,250.0,84535,132833,19495,536,152864,237399,0.6439117266711317
0500000US06087,U,1000.0,152659,81633,3107,0,84740,237399,0.35695179844902464
0500000US06089,R,0.2,0,0,0,53900,53900,53900,1.0
0500000US06089,R,4.0,0,0,1113,52787,53900,53900,1.0
0500000US06089,R,10.0,0,0,1402,52498,53900,53900,1.0
0500000US06089,R,25.0,0,0,11262,42638,53900,53900,1.0
0500000US06089,R,100.0,40774,12901,225,0,13126,53900,0.24352504638218925
0500000US06089,R,250.0,43212,10688,0,0,10688,53900,0.19829313543599258
0500000US06089,R,1000.0,51127,2773,0,0,2773,53900,0.051447124304267164
0500000US06089,U,0.2,0,0,0,126180,126180,126180,1.0
0500000US06089,U,4.0,0,0,82,126098,126180,126180,1.0
0500000US06089,U,10.0,0,0,82,126098,126180,126180,1.0
0500000US06089,U,25.0,0,0,245,125935,126180,126180,1.0
0500000US06089,U,100.0,1700,115026,9454,0,124480,126180,0.9865271833888096
0500000US06089,U,250.0,4819,112323,9038,0,121361,126180,0.9618085275003962
0500000US06089,U,1000.0,119144,7036,0,0,7036,126180,0.05576161039784435
0500000US06091,R,0.2,0,0,0,2996,2996,2996,1.0
0500000US06091,R,4.0,0,0,984,2012,2996,2996,1.0
0500000US06091,R,10.0,0,0,984,2012,2996,2996,1.0
0500000US06091,R,25.0,0,0,1022,1974,2996,2996,1.0
0500000US06091,R,100.0,2944,52,0,0,52,2996,0.017356475300400534
0500000US06091,R,250.0,2954,42,0,0,42,2996,0.014018691588785047
0500000US06091,R,1000.0,2996,0,0,0,0,2996,0.0
0500000US06091,U,0.2,0,0,0,9,9,9,1.0
0500000US06091,U,4.0,0,0,0,9,9,9,1.0
0500000US06091,U,10.0,0,0,0,9,9,9,1.0
0500000US06091,U,25.0,0,0,0,9,9,9,1.0
0500000US06091,U,100.0,0,9,0,0,9,9,1.0
0500000US06091,U,250.0,0,9,0,0,9,9,1.0
0500000US06091,U,1000.0,9,0,0,0,0,9,0.0
0500000US06093,R,0.2,0,0,0,29643,29643,29643,1.0
0500000US06093,R,4.0,0,0,2091,27552,29643,29643,1.0
0500000US06093,R,10.0,0,0,2181,27462,29643,29643,1.0
0500000US06093,R,25.0,0,0,6000,23643,29643,29643,1.0
0500000US06093,R,100.0,13754,15865,24,0,15889,29643,0.536011874641568
0500000US06093,R,250.0,29609,34,0,0,34,29643,0.0011469824241810882
0500000US06093,R,1000.0,29643,0,0,0,0,29643,0.0
0500000US06093,U,0.2,0,0,0,13896,13896,13896,1.0
0500000US06093,U,4.0,0,0,0,13896,13896,13896,1.0
0500000US06093,U,10.0,0,0,0,13896,13896,13896,1.0
0500000US06093,U,25.0,0,0,42,13854,13896,13896,1.0
0500000US06093,U,100.0,264,13630,2,0,13632,13896,0.9810017271157168
0500000US06093,U,250.0,13894,2,0,0,2,13896,0.00014392630972941855
0500000US06093,U,1000.0,13896,0,0,0,0,13896,0.0
0500000US06095,R,0.2,0,21,4,26488,26513,26513,1.0
0500000US06095,R,4.0,0,21,6889,19603,26513,26513,1.0
0500000US06095,R,10.0,0,21,7236,19256,26513,26513,1.0
0500000US06095,R,25.0,0,22,8517,17974,26513,26513,1.0
0500000US06095,R,100.0,17557,5591,3365,0,8956,26513,0.33779655263455666
0500000US06095,R,250.0,18500,5902,2111,0,8013,26513,0.3022290951608645
0500000US06095,R,1000.0,24343,2159,11,0,2170,26513,0.08184664127032022
0500000US06095,U,0.2,0,0,0,421128,421128,421128,1.0
0500000US06095,U,4.0,0,0,14220,406908,421128,421128,1.0
0500000US06095,U,10.0,0,0,14220,406908,421128,421128,1.0
0500000US06095,U,25.0,0,0,14393,406735,421128,421128,1.0
0500000US06095,U,100.0,20413,150723,249497,495,400715,421128,0.9515278015235273
0500000US06095,U,250.0,31144,336253,53731,0,389984,421128,0.9260462377234475
0500000US06095,U,1000.0,359391,60814,923,0,61737,421128,0.14659913375505784
0500000US06097,R,0.2,0,1,0,68382,68383,68383,1.0
0500000US06097,R,4.0,0,1,7441,60941,68383,68383,1.0
0500000US06097,R,10.0,0,1,7459,60923,68383,68383,1.0
0500000US06097,R,25.0,0,1,10939,57443,68383,68383,1.0
0500000US06097,R,100.0,17475,37307,13412,189,50908,68383,0.7444540309726102
0500000US06097,R,250.0,17588,46906,3700,189,50795,68383,0.7428015734904874
0500000US06097,R,1000.0,63025,5169,189,0,5358,68383,0.07835280698419197
0500000US06097,U,0.2,0,0,0,425953,425953,425953,1.0
0500000US06097,U,4.0,0,0,3909,422044,425953,425953,1.0
0500000US06097,U,10.0,0,0,3909,422044,425953,425953,1.0
0500000US06097,U,25.0,0,0,4931,421022,425953,425953,1.0
0500000US06097,U,100.0,7099,171815,230300,16739,418854,425953,0.9833338419966522
0500000US06097,U,250.0,7393,362289,53634,2637,418560,425953,0.9826436250008804
0500000US06097,U,1000.0,369470,53846,2637,0,56483,425953,0.13260383187816496
0500000US06099,R,0.2,0,0,0,46795,46795,46795,1.0
0500000US06099,R,4.0,0,0,0,46795,46795,46795,1.0
0500000US06099,R,10.0,0,0,0,46795,46795,46795,1.0
0500000US06099,R,25.0,0,0,0,46795,46795,46795,1.0
0500000US06099,R,100.0,31893,14107,669,126,14902,46795,0.31845282615664067
0500000US06099,R,250.0,34305,12152,338,0,12490,46795,0.2669088577839513
0500000US06099,R,1000.0,46583,212,0,0,212,46795,0.004530398546853296
0500000US06099,U,0.2,0,0,0,503865,503865,503865,1.0
0500000US06099,U,4.0,0,0,0,503865,503865,503865,1.0
0500000US06099,U,10.0,0,0,0,503865,503865,503865,1.0
0500000US06099,U,25.0,0,0,0,503865,503865,503865,1.0
0500000US06099,U,100.0,5309,214919,279393,4244,498556,503865,0.9894634475504351
0500000US06099,U,250.0,5657,414443,81866,1899,498208,503865,0.9887727863614262
0500000US06099,U,1000.0,423960,79905,0,0,79905,503865,0.15858414456253164
0500000US06101,R,0.2,0,0,1,15382,15383,15383,1.0
0500000US06101,R,4.0,0,0,8,15375,15383,15383,1.0
0500000US06101,R,10.0,0,0,8,15375,15383,15383,1.0
0500000US06101,R,25.0,0,1,647,14735,15383,15383,1.0
0500000US06101,R,100.0,8813,4208,2362,0,6570,15383,0.4270948449587207
0500000US06101,R,250.0,8853,6530,0,0,6530,15383,0.42449457193005263
0500000US06101,R,1000.0,15370,13,0,0,13,15383,0.0008450887343171033
0500000US06101,U,0.2,0,0,0,81588,81588,81588,1.0
0500000US06101,U,4.0,0,0,0,81588,81588,81588,1.0
0500000US06101,U,10.0,0,0,0,81588,81588,81588,1.0
0500000US06101,U,25.0,0,0,9,81579,81588,81588,1.0
0500000US06101,U,100.0,83,29769,39262,12474,81505,81588,0.9989826935333628
0500000US06101,U,250.0,574,76243,4771,0,81014,81588,0.9929646516644605
0500000US06101,U,1000.0,76816,4772,0,0,4772,81588,0.05848899347943325
0500000US06103,R,0.2,0,0,1,34289,34290,34290,1.0
0500000US06103,R,4.0,0,0,718,33572,34290,34290,1.0
0500000US06103,R,10.0,0,0,775,33515,34290,34290,1.0
0500000US06103,R,25.0,0,0,1283,33007,34290,34290,1.0
0500000US06103,R,100.0,28226,5602,462,0,6064,34290,0.1768445610965296
0500000US06103,R,250.0,28228,5600,462,0,6062,34290,0.17678623505395158
0500000US06103,R,1000.0,34123,167,0,0,167,34290,0.004870224555263925
0500000US06103,U,0.2,0,0,0,30794,30794,30794,1.0
0500000US06103,U,4.0,0,0,0,30794,30794,30794,1.0
0500000US06103,U,10.0,0,0,0,30794,30794,30794,1.0
0500000US06103,U,25.0,0,0,0,30794,30794,30794,1.0
0500000US06103,U,100.0,5042,25740,12,0,25752,30794,0.8362668052217964
0500000US06103,U,250.0,5042,25740,12,0,25752,30794,0.8362668052217964
0500000US06103,U,1000.0,30794,0,0,0,0,30794,0.0
0500000US06105,R,0.2,0,0,0,12285,12285,12285,1.0
0500000US06105,R,4.0,0,0,2120,10165,12285,12285,1.0
0500000US06105,R,10.0,0,0,2510,9775,12285,12285,1.0
0500000US06105,R,25.0,0,0,9234,3051,12285,12285,1.0
0500000US06105,R,100.0,9409,2864,12,0,2876,12285,0.2341066341066341
0500000US06105,R,250.0,12245,40,0,0,40,12285,0.003256003256003256
0500000US06105,R,1000.0,12257,28,0,0,28,12285,0.002279202279202279
0500000US06107,R,0.2,0,0,0,79552,79552,79552,1.0
0500000US06107,R,4.0,0,0,2169,77383,79552,79552,1.0
0500000US06107,R,10.0,0,0,2297,77255,79552,79552,1.0
0500000US06107,R,25.0,0,0,2406,77146,79552,79552,1.0
0500000US06107,R,100.0,58831,19249,1472,0,20721,79552,0.26047113837489944
0500000US06107,R,250.0,58969,19439,1144,0,20583,79552,0.25873642397425584
0500000US06107,R,1000.0,78973,579,0,0,579,79552,0.0072782582461786
0500000US06107,U,0.2,0,0,0,386641,386641,386641,1.0
0500000US06107,U,4.0,0,0,0,386641,386641,386641,1.0
0500000US06107,U,10.0,0,0,0,386641,386641,386641,1.0
0500000US06107,U,25.0,0,0,0,386641,386641,386641,1.0
0500000US06107,U,100.0,32170,239009,114931,531,354471,386641,0.9167962011271438
0500000US06107,U,250.0,33670,316227,36744,0,352971,386641,0.9129166332592767
0500000US06107,U,1000.0,350836,35805,0,0,35805,386641,0.09260528500598747
0500000US06109,R,0.2,0,0,0,27002,27002,27002,1.0
0500000US06109,R,4.0,0,0,274,26728,27002,27002,1.0
0500000US06109,R,10.0,0,0,303,26699,27002,27002,1.0
0500000US06109,R,25.0,0,0,323,26679,27002,27002,1.0
0500000US06109,R,100.0,512,15691,10799,0,26490,27002,0.9810384415969188
0500000US06109,R,250.0,15875,11127,0,0,11127,27002,0.4120805866232131
0500000US06109,R,1000.0,26966,36,0,0,36,27002,0.0013332345752166506
0500000US06109,U,0.2,0,0,0,27476,27476,27476,1.0
0500000US06109,U,4.0,0,0,25,27451,27476,27476,1.0
0500000US06109,U,10.0,0,0,25,27451,27476,27476,1.0
0500000US06109,U,25.0,0,0,25,27451,27476,27476,1.0
0500000US06109,U,100.0,62,1194,26220,0,27414,27476,0.9977434852234678
0500000US06109,U,250.0,1155,26321,0,0,26321,27476,0.9579633134371816
0500000US06109,U,1000.0,27476,0,0,0,0,27476,0.0
0500000US06111,R,0.2,0,2,0,32977,32979,32979,1.0
0500000US06111,R,4.0,0,2,5023,27954,32979,32979,1.0
0500000US06111,R,10.0,0,2,5190,27787,32979,32979,1.0
0500000US06111,R,25.0,0,2,10194,22783,32979,32979,1.0
0500000US06111,R,100.0,10504,13688,5962,2825,22475,32979,0.6814942842414871
0500000US06111,R,250.0,10636,18080,3191,1072,22343,32979,0.6774917371660754
0500000US06111,R,1000.0,26476,5431,1072,0,6503,32979,0.1971860881166803
0500000US06111,U,0.2,0,1,3,813023,813027,813027,1.0
0500000US06111,U,4.0,0,1,1076,811950,813027,813027,1.0
0500000US06111,U,10.0,0,1,1076,811950,813027,813027,1.0
0500000US06111,U,25.0,0,1,1866,811160,813027,813027,1.0
0500000US06111,U,100.0,2597,298238,483792,28400,810430,813027,0.9968057641382143
0500000US06111,U,250.0,3043,755282,50985,3717,809984,813027,0.9962571968704607
0500000US06111,U,1000.0,769046,41332,2649,0,43981,813027,0.0540953744463591
0500000US06113,R,0.2,0,0,1,20391,20392,20392,1.0
0500000US06113,R,4.0,0,0,512,19880,20392,20392,1.0
0500000US06113,R,10.0,0,0,859,19533,20392,20392,1.0
0500000US06113,R,25.0,0,1,7281,13110,20392,20392,1.0
0500000US06113,R,100.0,17145,2886,283,78,3247,20392,0.1592291094546881
0500000US06113,R,250.0,19289,1103,0,0,1103,20392,0.054089839152608864
0500000US06113,R,1000.0,19715,677,0,0,677,20392,0.03319929384072185
0500000US06113,U,0.2,0,0,1,200107,200108,200108,1.0
0500000US06113,U,4.0,0,0,4436,195672,200108,200108,1.0
0500000US06113,U,10.0,0,0,4440,195668,200108,200108,1.0
0500000US06113,U,25.0,0,0,5812,194296,200108,200108,1.0
0500000US06113,U,100.0,11895,40915,91795,55503,188213,200108,0.9405570991664501
0500000US06113,U,250.0,54018,117277,27999,814,146090,200108,0.7300557698842625
0500000US06113,U,1000.0,114470,68022,17616,0,85638,200108,0.4279589021928159
0500000US06115,R,0.2,0,0,0,23600,23600,23600,1.0
0500000US06115,R,4.0,0,0,229,23371,23600,23600,1.0
0500000US06115,R,10.0,0,0,229,23371,23600,23600,1.0
0500000US06115,R,25.0,0,0,343,23257,23600,23600,1.0
0500000US06115,R,100.0,18644,4446,510,0,4956,23600,0.21
0500000US06115,R,250.0,18832,4404,364,0,4768,23600,0.20203389830508475
0500000US06115,R,1000.0,22933,667,0,0,667,23600,0.028262711864406778
0500000US06115,U,0.2,0,0,0,55068,55068,55068,1.0
0500000US06115,U,4.0,0,0,0,55068,55068,55068,1.0
0500000US06115,U,10.0,0,0,0,55068,55068,55068,1.0
0500000US06115,U,25.0,0,0,25,55043,55068,55068,1.0
0500000US06115,U,100.0,336,27940,26220,572,54732,55068,0.9938984528219655
0500000US06115,U,250.0,541,52470,2057,0,54527,55068,0.9901757826687005
0500000US06115,U,1000.0,53054,2014,0,0,2014,55068,0.036572964335003996
