,avg_household_size,level_up_access_pop_percent,sex_total_men,sex_total_women,race_hispanic_or_latino,race_not_hispanic_or_latino,race_american_indian_and_alaska_native,race_asian,race_black_or_african_american,race_native_hawaiian_and_other_pacific_islander,race_some_other_race,race_two_or_more,race_two_or_more_excluding_some_ther_and_three_or_more,race_two_or_more_including_some_other,race_white_alone,occupation_population_16_and_over_total,occupation_management_business_science_and_arts,occupation_service,occupation_sales_and_office,occupation_natural_resources_construction_and_maintenance,occupation_production_transporation_and_material_moving,hh_with_computer_and_internet_total,hh_with_computer,hh_with_bb_internet_subscription,industry_agriculture_forestry_fishing_and_hunting_and_mining,industry_construction,industry_manufacturing,industry_wholesale_trade,industry_retail_trade,industry_transportation_and_warehousing_and_utilities,industry_information,industry_finance_and_insurance_real_estate_and_rental_and_leasing,industry_professional_scientific_management_administrative_and_waste_management_services,industry_educational_services_health_care_and_social_assistance,industry_arts_entertainment_recreation_accommodation_and_food_services,industry_other_services_except_public_administration,industry_public_administration,hh_with_income_total,hh_with_income_less_than_10000,hh_with_income_10000-14999,hh_with_income_15000-24999,hh_with_income_25000-34999,hh_with_income_35000-49999,hh_with_income50000-74999,hh_with_income_75000-99999,hh_with_income_100000-149999,hh_with_income_150000-199999,hh_with_income_200000_and_greater,hh_median_income,hh_mean_income,family_structure_hh_total,family_structure_hh_with_one_or_more_under_18,family_structure_hh_with_none_under_18,employment_16_and_over_in_labor_force,employment_employed,employment_unemployed,employment_not_in_labor_force,employment_%_unemployment_rate,%_eduction_population_25_and_over_less_than_9th_grade,%_eduction_population_25_and_over_9th-12th_no_diploma,%_eduction_population_25_and_over_high_school_graduate,%_eduction_population_25_and_over_some_college_no_degree,%_eduction_population_25_and_over_associates_degree,%_eduction_population_25_and_over_bachelors_degree,%_eduction_population_25_and_over_graduate_or_professional_degree,disability_population_under_18,disability_population_18-64,disability_population_65_and_over,disability_under_18_with_disability,disability_18-64_with_disability,disability_64_and_over_with_disability,citizenship_native_born,citizenship_foreign_born,age_under_5,age_5-9,age_10-14,age_15-19,age_20-24,age_25-34,age_35-44,age_45-54,age_55-59,age_60-64,age_65-74,age_75-84,age_85_and_over
avg_household_size,1,0.274861104,0.224755882,0.22194633,0.249151037,0.195373332,0.206504984,0.15809904,0.17341363,0.199276118,0.153455738,0.205019004,0.204753082,0.201087688,0.208879928,0.20441132,0.174121296,0.205456903,0.202276459,0.298094202,0.227932845,0.205102294,0.20392485,0.203601782,0.495720538,0.228996862,0.206566927,0.20565898,0.218973696,0.216399677,0.116195853,0.17269779,0.163883823,0.206611564,0.183586262,0.184984499,0.240205035,0.205102294,0.196670997,0.193916915,0.2096286,0.216058218,0.215558179,0.217275297,0.213757025,0.204508145,0.189167215,0.147665345,0.10982773,0.096158279,0.205102294,0.243655028,0.184638407,0.207143877,0.20441132,0.242527622,0.226530265,0.468099306,0.733426038,0.424127387,-0.109881412,-0.424574101,-0.503837676,-0.118761908,-0.134034916,0.257816794,0.212665252,0.204287505,0.285666363,0.239478986,0.215354536,0.237248331,0.191106832,0.252014781,0.260955187,0.261586402,0.248570332,0.229238871,0.208846264,0.21457502,0.213193218,0.212748276,0.205791509,0.206648037,0.20472551,0.19194088
level_up_access_pop_percent,0.274861104,1,0.318977618,0.316732907,0.265633239,0.35336623,0.364732199,0.314095373,0.24818838,0.367143436,0.294549408,0.380643674,0.383112767,0.322013125,0.378346663,0.316025571,0.327973059,0.308152732,0.304758979,0.336556465,0.281893372,0.321522128,0.3249664,0.329011599,0.289276351,0.323033524,0.302908226,0.281169578,0.31733096,0.285242791,0.243834922,0.316167607,0.327601365,0.319177652,0.297836804,0.291053455,0.353746695,0.321522128,0.284819812,0.281345644,0.284413471,0.293171507,0.297586781,0.311305912,0.323382282,0.337649239,0.354584967,0.354757642,0.447248922,0.444678119,0.321522128,0.325791445,0.318488872,0.31539956,0.316025571,0.303128392,0.316315775,-0.234219031,0.254534337,-0.059551867,-0.523245315,-0.520542173,-0.310275536,0.413413297,0.343072501,0.321773701,0.312908919,0.328289709,0.33253951,0.325702149,0.32075349,0.335066862,0.277249231,0.318675288,0.325345776,0.323531432,0.317394936,0.312025383,0.308510764,0.313143096,0.313708817,0.319618711,0.32421274,0.331012972,0.324275817,0.32082123
sex_total_men,0.224755882,0.318977618,1,0.999852829,0.982024823,0.987768312,0.914008651,0.934146114,0.954505696,0.861482369,0.977149785,0.965151693,0.962334473,0.973764855,0.971131738,0.99852768,0.984739374,0.998593166,0.997837808,0.98543703,0.989565511,0.999078176,0.998645911,0.997873204,0.31035424,0.996132349,0.979050014,0.990654121,0.998899182,0.981946609,0.950092725,0.98209035,0.975832339,0.998754149,0.995217825,0.995277375,0.954388474,0.999078176,0.990047808,0.982091418,0.988004599,0.991655785,0.994150785,0.997250597,0.998289993,0.994347039,0.974382483,0.919858017,0.217244892,0.235255574,0.999078176,0.998706407,0.996705636,0.998958269,0.99852768,0.993442197,0.999266824,-0.09888008,0.153828294,-0.002307765,-0.250469098,-0.383376384,-0.272910342,0.25270546,0.211251365,0.997315858,0.999518536,0.997898309,0.986759708,0.991919244,0.998523793,0.997478715,0.988094448,0.998172418,0.996675586,0.99657322,0.997517559,0.997807049,0.998117565,0.999274025,0.999041449,0.999104411,0.998933597,0.998217665,0.997661643,0.99568654
sex_total_women,0.22194633,0.316732907,0.999852829,1,0.982828968,0.987090646,0.911877963,0.933860061,0.956902338,0.862234128,0.979057496,0.964262645,0.961319968,0.975086405,0.969496193,0.998666264,0.984327782,0.998811782,0.998444613,0.984891656,0.990766728,0.999125173,0.998582186,0.99766332,0.305058921,0.996350159,0.9786156,0.992158454,0.999077825,0.983253563,0.951638738,0.98293057,0.975013554,0.999012802,0.995412109,0.996236099,0.953597484,0.999125173,0.990963553,0.983330361,0.988926836,0.992282374,0.994653743,0.997504567,0.998354586,0.993941925,0.973457326,0.918353804,0.214840854,0.233212283,0.999125173,0.998532315,0.996866848,0.999099983,0.998666264,0.993625533,0.999405955,-0.099347003,0.151565681,-0.004976336,-0.249072998,-0.379432152,-0.2696126,0.252334827,0.209425389,0.997152515,0.999689489,0.998065501,0.986763581,0.992280374,0.998815448,0.997029269,0.989019345,0.997823192,0.996463811,0.996463532,0.997545994,0.997510626,0.997834155,0.99933206,0.999361321,0.999424939,0.999176507,0.998404851,0.997799284,0.995958879
race_hispanic_or_latino,0.249151037,0.265633239,0.982024823,0.982828968,1,0.940719544,0.894650455,0.875204514,0.96261187,0.787520416,0.96328522,0.903889515,0.899377918,0.944409654,0.920171164,0.976120848,0.942035681,0.98311059,0.980609937,0.985197376,0.995505113,0.976587913,0.972813529,0.968874142,0.349294888,0.980895066,0.947274144,0.986532913,0.982699505,0.987707816,0.942887612,0.946035751,0.927686117,0.977751057,0.977420033,0.982442967,0.920458946,0.976587913,0.989736693,0.986842108,0.992884483,0.991784116,0.990111983,0.984600217,0.976101209,0.957992347,0.918733279,0.848307486,0.104053416,0.127814925,0.976587913,0.979826336,0.972406116,0.97796327,0.976120848,0.992198406,0.986200906,-0.028891738,0.206337012,0.084549362,-0.152718423,-0.317236649,-0.248187671,0.136343737,0.097311464,0.98523681,0.981708615,0.97419486,0.981652859,0.984487706,0.983214804,0.977255279,0.976479799,0.985262016,0.984314808,0.984233122,0.987534088,0.98582277,0.979536637,0.980256096,0.97969624,0.978878482,0.977181754,0.974766416,0.975030745,0.971272149
race_not_hispanic_or_latino,0.195373332,0.35336623,0.987768312,0.987090646,0.940719544,1,0.903470772,0.958273223,0.923774796,0.901268187,0.963953603,0.989841583,0.988420503,0.973237949,0.986248231,0.990351749,0.993619641,0.984626111,0.985726597,0.958219208,0.958610794,0.990873527,0.993181024,0.994976201,0.264028607,0.982024073,0.978811693,0.9684676,0.985494159,0.951448418,0.931663827,0.986565487,0.989189401,0.989493981,0.983280947,0.97984001,0.956319101,0.990873527,0.964109794,0.952382295,0.957732966,0.965035526,0.970877009,0.980954641,0.989867802,0.997594892,0.994034265,0.953930313,0.304940519,0.317921916,0.990873527,0.987251476,0.990202918,0.989578007,0.990351749,0.967526863,0.983161911,-0.15587062,0.103082014,-0.078246788,-0.325110872,-0.425275403,-0.283352775,0.343988946,0.300276653,0.980150132,0.987452967,0.990863803,0.964132677,0.971448599,0.984478896,0.986941279,0.971789335,0.981516091,0.97972131,0.979698221,0.978748491,0.980425135,0.986324774,0.988134037,0.988426006,0.98923359,0.990288026,0.990979296,0.989698225,0.989411241
race_american_indian_and_alaska_native,0.206504984,0.364732199,0.914008651,0.911877963,0.894650455,0.903470772,1,0.788277501,0.870478797,0.809162253,0.863886315,0.898494422,0.898518922,0.860650047,0.921646699,0.900159422,0.872379885,0.911261524,0.902250377,0.921714659,0.896889554,0.909166022,0.909135878,0.908827435,0.354990019,0.920514964,0.86120897,0.881716716,0.915317609,0.896306639,0.796312574,0.869962888,0.860253518,0.907368047,0.900593578,0.892997869,0.927689848,0.909166022,0.9056014,0.895023456,0.910124344,0.919870525,0.919969067,0.923015551,0.91781463,0.904644457,0.867968202,0.776599623,0.053639112,0.068451886,0.909166022,0.917829266,0.90235189,0.902306321,0.900159422,0.921617466,0.917612399,-0.010705627,0.110020278,0.078625592,-0.129858534,-0.26097054,-0.233694766,0.149293083,0.1003068,0.922007643,0.906503488,0.909186153,0.930767214,0.928788694,0.915888362,0.930355128,0.861909515,0.923065211,0.923618196,0.9203232,0.919950207,0.919562771,0.908610884,0.905734637,0.90242239,0.906583434,0.909074296,0.911747243,0.907703352,0.89702557
race_asian,0.15809904,0.314095373,0.934146114,0.933860061,0.875204514,0.958273223,0.788277501,1,0.867288153,0.863531491,0.928477004,0.941807772,0.938227163,0.964619084,0.907173246,0.947223255,0.974773392,0.927449465,0.933554584,0.882011249,0.902233769,0.940529059,0.943599612,0.945954577,0.186209773,0.916052993,0.968189525,0.923448625,0.926086011,0.889577753,0.939055318,0.948198142,0.980143597,0.940001969,0.930315428,0.931264726,0.859332717,0.940529059,0.904473691,0.89653587,0.890859788,0.893256125,0.899740138,0.911191123,0.92704675,0.949861453,0.975519761,0.984666888,0.374710542,0.385507238,0.940529059,0.931832079,0.942612167,0.944647965,0.947223255,0.898216808,0.923614663,-0.189933502,0.088336023,-0.104066577,-0.356969176,-0.481456864,-0.320507145,0.383205196,0.371813888,0.918107023,0.939219887,0.936701816,0.882033641,0.897891824,0.925193301,0.916960498,0.953137995,0.92056988,0.916863444,0.918197366,0.91426604,0.916426689,0.938943592,0.943112724,0.94189974,0.938402375,0.936838413,0.934900153,0.936838322,0.942404644
race_black_or_african_american,0.17341363,0.24818838,0.954505696,0.956902338,0.96261187,0.923774796,0.870478797,0.867288153,1,0.843952086,0.973786996,0.911249855,0.906745419,0.951339394,0.882620488,0.951804635,0.923944623,0.958515869,0.952738071,0.945260223,0.970078213,0.955293025,0.951150791,0.946261179,0.246297591,0.954059473,0.901619499,0.952576259,0.95395908,0.981637098,0.943433648,0.917058197,0.913025186,0.958579372,0.949424768,0.959708074,0.923839219,0.955293025,0.974202061,0.980602928,0.975127846,0.971449181,0.969012176,0.961301273,0.951602646,0.934291951,0.896672242,0.827221101,0.117485352,0.135843635,0.955293025,0.951838723,0.954627006,0.953722901,0.951804635,0.969284379,0.959490117,-0.051903758,0.128913837,0.031056859,-0.148738419,-0.289767155,-0.222832343,0.16912245,0.123601055,0.9525977,0.957516239,0.946822293,0.948114925,0.969622531,0.959963802,0.948358278,0.954684008,0.954981062,0.952854334,0.949500828,0.952884506,0.954851979,0.959615742,0.958289167,0.952946129,0.952358472,0.95426669,0.94882056,0.945796901,0.944315033
race_native_hawaiian_and_other_pacific_islander,0.199276118,0.367143436,0.861482369,0.862234128,0.787520416,0.901268187,0.809162253,0.863531491,0.843952086,1,0.864136849,0.939602604,0.939842613,0.896312442,0.880140241,0.864480513,0.876784653,0.857104142,0.856580025,0.827807169,0.824454858,0.869479452,0.873698105,0.876365934,0.181668408,0.859479706,0.831916837,0.825512718,0.857979516,0.840754949,0.792620067,0.86390167,0.874371131,0.869858494,0.847082935,0.847578637,0.914108951,0.869479452,0.833714644,0.827822884,0.827576437,0.838975628,0.845836161,0.860263141,0.871680447,0.882739472,0.886792824,0.845329415,0.347541466,0.350458189,0.869479452,0.868239089,0.867888803,0.863607854,0.864480513,0.841635697,0.856157983,-0.159105754,0.075163532,-0.107622801,-0.313462257,-0.432517334,-0.282956675,0.356173172,0.322310876,0.856557654,0.861018657,0.864897359,0.845377711,0.85960355,0.860565141,0.867782042,0.835240483,0.859102123,0.859158406,0.854688529,0.847589793,0.847733561,0.862801968,0.864747531,0.86102194,0.864060921,0.868790209,0.867330347,0.860146971,0.861632591
race_some_other_race,0.153455738,0.294549408,0.977149785,0.979057496,0.96328522,0.963953603,0.863886315,0.928477004,0.973786996,0.864136849,1,0.945088625,0.941112569,0.974614522,0.927286976,0.980947307,0.97028382,0.980986786,0.97936011,0.952097741,0.974630667,0.98165985,0.979815394,0.977418256,0.232340611,0.971687069,0.948437672,0.975087127,0.976354969,0.975245521,0.974080734,0.964992921,0.96317187,0.981946943,0.978381383,0.983843712,0.932234391,0.98165985,0.983696338,0.984430538,0.979342586,0.977393056,0.977913726,0.976112826,0.974974475,0.969417364,0.950249051,0.907791986,0.237296045,0.264865083,0.98165985,0.971684763,0.984298335,0.981275527,0.980947307,0.974547776,0.977443496,-0.12474461,0.117809186,-0.048831426,-0.27014244,-0.384121168,-0.272875165,0.289256976,0.245922968,0.968312809,0.981245366,0.977950388,0.954363657,0.974917535,0.98140948,0.967629893,0.983097046,0.97024542,0.967549944,0.966573879,0.968390584,0.970282527,0.981425278,0.98183837,0.979754327,0.978422115,0.98038749,0.977824925,0.977516561,0.980231688
race_two_or_more,0.205019004,0.380643674,0.965151693,0.964262645,0.903889515,0.989841583,0.898494422,0.941807772,0.911249855,0.939602604,0.945088625,1,0.999871263,0.960583076,0.978459025,0.966724885,0.974341723,0.960442834,0.959928469,0.935077825,0.928015911,0.969784063,0.973249534,0.975979138,0.251907657,0.961695607,0.94701461,0.933662722,0.962290947,0.929388037,0.894531531,0.963669585,0.971265515,0.968469753,0.955358126,0.951167333,0.965869992,0.969784063,0.936421299,0.925490178,0.929989991,0.939746288,0.946661569,0.959599473,0.970479007,0.981078504,0.981179857,0.939305523,0.334974543,0.342940819,0.969784063,0.967677699,0.968383764,0.965968986,0.966724885,0.944435403,0.959956013,-0.161196432,0.093511874,-0.096443854,-0.345377194,-0.444358606,-0.292039569,0.369641693,0.326756487,0.95873522,0.963686493,0.968472284,0.9465905,0.955040893,0.962252155,0.969296962,0.9390568,0.960285233,0.959528796,0.957998499,0.954720997,0.956160433,0.963893805,0.965374508,0.964241862,0.966151809,0.968901014,0.96965994,0.965917387,0.964881353
race_two_or_more_excluding_some_ther_and_three_or_more,0.204753082,0.383112767,0.962334473,0.961319968,0.899377918,0.988420503,0.898518922,0.938227163,0.906745419,0.939842613,0.941112569,0.999871263,1,0.955998873,0.978939161,0.963799795,0.971971538,0.957667548,0.956951755,0.932075417,0.923586707,0.967112602,0.970778968,0.973720432,0.251167327,0.9589993,0.943657532,0.929450217,0.959496125,0.925120116,0.889102039,0.96141182,0.969002314,0.965699916,0.952677687,0.947823366,0.965841846,0.967112602,0.932621479,0.921221914,0.926142528,0.93641485,0.943619726,0.957030255,0.968275703,0.979270893,0.979602426,0.937385254,0.337709753,0.345357807,0.967112602,0.964918183,0.965764698,0.963015877,0.963799795,0.941128988,0.956948083,-0.162910618,0.091756917,-0.100095468,-0.348986831,-0.444831059,-0.291336125,0.373246028,0.329630401,0.95579207,0.960629188,0.96598416,0.943962409,0.952178052,0.959431421,0.967215933,0.934588557,0.957446556,0.956622552,0.955013217,0.951760664,0.95350827,0.960981375,0.962277333,0.961166307,0.963280152,0.966256298,0.967196934,0.963312648,0.962311643
race_two_or_more_including_some_other,0.201087688,0.322013125,0.973764855,0.975086405,0.944409654,0.973237949,0.860650047,0.964619084,0.951339394,0.896312442,0.974614522,0.960583076,0.955998873,1,0.929390325,0.977141407,0.974827127,0.968525586,0.971522449,0.948151914,0.966103766,0.975678984,0.975519562,0.974464947,0.254242805,0.968357852,0.965736325,0.967761046,0.970635207,0.964624474,0.951344201,0.96265176,0.970025524,0.976123794,0.96200939,0.969488946,0.926131714,0.975678984,0.963254838,0.960894905,0.957916801,0.958326499,0.959936457,0.96414717,0.968234028,0.971536579,0.967645768,0.933455172,0.273635432,0.286783218,0.975678984,0.975185914,0.973429245,0.976902434,0.977141407,0.962386797,0.972089668,-0.124784261,0.120022489,-0.029161948,-0.268455146,-0.417666879,-0.292064259,0.291800951,0.263356543,0.969797381,0.976520219,0.971245478,0.952699969,0.964865529,0.971046955,0.964982759,0.977361195,0.969472816,0.969918515,0.969821296,0.966248039,0.962288395,0.974208881,0.9788287,0.977368653,0.975666452,0.974369344,0.971948484,0.970817373,0.969217583
race_white_alone,0.208879928,0.378346663,0.971131738,0.969496193,0.920171164,0.986248231,0.921646699,0.907173246,0.882620488,0.880140241,0.927286976,0.978459025,0.978939161,0.929390325,1,0.969500627,0.967410929,0.968334925,0.968699311,0.949972698,0.934237596,0.972761417,0.976098586,0.979149683,0.296126804,0.970638632,0.952394681,0.94511377,0.971659873,0.924593403,0.875694927,0.971451533,0.959602805,0.96979049,0.967273121,0.958188091,0.960618481,0.972761417,0.94115856,0.923250979,0.937064577,0.949154679,0.956400922,0.969538473,0.9789498,0.984523544,0.974216687,0.918188018,0.296978746,0.309384985,0.972761417,0.971827027,0.970747393,0.969018387,0.969500627,0.951231508,0.967475138,-0.155854233,0.099314418,-0.087214395,-0.334238733,-0.404779081,-0.262084271,0.346995455,0.288911591,0.966765245,0.96723121,0.977121997,0.958871861,0.957392141,0.968671987,0.979878845,0.934377109,0.96717805,0.966474685,0.966780433,0.966611213,0.967908808,0.964716913,0.966030997,0.968747429,0.972034709,0.974006592,0.977645424,0.975445161,0.972451142
occupation_population_16_and_over_total,0.20441132,0.316025571,0.99852768,0.998666264,0.976120848,0.990351749,0.900159422,0.947223255,0.951804635,0.864480513,0.980947307,0.966724885,0.963799795,0.977141407,0.969500627,1,0.991447826,0.998033494,0.998429065,0.977011898,0.985951527,0.99939815,0.999301282,0.998843624,0.284685309,0.992528778,0.983638644,0.991450574,0.997175682,0.977442163,0.960021651,0.988189684,0.984095809,0.999239327,0.996882382,0.997120053,0.946324199,0.99939815,0.987801362,0.979852093,0.983844662,0.987023141,0.990250893,0.994131246,0.997112273,0.99616525,0.981002616,0.934311026,0.239996431,0.258778002,0.99939815,0.995785182,0.998700958,0.999944228,1,0.987695772,0.996539085,-0.120101629,0.13887618,-0.02809442,-0.271795857,-0.393617273,-0.275563068,0.279368714,0.237060698,0.992445864,0.99944111,0.998250682,0.977807677,0.98605339,0.996882866,0.993425405,0.992365322,0.993800795,0.991406598,0.991617102,0.993086946,0.994670491,0.998046485,0.999352207,0.999377028,0.999105923,0.99905531,0.998129696,0.997947004,0.998105568
occupation_management_business_science_and_arts,0.174121296,0.327973059,0.984739374,0.984327782,0.942035681,0.993619641,0.872379885,0.974773392,0.923944623,0.876784653,0.97028382,0.974341723,0.971971538,0.974827127,0.967410929,0.991447826,1,0.983013003,0.984811488,0.947916263,0.958222972,0.989133908,0.990889804,0.9922328,0.240800454,0.973217981,0.98636864,0.972100635,0.98088781,0.94875985,0.959527664,0.987814791,0.998330861,0.988558928,0.985298208,0.983281292,0.928617878,0.989133908,0.964259858,0.954720158,0.955727133,0.960032257,0.965772129,0.97398673,0.983472757,0.99353751,0.995020176,0.970207675,0.316842864,0.333980941,0.989133908,0.980875101,0.990865639,0.99018415,0.991447826,0.961355602,0.978446425,-0.16834295,0.105059209,-0.086528266,-0.337085444,-0.44040978,-0.297670984,0.35423247,0.320018215,0.972211684,0.987032647,0.987612334,0.948332359,0.960918721,0.980463599,0.976524161,0.984334568,0.974920737,0.970945415,0.971299985,0.971823185,0.976257046,0.986921886,0.988252813,0.987789039,0.987032129,0.987502065,0.986747197,0.98701106,0.990406494
occupation_service,0.205456903,0.308152732,0.998593166,0.998811782,0.98311059,0.984626111,0.911261524,0.927449465,0.958515869,0.857104142,0.980986786,0.960442834,0.957667548,0.968525586,0.968334925,0.998033494,0.983013003,1,0.998613932,0.982006924,0.989514208,0.998665273,0.997939173,0.996918479,0.292441478,0.994982228,0.97434642,0.99169794,0.998361501,0.982105026,0.954929521,0.983082387,0.973690646,0.998563057,0.998228193,0.997827296,0.952094444,0.998665273,0.992782131,0.984960205,0.990292467,0.9933832,0.995811577,0.99780768,0.998136556,0.992655795,0.969901128,0.913598983,0.205897793,0.226057435,0.998665273,0.995289213,0.997847448,0.998462178,0.998033494,0.992925469,0.998306628,-0.103305464,0.14315619,-0.012914945,-0.247122785,-0.366832493,-0.261045078,0.252655769,0.205656387,0.993918503,0.998905289,0.998033256,0.982971211,0.991006673,0.998837005,0.995307175,0.988836484,0.995284615,0.992916712,0.992788562,0.99547682,0.99733054,0.99769012,0.998156798,0.998047461,0.998184089,0.998726036,0.998003384,0.997852396,0.997256346
occupation_sales_and_office,0.202276459,0.304758979,0.997837808,0.998444613,0.980609937,0.985726597,0.902250377,0.933554584,0.952738071,0.856580025,0.97936011,0.959928469,0.956951755,0.971522449,0.968699311,0.998429065,0.984811488,0.998613932,1,0.977760977,0.989359076,0.998130409,0.997709451,0.996869185,0.278331243,0.994024165,0.978914632,0.995128195,0.998388518,0.980188785,0.95382336,0.989211536,0.975019223,0.998016537,0.99763838,0.998416475,0.947221784,0.998130409,0.989988496,0.981412561,0.986913512,0.990119503,0.993008085,0.996257008,0.997836591,0.993599261,0.973105928,0.918699556,0.213283242,0.23281735,0.998130409,0.994995649,0.997189169,0.998598835,0.998429065,0.989482617,0.997264413,-0.109871565,0.135994733,-0.0192261,-0.250607123,-0.365670751,-0.256833654,0.259736989,0.208173529,0.993010052,0.998616471,0.998080991,0.981090183,0.987518176,0.997406968,0.993945994,0.989928307,0.99368028,0.991704182,0.992375947,0.994626706,0.995296565,0.996005035,0.997629033,0.998994928,0.999037718,0.998715916,0.99803283,0.997857487,0.997349551
occupation_natural_resources_construction_and_maintenance,0.298094202,0.336556465,0.98543703,0.984891656,0.985197376,0.958219208,0.921714659,0.882011249,0.945260223,0.827807169,0.952097741,0.935077825,0.932075417,0.948151914,0.949972698,0.977011898,0.947916263,0.982006924,0.977760977,1,0.983132037,0.979828904,0.977548877,0.975509416,0.443321377,0.985517457,0.948102135,0.974832055,0.983476318,0.974084129,0.914944852,0.947524584,0.934407011,0.97917292,0.972829861,0.974343058,0.948822109,0.979828904,0.980160609,0.973864231,0.983968501,0.98738893,0.987186227,0.986455262,0.981750818,0.968907097,0.936350626,0.86445541,0.162256681,0.180126157,0.979828904,0.987686937,0.97324978,0.978702056,0.977011898,0.99082457,0.987923296,-0.047191967,0.238230661,0.071587478,-0.204962096,-0.380502095,-0.279069287,0.176504437,0.139664802,0.992079735,0.981890425,0.978622841,0.993373615,0.989839363,0.984768006,0.987573023,0.963638093,0.991457281,0.992466908,0.991832947,0.991193001,0.987105711,0.979691973,0.981117427,0.980128579,0.980997419,0.980230836,0.979930585,0.978324398,0.972885343
occupation_production_transporation_and_material_moving,0.227932845,0.281893372,0.989565511,0.990766728,0.995505113,0.958610794,0.896889554,0.902233769,0.970078213,0.824454858,0.974630667,0.928015911,0.923586707,0.966103766,0.934237596,0.985951527,0.958222972,0.989514208,0.989359076,0.983132037,1,0.98609027,0.983365574,0.980110366,0.302991002,0.989230195,0.960954814,0.993265649,0.99103479,0.99459496,0.950018251,0.961544244,0.94539953,0.987265584,0.983754753,0.989701869,0.93195053,0.98609027,0.992565044,0.989563282,0.993960021,0.993660528,0.993158928,0.99073679,0.985379372,0.971629376,0.939199999,0.87336556,0.143280328,0.163025923,0.98609027,0.98828581,0.982423402,0.987302087,0.985951527,0.994632956,0.992698027,-0.057498444,0.169729841,0.047674077,-0.177618938,-0.329038395,-0.246278859,0.178228337,0.134155768,0.990928912,0.990101211,0.983541123,0.984730789,0.990177599,0.990307933,0.984939134,0.984209251,0.990595103,0.990177576,0.990145559,0.99243458,0.990167649,0.987363196,0.98909397,0.989029647,0.988411643,0.986906996,0.984490985,0.983798444,0.980057955
hh_with_computer_and_internet_total,0.205102294,0.321522128,0.999078176,0.999125173,0.976587913,0.990873527,0.909166022,0.940529059,0.955293025,0.869479452,0.98165985,0.969784063,0.967112602,0.975678984,0.972761417,0.99939815,0.989133908,0.998665273,0.998130409,0.979828904,0.98609027,1,0.999798126,0.999239122,0.293485354,0.993778663,0.978741928,0.989776064,0.997803359,0.979058837,0.955533964,0.986173185,0.981096274,0.999574399,0.996551465,0.996460442,0.954954989,1,0.989887886,0.982380179,0.986549893,0.989999876,0.992902195,0.996422805,0.998423844,0.996115442,0.978459919,0.927540926,0.231917819,0.250923358,1,0.996726654,0.99912563,0.999560713,0.99939815,0.990333848,0.997669767,-0.11394912,0.138289128,-0.0254551,-0.268137665,-0.388277709,-0.271633958,0.275859896,0.23105663,0.993847233,0.999460673,0.998545989,0.981519024,0.989879729,0.998217606,0.995716348,0.989205418,0.995334329,0.993070833,0.992810814,0.994191617,0.995920578,0.998602381,0.999271249,0.99888848,0.999011378,0.999529581,0.998688671,0.998028855,0.997708597
hh_with_computer,0.20392485,0.3249664,0.998645911,0.998582186,0.972813529,0.993181024,0.909135878,0.943599612,0.951150791,0.873698105,0.979815394,0.973249534,0.970778968,0.975519562,0.976098586,0.999301282,0.990889804,0.997939173,0.997709451,0.977548877,0.983365574,0.999798126,1,0.999808612,0.28665786,0.993412151,0.980333027,0.988052872,0.997365453,0.976140574,0.952922262,0.987610469,0.983309978,0.999289918,0.996096475,0.995401742,0.955684443,0.999798126,0.987075584,0.978711097,0.983300742,0.987417752,0.990855395,0.995405213,0.998475965,0.997589603,0.981827358,0.932280606,0.24237938,0.260520449,0.999798126,0.996491341,0.998941567,0.99931982,0.999301282,0.988105424,0.996754326,-0.120310099,0.13299408,-0.033289985,-0.276384722,-0.39283829,-0.273114301,0.285521498,0.240865174,0.993022903,0.998907477,0.998700378,0.980020676,0.988018264,0.997361329,0.99566166,0.98783824,0.994471808,0.992245468,0.992085129,0.993270536,0.995054445,0.997909202,0.998784138,0.998627283,0.998857473,0.999403,0.99881604,0.998118159,0.997762087
hh_with_bb_internet_subscription,0.203601782,0.329011599,0.997873204,0.99766332,0.968874142,0.994976201,0.908827435,0.945954577,0.946261179,0.876365934,0.977418256,0.975979138,0.973720432,0.974464947,0.979149683,0.998843624,0.9922328,0.996918479,0.996869185,0.975509416,0.980110366,0.999239122,0.999808612,1,0.283829894,0.992641057,0.981408934,0.985941193,0.996501859,0.972430478,0.950092021,0.988656692,0.98517229,0.998578261,0.995433132,0.994003663,0.955529909,0.999239122,0.983972478,0.974675496,0.979769112,0.984533486,0.988486014,0.993982176,0.998120927,0.998677193,0.984774338,0.936762714,0.253008375,0.270490084,0.999239122,0.995827042,0.998438451,0.998721981,0.998843624,0.985577277,0.995477371,-0.126290567,0.129565711,-0.04057322,-0.284987947,-0.398540912,-0.275592664,0.294964959,0.250527778,0.991826425,0.997983139,0.998582891,0.978237616,0.985799249,0.996201731,0.995233309,0.986149999,0.993249939,0.991038995,0.990996093,0.991994917,0.993840079,0.996866872,0.997922652,0.997974777,0.998303372,0.998890585,0.998629276,0.997960994,0.997634901
industry_agriculture_forestry_fishing_and_hunting_and_mining,0.495720538,0.289276351,0.31035424,0.305058921,0.349294888,0.264028607,0.354990019,0.186209773,0.246297591,0.181668408,0.232340611,0.251907657,0.251167327,0.254242805,0.296126804,0.284685309,0.240800454,0.292441478,0.278331243,0.443321377,0.302991002,0.293485354,0.28665786,0.283829894,1,0.293957051,0.249920353,0.291733013,0.2908815,0.272034163,0.200792492,0.238848706,0.223075856,0.287591577,0.272497395,0.271640825,0.334723936,0.293485354,0.313618335,0.314934121,0.331249818,0.332876802,0.323094925,0.313468966,0.296092984,0.272645183,0.238314309,0.179848301,-0.064101984,-0.042873289,0.293485354,0.325709419,0.276067414,0.288384331,0.284685309,0.336191218,0.31374849,0.166523431,0.593741011,0.354076524,-0.053550762,-0.357863024,-0.278012815,-0.148958927,-0.1203512,0.344477439,0.295821713,0.286503287,0.38307572,0.340214074,0.301869871,0.325070087,0.266904846,0.343991071,0.348424912,0.345917394,0.333456739,0.321887274,0.299114584,0.295062782,0.288669304,0.29158786,0.28850968,0.289014007,0.284412295,0.281075567
industry_construction,0.228996862,0.323033524,0.996132349,0.996350159,0.980895066,0.982024073,0.920514964,0.916052993,0.954059473,0.859479706,0.971687069,0.961695607,0.9589993,0.968357852,0.970638632,0.992528778,0.973217981,0.994982228,0.994024165,0.985517457,0.989230195,0.993778663,0.993412151,0.992641057,0.293957051,1,0.970733827,0.98619707,0.997719661,0.983629207,0.933774053,0.974778962,0.962785506,0.99350214,0.989473904,0.989744274,0.954361996,0.993778663,0.98476605,0.975294995,0.984417511,0.989166376,0.991623055,0.995118573,0.995865732,0.989804656,0.965966622,0.902823465,0.213672585,0.227834603,0.993778663,0.996217812,0.989966076,0.993316091,0.992528778,0.992794378,0.997423403,-0.098403976,0.139554162,-0.008151818,-0.235297079,-0.359790684,-0.254336194,0.244158845,0.196909807,0.99650883,0.994625031,0.995489226,0.990323422,0.992558327,0.996369672,0.996852613,0.978219551,0.99529982,0.99620052,0.996574787,0.997280772,0.993925139,0.990664103,0.993958992,0.995060863,0.995733426,0.995441993,0.996270699,0.995466732,0.989986345
industry_manufacturing,0.206566927,0.302908226,0.979050014,0.9786156,0.947274144,0.978811693,0.86120897,0.968189525,0.901619499,0.831916837,0.948437672,0.94701461,0.943657532,0.965736325,0.952394681,0.983638644,0.98636864,0.97434642,0.978914632,0.948102135,0.960954814,0.978741928,0.980333027,0.981408934,0.249920353,0.970733827,1,0.974515658,0.97565114,0.941012766,0.947334541,0.974559956,0.981951852,0.978407011,0.975283538,0.975361995,0.900050132,0.978741928,0.953409895,0.941232884,0.947358445,0.951913844,0.95773694,0.965581457,0.974408793,0.982479675,0.982688359,0.955029412,0.270034877,0.281385456,0.978741928,0.97807619,0.976573619,0.982549657,0.983638644,0.956222784,0.973619842,-0.134266287,0.128593185,-0.036411057,-0.278722019,-0.40001915,-0.273854986,0.283228382,0.257658459,0.971906341,0.980332446,0.97918065,0.94757178,0.950769056,0.971703358,0.969112451,0.982229742,0.972058995,0.970214765,0.972653041,0.972234109,0.971761625,0.976007217,0.980959039,0.983155094,0.98157384,0.978709785,0.978212779,0.979958439,0.979510681
industry_wholesale_trade,0.20565898,0.281169578,0.990654121,0.992158454,0.986532913,0.9684676,0.881716716,0.923448625,0.952576259,0.825512718,0.975087127,0.933662722,0.929450217,0.967761046,0.94511377,0.991450574,0.972100635,0.99169794,0.995128195,0.974832055,0.993265649,0.989776064,0.988052872,0.985941193,0.291733013,0.98619707,0.974515658,1,0.991695331,0.980395007,0.956582351,0.981350036,0.960027656,0.9904155,0.990839831,0.995715836,0.923538626,0.989776064,0.9894954,0.982965922,0.987448813,0.988015021,0.989252244,0.989742587,0.988530939,0.98016656,0.955468468,0.898976898,0.172648654,0.194740553,0.989776064,0.987759588,0.988277956,0.991837056,0.991450574,0.985793194,0.991463756,-0.088285096,0.155937224,0.012884706,-0.214942147,-0.344906746,-0.247781607,0.218405891,0.166971653,0.987406823,0.992593688,0.989013806,0.975883072,0.981285894,0.990165826,0.983509003,0.990897188,0.987367336,0.985650985,0.987082421,0.989901776,0.988869438,0.98844507,0.991039732,0.993303347,0.992604228,0.990692506,0.988985772,0.989138318,0.988927859
industry_retail_trade,0.218973696,0.31733096,0.998899182,0.999077825,0.982699505,0.985494159,0.915317609,0.926086011,0.95395908,0.857979516,0.976354969,0.962290947,0.959496125,0.970635207,0.971659873,0.997175682,0.98088781,0.998361501,0.998388518,0.983476318,0.99103479,0.997803359,0.997365453,0.996501859,0.2908815,0.997719661,0.97565114,0.991695331,1,0.984254269,0.944865297,0.983228169,0.971101912,0.997454298,0.995252248,0.995200515,0.953656483,0.997803359,0.989704369,0.981180648,0.987964755,0.991724609,0.994169231,0.99753091,0.99840272,0.993129037,0.97086646,0.912467231,0.211939481,0.229773552,0.997803359,0.997225302,0.995540773,0.997699383,0.997175682,0.993484475,0.999051125,-0.099362942,0.14332614,-0.007847561,-0.24519014,-0.369908609,-0.264170272,0.25288707,0.204414663,0.996547399,0.998432592,0.997902033,0.987635566,0.992227753,0.998615585,0.997571606,0.985069393,0.996694256,0.995764993,0.996031121,0.997554489,0.996992953,0.996128255,0.997629343,0.998336287,0.998653981,0.998434686,0.998290538,0.997740388,0.994906996
industry_transportation_and_warehousing_and_utilities,0.216399677,0.285242791,0.981946609,0.983253563,0.987707816,0.951448418,0.896306639,0.889577753,0.981637098,0.840754949,0.975245521,0.929388037,0.925120116,0.964624474,0.924593403,0.977442163,0.94875985,0.982105026,0.980188785,0.974084129,0.99459496,0.979058837,0.976140574,0.972430478,0.272034163,0.983629207,0.941012766,0.980395007,0.984254269,1,0.943532796,0.949435319,0.93715705,0.980925843,0.974096449,0.980889878,0.937117855,0.979058837,0.987575861,0.98765155,0.989612169,0.988767952,0.987635384,0.984622712,0.978101802,0.963318513,0.929087327,0.861692766,0.156651615,0.1760068,0.979058837,0.980889222,0.975598857,0.979115835,0.977442163,0.991005774,0.985878118,-0.062960296,0.147995236,0.035444995,-0.180367849,-0.330668509,-0.248089595,0.192951646,0.148552301,0.983504436,0.982451288,0.974795139,0.979199822,0.98859967,0.98408707,0.979126738,0.973184819,0.983651376,0.983514721,0.981893605,0.984079115,0.982493229,0.981529456,0.982187648,0.98025158,0.979914091,0.9797211,0.976569856,0.974450202,0.969856783
industry_information,0.116195853,0.243834922,0.950092725,0.951638738,0.942887612,0.931663827,0.796312574,0.939055318,0.943433648,0.792620067,0.974080734,0.894531531,0.889102039,0.951344201,0.875694927,0.960021651,0.959527664,0.954929521,0.95382336,0.914944852,0.950018251,0.955533964,0.952922262,0.950092021,0.200792492,0.933774053,0.947334541,0.956582351,0.944865297,0.943532796,1,0.939755982,0.957665203,0.956860319,0.958479082,0.965090242,0.858400343,0.955533964,0.958445704,0.961805795,0.951201981,0.944799354,0.945873008,0.940736258,0.940822068,0.940692881,0.931441672,0.917140252,0.236300897,0.262859478,0.955533964,0.939500758,0.961372443,0.959475173,0.960021651,0.940910137,0.946915016,-0.135243845,0.105754609,-0.05642038,-0.262303244,-0.373045826,-0.259551473,0.278607459,0.25274876,0.933338357,0.957852677,0.949213059,0.904556968,0.932249886,0.951187503,0.927584367,0.982513997,0.93784715,0.931211437,0.930753923,0.935301746,0.942800142,0.959821183,0.95950569,0.95583356,0.951860612,0.952387866,0.947168024,0.950292538,0.958655423
industry_finance_and_insurance_real_estate_and_rental_and_leasing,0.17269779,0.316167607,0.98209035,0.98293057,0.946035751,0.986565487,0.869962888,0.948198142,0.917058197,0.86390167,0.964992921,0.963669585,0.96141182,0.96265176,0.971451533,0.988189684,0.987814791,0.983082387,0.989211536,0.947524584,0.961544244,0.986173185,0.987610469,0.988656692,0.238848706,0.974778962,0.974559956,0.981350036,0.983228169,0.949435319,0.939755982,1,0.980988596,0.985195787,0.987137165,0.986048426,0.929328086,0.986173185,0.96550792,0.953067028,0.957770695,0.962707114,0.968187204,0.976962845,0.985462153,0.990378851,0.983027752,0.943598095,0.281142686,0.302000808,0.986173185,0.97792924,0.987904832,0.987103991,0.988189684,0.960770358,0.978251124,-0.158449304,0.104223029,-0.076996572,-0.313409745,-0.40188691,-0.271393874,0.335611971,0.273656506,0.971533015,0.984277865,0.988297315,0.954529669,0.961368218,0.980534583,0.977274861,0.976693516,0.972228602,0.969451262,0.971507951,0.973198573,0.974727744,0.980592364,0.983167597,0.987061543,0.987244012,0.986869967,0.987444933,0.987507365,0.99049884
industry_professional_scientific_management_administrative_and_waste_management_services,0.163883823,0.327601365,0.975832339,0.975013554,0.927686117,0.989189401,0.860253518,0.980143597,0.913025186,0.874371131,0.96317187,0.971265515,0.969002314,0.970025524,0.959602805,0.984095809,0.998330861,0.973690646,0.975019223,0.934407011,0.94539953,0.981096274,0.983309978,0.98517229,0.223075856,0.962785506,0.981951852,0.960027656,0.971101912,0.93715705,0.957665203,0.980988596,1,0.980304797,0.977130675,0.9738322,0.914790707,0.981096274,0.95241113,0.942769026,0.942387435,0.946689271,0.952960821,0.962098789,0.973559863,0.987526399,0.994852512,0.979323819,0.342183267,0.359169598,0.981096274,0.971087571,0.98375359,0.982508147,0.984095809,0.949290528,0.968042007,-0.179974306,0.095768366,-0.099543387,-0.35211295,-0.458079947,-0.31167335,0.374306684,0.34585656,0.96093154,0.978560055,0.979256439,0.933572301,0.948638181,0.970743772,0.966129472,0.977996919,0.964296512,0.959689595,0.959825613,0.960004922,0.965489599,0.979701202,0.980628157,0.979197813,0.977944374,0.978692014,0.978061628,0.978795024,0.982967564
industry_educational_services_health_care_and_social_assistance,0.206611564,0.319177652,0.998754149,0.999012802,0.977751057,0.989493981,0.907368047,0.940001969,0.958579372,0.869858494,0.981946943,0.968469753,0.965699916,0.976123794,0.96979049,0.999239327,0.988558928,0.998563057,0.998016537,0.97917292,0.987265584,0.999574399,0.999289918,0.998578261,0.287591577,0.99350214,0.978407011,0.9904155,0.997454298,0.980925843,0.956860319,0.985195787,0.980304797,1,0.996191622,0.99696251,0.952964108,0.999574399,0.990041649,0.982895164,0.986797456,0.990055207,0.992892837,0.996200888,0.998014653,0.995318344,0.977284844,0.925892845,0.230087335,0.24907442,0.999574399,0.996562369,0.998565983,0.999411751,0.999239327,0.990322862,0.997440259,-0.113720634,0.138586374,-0.025571538,-0.268441203,-0.386900306,-0.271603083,0.274349735,0.231804904,0.993587544,0.999388824,0.997847985,0.981056423,0.989739012,0.997750678,0.99502388,0.989965064,0.995139053,0.992823737,0.992442503,0.994267227,0.996239252,0.998245647,0.999178186,0.998731554,0.998904576,0.999294581,0.998132928,0.997196467,0.997027168
industry_arts_entertainment_recreation_accommodation_and_food_services,0.183586262,0.297836804,0.995217825,0.995412109,0.977420033,0.983280947,0.900593578,0.930315428,0.949424768,0.847082935,0.978381383,0.955358126,0.952677687,0.96200939,0.967273121,0.996882382,0.985298208,0.998228193,0.99763838,0.972829861,0.983754753,0.996551465,0.996096475,0.995433132,0.272497395,0.989473904,0.975283538,0.990839831,0.995252248,0.974096449,0.958479082,0.987137165,0.977130675,0.996191622,1,0.997963786,0.941088426,0.996551465,0.989296809,0.980062535,0.985028441,0.988053435,0.991271962,0.993851519,0.995482595,0.991916696,0.971423273,0.919881649,0.213759067,0.235886141,0.996551465,0.989611681,0.997582029,0.996907245,0.996882382,0.985807952,0.993911137,-0.120388002,0.131215394,-0.03144717,-0.259429832,-0.367468207,-0.260261586,0.269211974,0.218890959,0.987051138,0.996465342,0.996490794,0.972386441,0.982423579,0.995144411,0.990147999,0.989130191,0.989173743,0.985396227,0.985716493,0.989831638,0.993850202,0.995678095,0.995450826,0.995796207,0.995714014,0.996408821,0.995824677,0.996473712,0.997787652
