,avg_household_size,level_up_access_pop_percent,sex_total_men,sex_total_women,race_hispanic_or_latino,race_not_hispanic_or_latino,race_american_indian_and_alaska_native,race_asian,race_black_or_african_american,race_native_hawaiian_and_other_pacific_islander,race_some_other_race,race_two_or_more,race_two_or_more_excluding_some_ther_and_three_or_more,race_two_or_more_including_some_other,race_white_alone,occupation_population_16_and_over_total,occupation_management_business_science_and_arts,occupation_service,occupation_sales_and_office,occupation_natural_resources_construction_and_maintenance,occupation_production_transporation_and_material_moving,hh_with_computer_and_internet_total,hh_with_computer,hh_with_bb_internet_subscription,industry_agriculture_forestry_fishing_and_hunting_and_mining,industry_construction,industry_manufacturing,industry_wholesale_trade,industry_retail_trade,industry_transportation_and_warehousing_and_utilities,industry_information,industry_finance_and_insurance_real_estate_and_rental_and_leasing,industry_professional_scientific_management_administrative_and_waste_management_services,industry_educational_services_health_care_and_social_assistance,industry_arts_entertainment_recreation_accommodation_and_food_services,industry_other_services_except_public_administration,industry_public_administration,hh_with_income_total,hh_with_income_less_than_10000,hh_with_income_10000-14999,hh_with_income_15000-24999,hh_with_income_25000-34999,hh_with_income_35000-49999,hh_with_income50000-74999,hh_with_income_75000-99999,hh_with_income_100000-149999,hh_with_income_150000-199999,hh_with_income_200000_and_greater,hh_median_income,hh_mean_income,family_structure_hh_total,family_structure_hh_with_one_or_more_under_18,family_structure_hh_with_none_under_18,employment_16_and_over_in_labor_force,employment_employed,employment_unemployed,employment_not_in_labor_force,employment_%_unemployment_rate,%_eduction_population_25_and_over_less_than_9th_grade,%_eduction_population_25_and_over_9th-12th_no_diploma,%_eduction_population_25_and_over_high_school_graduate,%_eduction_population_25_and_over_some_college_no_degree,%_eduction_population_25_and_over_associates_degree,%_eduction_population_25_and_over_bachelors_degree,%_eduction_population_25_and_over_graduate_or_professional_degree,disability_population_under_18,disability_population_18-64,disability_population_65_and_over,disability_under_18_with_disability,disability_18-64_with_disability,disability_64_and_over_with_disability,citizenship_native_born,citizenship_foreign_born,age_under_5,age_5-9,age_10-14,age_15-19,age_20-24,age_25-34,age_35-44,age_45-54,age_55-59,age_60-64,age_65-74,age_75-84,age_85_and_over
avg_household_size,1,0.274861104,-0.150340198,0.150340198,0.808489622,-0.808489622,0.026808866,0.156542938,0.214196372,-0.052515945,-0.132129568,-0.192600475,-0.204234452,0.140726807,-0.822908867,-0.019652526,-0.175211406,-0.338049057,0.056599266,0.312931201,0.513519516,-0.927114608,-0.861454259,-0.784522409,0.236719876,-0.13964922,0.314589138,0.435392854,0.231251594,0.23853705,-0.01232168,-0.021974311,-0.055874823,-0.222713527,-0.152652839,-0.18523752,-0.380620788,-0.927114608,-0.483427035,-0.507561767,-0.561612322,-0.561448688,-0.559721042,-0.635095661,-0.688875607,-0.305821353,-0.042705081,-0.047382672,0.10982773,0.096158279,-0.927114608,0.403046688,-0.89877307,0.067860518,-0.019652526,0.547823023,-0.513926148,0.255856199,0.733426038,0.424127387,-0.109881412,-0.424574101,-0.503837676,-0.118761908,-0.134034916,0.78534884,0.171455359,-0.66829743,0.433804774,-0.28887805,-0.560613505,-0.591652699,0.591652699,0.655837016,0.67604759,0.819486553,0.699172525,0.378148564,0.282022941,0.40678664,-0.156478241,-0.551007392,-0.656668033,-0.645281318,-0.692125124,-0.51830577
level_up_access_pop_percent,0.274861104,1,-0.373076632,0.373076632,0.327056372,-0.327056372,-0.412588162,0.475098029,0.323126125,0.132693341,0.265365293,0.28024437,0.25733735,0.521802629,-0.487700871,0.493732922,0.436663209,0.092385638,0.606958795,-0.282955417,0.132954658,-0.289648373,-0.035971843,0.051205184,-0.25844868,-0.069998497,0.484705976,0.639791302,0.520325286,-0.136250853,0.382990773,0.573422894,0.462179887,0.531410931,0.013499679,0.389276536,-0.47248106,-0.289648373,-0.251915025,-0.491516843,-0.54227407,-0.510390791,-0.526111868,-0.342388259,-0.148230329,0.100569634,0.411226548,0.436702121,0.447248922,0.444678119,-0.289648373,0.455081,-0.390950417,0.512574836,0.493732922,-0.056836646,-0.640718448,-0.438194282,0.254534337,-0.059551867,-0.523245315,-0.520542173,-0.310275536,0.413413297,0.343072501,0.321365389,0.525355468,-0.626487999,0.05886656,-0.461996968,-0.574431394,-0.57558276,0.57558276,0.388520187,0.327103173,0.243180431,0.136413486,0.434457472,0.511085205,0.399370323,0.455465089,-0.487180998,-0.49768648,-0.649700397,-0.62913396,-0.232779397
sex_total_men,-0.150340198,-0.373076632,1,-1,-0.082356913,0.082356913,0.230263511,-0.223227337,0.137294861,0.017601689,-0.21984089,-0.211255344,-0.212361258,-0.058221039,0.119666458,-0.473224049,-0.329159091,-0.045371405,-0.535946356,0.004402297,-0.2111145,-0.145521291,-0.264710422,-0.298485526,0.112981846,-0.20545403,-0.405108995,-0.4591099,-0.569849453,-0.173841199,-0.209651602,-0.40267225,-0.34033531,-0.512560056,-0.048500153,-0.522162712,0.726381323,-0.145521291,-0.022358475,0.125460878,0.074445251,0.09561624,0.026553308,0.100607806,-0.090840786,-0.190624717,-0.266674033,-0.254026514,-0.206470847,-0.228917265,-0.145521291,-0.350279324,-0.00267763,-0.519929183,-0.473224049,-0.122586705,0.561944987,0.18159372,-0.095787396,0.421940627,0.425001743,0.190592272,0.054813451,-0.35588418,-0.293116008,-0.234995971,-0.665999074,0.025760532,0.051016339,0.084557142,0.050428035,0.275772677,-0.275772677,-0.198522041,-0.281620123,-0.160575085,-0.212038021,0.103463375,0.254319702,0.129571851,-0.206530656,0.022181198,0.014174656,0.050135212,0.033829729,-0.110721007
sex_total_women,0.150340198,0.373076632,-1,1,0.082356913,-0.082356913,-0.230263511,0.223227337,-0.137294861,-0.017601689,0.21984089,0.211255344,0.212361258,0.058221039,-0.119666458,0.473224049,0.329159091,0.045371405,0.535946356,-0.004402297,0.2111145,0.145521291,0.264710422,0.298485526,-0.112981846,0.20545403,0.405108995,0.4591099,0.569849453,0.173841199,0.209651602,0.40267225,0.34033531,0.512560056,0.048500153,0.522162712,-0.726381323,0.145521291,0.022358475,-0.125460878,-0.074445251,-0.09561624,-0.026553308,-0.100607806,0.090840786,0.190624717,0.266674033,0.254026514,0.206470847,0.228917265,0.145521291,0.350279324,0.00267763,0.519929183,0.473224049,0.122586705,-0.561944987,-0.18159372,0.095787396,-0.421940627,-0.425001743,-0.190592272,-0.054813451,0.35588418,0.293116008,0.234995971,0.665999074,-0.025760532,-0.051016339,-0.084557142,-0.050428035,-0.275772677,0.275772677,0.198522041,0.281620123,0.160575085,0.212038021,-0.103463375,-0.254319702,-0.129571851,0.206530656,-0.022181198,-0.014174656,-0.050135212,-0.033829729,0.110721007
race_hispanic_or_latino,0.808489622,0.327056372,-0.082356913,0.082356913,1,-1,-0.300036474,0.012014339,0.182701072,-0.106697756,-0.112641146,-0.481616302,-0.493924438,0.045775599,-0.853149327,-0.034725126,-0.288791378,-0.265811499,-0.035831678,0.521569998,0.633088908,-0.78431339,-0.791798292,-0.769777262,0.508833326,-0.17367598,0.33027455,0.508830112,0.06079342,0.056403818,-0.195127391,-0.123173118,-0.204102216,-0.166735824,-0.176323544,-0.212487226,-0.333262928,-0.78431339,-0.302867611,-0.345977407,-0.33844612,-0.385225379,-0.371914582,-0.431130575,-0.512306538,-0.429467821,-0.230723892,-0.175568372,-0.070897769,-0.076287915,-0.78431339,0.583769319,-0.841593144,0.019336197,-0.034725126,0.346345782,-0.49699506,-0.195670092,0.929760831,0.592287674,-0.025861137,-0.43736945,-0.395754697,-0.30616292,-0.290382305,0.82923523,0.085659656,-0.75049614,0.362910327,-0.359901146,-0.572358278,-0.634766583,0.634766583,0.828887024,0.757464161,0.793661436,0.565844129,0.401307335,0.399238451,0.325701845,-0.04865717,-0.539921655,-0.754679443,-0.748298319,-0.692804795,-0.613565151
race_not_hispanic_or_latino,-0.808489622,-0.327056372,0.082356913,-0.082356913,-1,1,0.300036474,-0.012014339,-0.182701072,0.106697756,0.112641146,0.481616302,0.493924438,-0.045775599,0.853149327,0.034725126,0.288791378,0.265811499,0.035831678,-0.521569998,-0.633088908,0.78431339,0.791798292,0.769777262,-0.508833326,0.17367598,-0.33027455,-0.508830112,-0.06079342,-0.056403818,0.195127391,0.123173118,0.204102216,0.166735824,0.176323544,0.212487226,0.333262928,0.78431339,0.302867611,0.345977407,0.33844612,0.385225379,0.371914582,0.431130575,0.512306538,0.429467821,0.230723892,0.175568372,0.070897769,0.076287915,0.78431339,-0.583769319,0.841593144,-0.019336197,0.034725126,-0.346345782,0.49699506,0.195670092,-0.929760831,-0.592287674,0.025861137,0.43736945,0.395754697,0.30616292,0.290382305,-0.82923523,-0.085659656,0.75049614,-0.362910327,0.359901146,0.572358278,0.634766583,-0.634766583,-0.828887024,-0.757464161,-0.793661436,-0.565844129,-0.401307335,-0.399238451,-0.325701845,0.04865717,0.539921655,0.754679443,0.748298319,0.692804795,0.613565151
race_american_indian_and_alaska_native,0.026808866,-0.412588162,0.230263511,-0.230263511,-0.300036474,0.300036474,1,-0.266314529,-0.207687564,-0.156243265,-0.149979763,0.115061783,0.13576247,-0.334870986,0.225350341,-0.348516766,-0.235980479,-0.005904261,-0.312987856,-0.006840055,-0.296882055,0.015969828,-0.037244955,-0.090889946,-0.034160564,-0.136492257,-0.465674782,-0.506802434,0.015652786,0.189411091,-0.050589134,-0.347343274,-0.276811325,-0.310260705,0.078950895,-0.176759936,0.23347113,0.015969828,0.067838116,0.264507061,0.147826128,0.300809185,0.156752116,0.186303505,-0.206122593,-0.194400996,-0.226177224,-0.218320663,-0.223133288,-0.200907778,0.015969828,-0.503704599,0.18172695,-0.306410388,-0.348516766,0.38259203,0.369865804,0.882293989,-0.263594105,0.078714685,0.371600017,0.200276938,-0.25672043,-0.101859273,-0.106668055,-0.165617723,-0.301842216,0.379995438,0.187151403,0.426398039,0.400381847,0.417334477,-0.417334477,-0.332812918,-0.199220386,-0.110110141,0.184984969,-0.158529706,-0.299310809,-0.152131559,-0.53364336,0.043236197,0.404048022,0.4107313,0.24125096,0.358676358
race_asian,0.156542938,0.475098029,-0.223227337,0.223227337,0.012014339,-0.012014339,-0.266314529,1,0.462006281,0.468501162,0.276286611,0.387544364,0.356012282,0.718935183,-0.47954411,0.590718858,0.701151104,-0.080617762,0.442941531,-0.414290537,0.073600904,-0.149195694,0.041464424,0.157078728,-0.357807701,-0.124733761,0.556427298,0.443811865,0.212543233,0.177169755,0.765428096,0.602883663,0.777794961,0.380278684,-0.020375527,0.336968142,-0.330816311,-0.149195694,-0.286166865,-0.427006782,-0.510610727,-0.552488702,-0.613370877,-0.546902156,-0.274031194,0.303303043,0.654857188,0.703655893,0.714728581,0.700930318,-0.149195694,0.230597792,-0.200100231,0.602386681,0.590718858,-0.13522228,-0.548647568,-0.146634982,0.060628692,-0.264765318,-0.604868446,-0.692226411,-0.398687812,0.610936297,0.652662111,0.03007726,0.618089844,-0.420130468,-0.262671676,-0.512720311,-0.453203007,-0.731128064,0.731128064,0.130820478,0.003452281,0.005130101,-0.104539927,0.099627828,0.552707401,0.697613367,0.406998343,-0.295140754,-0.385291456,-0.455738063,-0.378187864,-0.147385293
race_black_or_african_american,0.214196372,0.323126125,0.137294861,-0.137294861,0.182701072,-0.182701072,-0.207687564,0.462006281,1,0.480426688,0.167682116,0.276095948,0.247752849,0.619414022,-0.492322025,0.062692846,0.101892687,-0.162228245,0.15350838,-0.243582276,0.248335412,-0.337273171,-0.248382237,-0.187466827,-0.245744438,-0.130122526,0.132690042,0.306150189,-0.025518335,0.264660554,0.202590129,0.21883438,0.193313458,0.104182092,-0.208485194,0.061055753,0.094225496,-0.337273171,-0.182983334,-0.30013541,-0.344486735,-0.330878218,-0.399920934,-0.325307661,-0.194247575,0.025294475,0.205218911,0.124427176,0.209173727,0.167739484,-0.337273171,0.282098298,-0.37230055,0.073399674,0.062692846,0.044174585,-0.197875263,-0.135486568,0.113207643,0.195127065,-0.06897356,-0.276863506,-0.18486205,0.077348806,0.059743268,0.195479856,0.089828078,-0.480055089,0.036207975,-0.267026152,-0.399592091,-0.385019175,0.385019175,0.277442052,0.171421243,0.157467491,-0.003616928,0.193223555,0.545074592,0.52885553,0.214958082,-0.351801797,-0.393864369,-0.472692896,-0.454062034,-0.367124223
race_native_hawaiian_and_other_pacific_islander,-0.052515945,0.132693341,0.017601689,-0.017601689,-0.106697756,0.106697756,-0.156243265,0.468501162,0.480426688,1,0.135144753,0.363818252,0.345874427,0.462289446,-0.177940758,0.143041687,0.194193319,-0.008420156,0.14929575,-0.281067871,0.1235563,0.016117705,0.085464425,0.091879482,-0.236274519,-0.068562545,0.158155242,0.147305984,-0.042416011,0.187292493,0.241464441,0.233496921,0.23983679,0.136398369,-0.101155143,0.098814662,0.089023857,0.016117705,-0.001573533,-0.119320419,-0.114578025,-0.124669194,-0.189078044,-0.139994419,-0.017358313,0.081722965,0.262269823,0.214747454,0.249863115,0.235840309,0.016117705,0.166776845,-0.042533101,0.138417565,0.143041687,-0.078789616,-0.100943427,-0.147630173,-0.096830879,-0.085505054,-0.070254197,-0.185463345,-0.124687329,0.194927669,0.169239989,-0.041445026,0.131951588,-0.15193574,-0.176919175,-0.165694778,-0.070426514,-0.267743818,0.267743818,0.059279206,-0.005712773,-0.134869766,-0.156578629,-0.042071121,0.229185463,0.329195508,0.283406328,-0.152488616,-0.026419041,-0.162842955,-0.116569705,-0.119126444
race_some_other_race,-0.132129568,0.265365293,-0.21984089,0.21984089,-0.112641146,0.112641146,-0.149979763,0.276286611,0.167682116,0.135144753,1,0.245662983,0.238399292,0.223645471,-0.035264898,0.477260952,0.521859747,0.321337101,0.290813132,-0.296501248,-0.187581986,0.148434619,0.27903041,0.342233345,-0.271857149,0.086999685,0.149473627,0.111238054,0.184449184,-0.090992833,0.385142628,0.536753835,0.449818102,0.306313471,0.31166835,0.328148611,-0.185112741,0.148434619,-0.1381943,-0.196685039,-0.264128649,-0.274759956,-0.213275676,-0.056880963,0.138796615,0.220866201,0.398922574,0.50694253,0.418289387,0.462292004,0.148434619,0.023957665,0.114284161,0.459550644,0.477260952,-0.276987148,-0.330961706,-0.185905677,-0.093285063,-0.305192983,-0.437670471,-0.304481208,-0.221068317,0.469724898,0.442220732,-0.128982545,0.307186244,-0.079381992,-0.131974164,-0.279326456,-0.252092334,-0.236325911,0.236325911,-0.13525034,-0.099173113,-0.096569674,-0.30309359,-0.089966676,0.141733706,0.199972732,0.480541687,0.006478169,0.043616527,-0.064297095,-0.095965158,-0.084769315
race_two_or_more,-0.192600475,0.28024437,-0.211255344,0.211255344,-0.481616302,0.481616302,0.115061783,0.387544364,0.276095948,0.363818252,0.245662983,1,0.998729832,0.394245278,0.145811617,0.1715835,0.355440337,0.072813404,0.303677401,-0.557604177,-0.286713249,0.18400382,0.37052922,0.435028023,-0.492854022,-0.156077903,0.012203053,0.062843406,0.40620763,-0.081922053,0.374119713,0.360401667,0.365971968,0.350927827,-0.005239636,0.218309092,-0.053588039,0.18400382,0.051508696,-0.100010507,-0.093742261,-0.130426391,-0.146805094,-0.001578438,0.084699206,0.158149223,0.382823394,0.31838232,0.281442665,0.285647627,0.18400382,0.051247397,0.13445846,0.189124649,0.1715835,0.0481975,-0.067091888,0.115960049,-0.425880298,-0.341911981,-0.310684231,-0.012622459,-0.004950208,0.424195231,0.380473322,-0.204665147,0.27444255,0.020026503,0.137362721,0.173900626,0.01337918,0.050772476,-0.050772476,-0.175514946,-0.167987914,-0.251217081,-0.070981167,0.102153991,0.082209188,0.086101805,0.137906694,-0.168830653,0.165392335,0.034574916,-0.099020871,0.220060203
race_two_or_more_excluding_some_ther_and_three_or_more,-0.204234452,0.25733735,-0.212361258,0.212361258,-0.493924438,0.493924438,0.13576247,0.356012282,0.247752849,0.345874427,0.238399292,0.998729832,1,0.347439755,0.170879794,0.159799339,0.340424621,0.087878001,0.292057477,-0.54741631,-0.299383061,0.201671645,0.383070111,0.442949255,-0.484930097,-0.149895305,-0.00946109,0.035078401,0.408059892,-0.085514653,0.358866593,0.343261328,0.348343858,0.338506724,0.008127587,0.210345991,-0.048037852,0.201671645,0.064206954,-0.078421584,-0.071828243,-0.108624038,-0.120553689,0.022559302,0.103083267,0.152252853,0.365386704,0.300904801,0.26091212,0.266695214,0.201671645,0.031296803,0.155692377,0.177636266,0.159799339,0.054161962,-0.049842728,0.131440857,-0.437799294,-0.347088215,-0.297062707,0.012314043,0.00589221,0.414584127,0.368093108,-0.217647656,0.263663121,0.048250247,0.145261758,0.199029279,0.039038776,0.078546642,-0.078546642,-0.191472895,-0.179977233,-0.263575428,-0.071487041,0.090840567,0.052663953,0.055091722,0.121323049,-0.149903253,0.193308419,0.064509861,-0.075856478,0.238042108
race_two_or_more_including_some_other,0.140726807,0.521802629,-0.058221039,0.058221039,0.045775599,-0.045775599,-0.334870986,0.718935183,0.619414022,0.462289446,0.223645471,0.394245278,0.347439755,1,-0.403120742,0.278606804,0.405773652,-0.247749578,0.324628387,-0.392735224,0.124696607,-0.253970531,-0.091242883,0.016950964,-0.327414925,-0.170683929,0.399669044,0.529736554,0.116950667,0.035127344,0.41703526,0.446366523,0.457330194,0.356774991,-0.245754308,0.226251853,-0.121117365,-0.253970531,-0.212494727,-0.430880499,-0.434484015,-0.446060011,-0.533285775,-0.440843374,-0.303884026,0.16623192,0.460091994,0.436924017,0.478901848,0.451678046,-0.253970531,0.382903442,-0.337399093,0.279721131,0.278606804,-0.090903099,-0.339510494,-0.239330258,0.059360315,-0.032464709,-0.363736418,-0.459510491,-0.199596006,0.332710262,0.366992898,0.160846263,0.298449854,-0.507352459,-0.093101308,-0.393800574,-0.463050648,-0.487743287,0.487743287,0.225933479,0.156341215,0.132187522,-0.017112739,0.244257066,0.569393093,0.597555493,0.353649731,-0.407873591,-0.447798849,-0.533165131,-0.459248877,-0.246319427
race_white_alone,-0.822908867,-0.487700871,0.119666458,-0.119666458,-0.853149327,0.853149327,0.225350341,-0.47954411,-0.492322025,-0.177940758,-0.035264898,0.145811617,0.170879794,-0.403120742,1,-0.176220836,-0.03036972,0.293055896,-0.139957193,-0.223484607,-0.570176838,0.808900387,0.719456118,0.647629595,-0.234906187,0.264074339,-0.469856441,-0.605526313,-0.168831562,-0.196154251,-0.192146874,-0.137354857,-0.145855692,0.009082509,0.183797017,0.058727466,0.387408176,0.808900387,0.40706308,0.497170705,0.553517055,0.585603177,0.637185151,0.635927566,0.64064903,0.283329598,-0.082389557,-0.138812823,-0.247602267,-0.235418573,0.808900387,-0.580488068,0.860753351,-0.240455078,-0.176220836,-0.335183468,0.649537534,0.091910435,-0.809877953,-0.446305999,0.24089393,0.69603279,0.604888686,-0.001947013,-0.026964396,-0.749967982,-0.314330663,0.859063394,-0.26484387,0.495434785,0.696095831,0.864017766,-0.864017766,-0.775896578,-0.666867498,-0.708034933,-0.495196319,-0.410073953,-0.627572478,-0.648357746,-0.074863591,0.669932634,0.819487338,0.864292599,0.817922995,0.595534697
occupation_population_16_and_over_total,-0.019652526,0.493732922,-0.473224049,0.473224049,-0.034725126,0.034725126,-0.348516766,0.590718858,0.062692846,0.143041687,0.477260952,0.1715835,0.159799339,0.278606804,-0.176220836,1,0.86752392,0.408930091,0.799360861,-0.207490598,0.034603054,0.11136194,0.347695393,0.485501924,-0.289273226,0.321494794,0.564534641,0.423012367,0.522836237,0.151099856,0.64753059,0.79192603,0.780514732,0.552285246,0.500372948,0.530428088,-0.496253338,0.11136194,-0.438203684,-0.478325924,-0.536671517,-0.545147522,-0.382171053,-0.258733767,0.187028484,0.618076132,0.731342778,0.726981378,0.742354784,0.738003885,0.11136194,0.030521664,0.081541664,0.989141881,1,-0.418114363,-0.769779034,-0.26406124,-0.029600372,-0.685144643,-0.805725192,-0.530463259,-0.24754621,0.822498636,0.711153618,-0.15950008,0.853538295,-0.222285453,-0.48545617,-0.66323507,-0.519960698,-0.54001244,0.54001244,-0.153506352,-0.160485124,-0.119511849,-0.164408779,0.132633363,0.238726074,0.366749255,0.526517812,0.049970199,-0.198562584,-0.242993951,-0.194188058,-0.087290551
occupation_management_business_science_and_arts,-0.175211406,0.436663209,-0.329159091,0.329159091,-0.288791378,0.288791378,-0.235980479,0.701151104,0.101892687,0.194193319,0.521859747,0.355440337,0.340424621,0.405773652,-0.03036972,0.86752392,1,0.254190763,0.682136255,-0.550838628,-0.331807124,0.208508849,0.456590814,0.60567253,-0.497473235,0.100963288,0.407773338,0.290591409,0.359397394,0.011626177,0.825220102,0.856010624,0.924039055,0.609354036,0.342182843,0.600178896,-0.353348447,0.208508849,-0.322225108,-0.457313565,-0.521026294,-0.507477513,-0.49662516,-0.322671895,0.106473791,0.649696246,0.857286158,0.904885655,0.855531453,0.865072166,0.208508849,-0.124922338,0.213605815,0.844144266,0.86752392,-0.449011914,-0.523716445,-0.156939961,-0.278738429,-0.749169688,-0.847386097,-0.574355822,-0.277045385,0.949687643,0.916010323,-0.374860561,0.711935926,-0.073793697,-0.556531556,-0.611423554,-0.355442045,-0.439887722,0.439887722,-0.341161404,-0.365722515,-0.332564797,-0.280786161,0.054387381,0.235059685,0.393720754,0.556352683,0.030912625,-0.041323676,-0.102966658,-0.077018785,0.135279645
occupation_service,-0.338049057,0.092385638,-0.045371405,0.045371405,-0.265811499,0.265811499,-0.005904261,-0.080617762,-0.162228245,-0.008420156,0.321337101,0.072813404,0.087878001,-0.247749578,0.293055896,0.408930091,0.254190763,1,0.251930903,-0.222680154,-0.249548052,0.347690765,0.406251052,0.36888674,-0.227534357,0.202973986,-0.086273936,-0.300934302,0.245633099,-0.142599957,0.031935949,0.18976164,0.108190556,0.14584806,0.844075977,0.04496203,0.029308323,0.347690765,0.104320275,0.064772728,0.059989035,0.062324472,0.229660796,0.442196711,0.563666954,0.138218435,0.020128823,0.012914458,-0.00497518,-0.014230694,0.347690765,-0.360429802,0.407098317,0.390103403,0.408930091,-0.259903481,-0.097863004,-0.148030556,-0.307626526,-0.332610093,-0.079805424,0.192348134,0.009361188,0.24462645,0.084669345,-0.433763257,0.293650602,0.179506076,-0.263080508,-0.030773161,0.013156158,0.12969514,-0.12969514,-0.440859608,-0.402050065,-0.401544014,-0.381878087,0.088901319,0.02956058,-0.250766359,0.1974308,0.275374332,0.28107668,0.194783289,0.179441227,-0.021050153
occupation_sales_and_office,0.056599266,0.606958795,-0.535946356,0.535946356,-0.035831678,0.035831678,-0.312987856,0.442941531,0.15350838,0.14929575,0.290813132,0.303677401,0.292057477,0.324628387,-0.139957193,0.799360861,0.682136255,0.251930903,1,-0.374829905,0.05348003,0.030266008,0.312396097,0.44196143,-0.49576301,0.312984198,0.525049076,0.554123677,0.724896171,0.153210496,0.543516933,0.81619373,0.654321592,0.549501707,0.295062937,0.579846878,-0.505244952,0.030266008,-0.477767368,-0.531533486,-0.539299408,-0.483672243,-0.368514333,-0.226217892,0.175507177,0.580219712,0.690040531,0.577248602,0.64026631,0.613862976,0.030266008,0.120588923,-0.015418543,0.806814725,0.799360861,-0.234502328,-0.665392104,-0.252383439,-0.112027469,-0.633461902,-0.692214983,-0.322729194,-0.09894213,0.735160887,0.528512066,-0.063774605,0.69018913,-0.20170772,-0.274993096,-0.534661812,-0.399653985,-0.38746075,0.38746075,-0.070888384,-0.062469167,-0.06570602,-0.088079135,0.097028992,0.151116368,0.267765764,0.576845646,-0.082690595,-0.134011157,-0.225826345,-0.20547165,0.041269252
occupation_natural_resources_construction_and_maintenance,0.312931201,-0.282955417,0.004402297,-0.004402297,0.521569998,-0.521569998,-0.006840055,-0.414290537,-0.243582276,-0.281067871,-0.296501248,-0.557604177,-0.54741631,-0.392735224,-0.223484607,-0.207490598,-0.550838628,-0.222680154,-0.374829905,1,0.539793498,-0.24251961,-0.428330038,-0.473179373,0.841274404,0.188630089,0.001760342,0.017926387,-0.217092952,0.134429868,-0.540885503,-0.53564651,-0.549579928,-0.40704939,-0.104258734,-0.373511086,-0.04168632,-0.24251961,-0.084514404,0.153956444,0.173150209,0.144247062,0.302557506,0.063723787,-0.10691878,-0.28294898,-0.489516007,-0.492133094,-0.417117949,-0.41430823,-0.24251961,0.270014721,-0.290185078,-0.200299716,-0.207490598,0.117276495,-0.109482216,0.024556196,0.622935292,0.408204351,0.311892228,0.089848625,0.111452553,-0.569185315,-0.536203664,0.507260898,-0.180439516,-0.146945791,0.23658039,0.086212011,-0.104432269,-0.027661698,0.027661698,0.447701623,0.492853986,0.511427365,0.357664852,0.004577185,-0.155971736,-0.114545683,-0.422684971,0.060228841,-0.272029383,-0.12707109,-0.101901009,-0.308879515
occupation_production_transporation_and_material_moving,0.513519516,0.132954658,-0.2111145,0.2111145,0.633088908,-0.633088908,-0.296882055,0.073600904,0.248335412,0.1235563,-0.187581986,-0.286713249,-0.299383061,0.124696607,-0.570176838,0.034603054,-0.331807124,-0.249548052,0.05348003,0.539793498,1,-0.431114528,-0.465006783,-0.473202672,0.30411147,0.232984683,0.478629004,0.487916397,0.182570932,0.468317505,-0.24101463,-0.18970599,-0.225707834,-0.12726546,-0.225612429,-0.160792933,-0.275103718,-0.431114528,-0.183247509,-0.05145156,-0.076938856,-0.200626399,-0.030363992,-0.23326999,-0.262201299,-0.194602234,-0.207943302,-0.286062742,-0.167672645,-0.191454827,-0.431114528,0.558171905,-0.54201076,0.08425574,0.034603054,0.294761502,-0.43272383,-0.174479555,0.601905387,0.397988887,0.146521928,-0.107037075,-0.08198478,-0.359348319,-0.371289686,0.648895065,0.212477896,-0.51616338,0.298058141,-0.071955333,-0.392034821,-0.398021512,0.398021512,0.641044063,0.587742665,0.620305119,0.417124903,0.18410017,0.177362332,0.254485681,-0.096348564,-0.209455018,-0.551405892,-0.511878885,-0.429655445,-0.557243038
hh_with_computer_and_internet_total,-0.927114608,-0.289648373,-0.145521291,0.145521291,-0.78431339,0.78431339,0.015969828,-0.149195694,-0.337273171,0.016117705,0.148434619,0.18400382,0.201671645,-0.253970531,0.808900387,0.11136194,0.208508849,0.347690765,0.030266008,-0.24251961,-0.431114528,1,0.93266831,0.846718909,-0.226181739,0.237964615,-0.265611114,-0.394849976,-0.08869832,-0.084770344,0.047297302,0.05655633,0.106264062,0.281915885,0.184118101,0.280164389,0.180030889,1,0.516417287,0.572587832,0.614691313,0.610195798,0.639432182,0.619664449,0.700132829,0.333509682,0.050579408,0.063236562,-0.117885229,-0.089855079,1,-0.379200137,0.9508461,0.049796061,0.11136194,-0.419631518,0.383297126,-0.194621339,-0.707785476,-0.531138464,0.055686328,0.426361079,0.476374027,0.170900054,0.164639292,-0.718394343,-0.005671259,0.756196366,-0.44447724,0.33863004,0.635977321,0.556945714,-0.556945714,-0.620532158,-0.595360774,-0.77548662,-0.639041139,-0.516771395,-0.445271857,-0.492548488,0.110303649,0.620069417,0.722929877,0.725857533,0.777968682,0.589835215
hh_with_computer,-0.861454259,-0.035971843,-0.264710422,0.264710422,-0.791798292,0.791798292,-0.037244955,0.041464424,-0.248382237,0.085464425,0.27903041,0.37052922,0.383070111,-0.091242883,0.719456118,0.347695393,0.456590814,0.406251052,0.312396097,-0.428330038,-0.465006783,0.93266831,1,0.968499637,-0.429796744,0.258206454,-0.085502157,-0.240179693,0.148613439,-0.072849138,0.25890455,0.328020132,0.345333048,0.466688115,0.261647126,0.429667113,0.037551035,0.93266831,0.316979283,0.335776213,0.342610336,0.357774434,0.415616744,0.485459885,0.697738085,0.510704638,0.322393873,0.309519577,0.154942161,0.174902153,0.93266831,-0.317747288,0.874802892,0.291836389,0.347695393,-0.467309796,0.169473249,-0.218414249,-0.746133544,-0.705983409,-0.213426266,0.258121182,0.364111821,0.444903589,0.403154174,-0.721937763,0.200733958,0.628997811,-0.467020679,0.139698982,0.441254285,0.40467645,-0.40467645,-0.633029879,-0.616664605,-0.767940172,-0.594915837,-0.391544972,-0.351138799,-0.350400556,0.285299502,0.500382134,0.648247045,0.595853812,0.62966134,0.592591083
hh_with_bb_internet_subscription,-0.784522409,0.051205184,-0.298485526,0.298485526,-0.769777262,0.769777262,-0.090889946,0.157078728,-0.187466827,0.091879482,0.342233345,0.435028023,0.442949255,0.016950964,0.647629595,0.485501924,0.60567253,0.36888674,0.44196143,-0.473179373,-0.473202672,0.846718909,0.968499637,1,-0.496282822,0.302415956,0.024871281,-0.114896079,0.21753788,-0.049668055,0.373242555,0.466835708,0.489605349,0.552228409,0.264883743,0.504961763,-0.026477797,0.846718909,0.141462184,0.15183403,0.152714963,0.177649454,0.24496913,0.336102874,0.662032565,0.651131094,0.496919116,0.46468885,0.341864286,0.357462856,0.846718909,-0.303475924,0.799209393,0.431348432,0.485501924,-0.505137905,0.041699934,-0.202848883,-0.731448526,-0.813980609,-0.391719058,0.136759997,0.333726235,0.591204742,0.554739922,-0.717363144,0.307236388,0.553522057,-0.519532775,-0.013456821,0.290510438,0.291034306,-0.291034306,-0.645789068,-0.622766008,-0.73632115,-0.557748754,-0.327313786,-0.300504893,-0.238403181,0.349347204,0.477145371,0.557581231,0.521386374,0.54422721,0.57589695
industry_agriculture_forestry_fishing_and_hunting_and_mining,0.236719876,-0.25844868,0.112981846,-0.112981846,0.508833326,-0.508833326,-0.034160564,-0.357807701,-0.245744438,-0.236274519,-0.271857149,-0.492854022,-0.484930097,-0.327414925,-0.234906187,-0.289273226,-0.497473235,-0.227534357,-0.49576301,0.841274404,0.30411147,-0.226181739,-0.429796744,-0.496282822,1,-0.289426659,-0.094208188,0.028090452,-0.292527952,-0.209107355,-0.492674425,-0.475429573,-0.536426723,-0.448786598,-0.083789433,-0.330140043,-0.096526776,-0.226181739,0.135615837,0.094330287,0.260117787,0.212237561,0.222667476,0.158058112,-0.142633377,-0.53586759,-0.523748637,-0.440181674,-0.42452198,-0.408928668,-0.226181739,0.330461216,-0.296952486,-0.29217269,-0.289273226,0.083612939,-0.014021041,-0.05154697,0.681987068,0.493355904,0.301380007,-0.07523321,-0.00034538,-0.514707369,-0.512366642,0.479120071,-0.241994783,-0.192540293,0.267072682,0.088579278,-0.008422443,-0.088817992,0.088817992,0.452705703,0.489216044,0.446655481,0.303682009,0.063202758,0.016461321,-0.161165718,-0.291992372,-0.187296903,-0.232016313,-0.185363766,-0.154787598,-0.251307368
industry_construction,-0.13964922,-0.069998497,-0.20545403,0.20545403,-0.17367598,0.17367598,-0.136492257,-0.124733761,-0.130122526,-0.068562545,0.086999685,-0.156077903,-0.149895305,-0.170683929,0.264074339,0.321494794,0.100963288,0.202973986,0.312984198,0.188630089,0.232984683,0.237964615,0.258206454,0.302415956,-0.289426659,1,0.121128885,-0.07866571,0.109188147,0.480622889,-0.075822853,0.037351686,0.069515934,0.178378743,0.166610422,0.029300841,0.102986622,0.237964615,-0.321804911,0.102358256,-0.07883381,-0.046331232,0.24625355,0.032206896,0.336352563,0.626229832,0.159470504,-0.002016979,0.0781523,0.047039794,0.237964615,-0.270072584,0.286451383,0.296615751,0.321494794,-0.266623819,-0.129674821,-0.095492726,-0.279541859,-0.401749297,-0.061357889,0.348840405,0.39673488,0.0490797,0.042064333,-0.20946379,0.183012952,0.245723891,-0.333499053,-0.100301867,-0.07888664,0.191065402,-0.191065402,-0.261802872,-0.201502088,-0.126222361,-0.184765017,-0.191446295,-0.373860841,-0.064426529,-0.006715669,0.653740346,0.106452893,0.262760979,0.279936903,-0.030357725
industry_manufacturing,0.314589138,0.484705976,-0.405108995,0.405108995,0.33027455,-0.33027455,-0.465674782,0.556427298,0.132690042,0.158155242,0.149473627,0.012203053,-0.00946109,0.399669044,-0.469856441,0.564534641,0.407773338,-0.086273936,0.525049076,0.001760342,0.478629004,-0.265611114,-0.085502157,0.024871281,-0.094208188,0.121128885,1,0.690150883,0.379909811,0.016438314,0.38386249,0.415897192,0.46264463,0.285667534,-0.067738634,0.321137772,-0.590808,-0.265611114,-0.411962692,-0.511600488,-0.494497069,-0.572700023,-0.480218919,-0.460397061,-0.123345528,0.25731585,0.524214324,0.452440357,0.564778317,0.528996227,-0.265611114,0.507319022,-0.388626931,0.579797787,0.564534641,-0.103808661,-0.65831028,-0.31019924,0.31545523,-0.218049802,-0.521759911,-0.493544659,-0.19267857,0.374132323,0.351311819,0.288257172,0.561560751,-0.449545086,-0.033732141,-0.449908308,-0.490906185,-0.650775721,0.650775721,0.308076496,0.23643729,0.286418918,0.174186672,0.143185819,0.236842349,0.413848372,0.469139223,-0.26285672,-0.395123484,-0.468249276,-0.405776838,-0.25486658
industry_wholesale_trade,0.435392854,0.639791302,-0.4591099,0.4591099,0.508830112,-0.508830112,-0.506802434,0.443811865,0.306150189,0.147305984,0.111238054,0.062843406,0.035078401,0.529736554,-0.605526313,0.423012367,0.290591409,-0.300934302,0.554123677,0.017926387,0.487916397,-0.394849976,-0.240179693,-0.114896079,0.028090452,-0.07866571,0.690150883,1,0.436913185,0.001886146,0.257045421,0.462682022,0.352076215,0.386223658,-0.268518965,0.439164816,-0.613228777,-0.394849976,-0.321806731,-0.580811771,-0.461727853,-0.473085737,-0.535484319,-0.462635042,-0.25038663,0.070671312,0.388969114,0.33365013,0.409469218,0.396774522,-0.394849976,0.688572906,-0.555770528,0.461256559,0.423012367,0.087913236,-0.695838548,-0.359933859,0.509288811,-0.03914197,-0.479994687,-0.592373139,-0.206534712,0.282744976,0.230711944,0.521443313,0.51473633,-0.625499006,0.059607465,-0.489866317,-0.559896434,-0.666625945,0.666625945,0.546516569,0.520508517,0.449158159,0.35235246,0.268215151,0.37312303,0.405701405,0.397642934,-0.515141415,-0.570384442,-0.651163601,-0.592657246,-0.291519608
industry_retail_trade,0.231251594,0.520325286,-0.569849453,0.569849453,0.06079342,-0.06079342,0.015652786,0.212543233,-0.025518335,-0.042416011,0.184449184,0.40620763,0.408059892,0.116950667,-0.168831562,0.522836237,0.359397394,0.245633099,0.724896171,-0.217092952,0.182570932,-0.08869832,0.148613439,0.21753788,-0.292527952,0.109188147,0.379909811,0.436913185,1,0.126350101,0.319855678,0.489101002,0.340624988,0.370786971,0.26359824,0.390874342,-0.62746635,-0.08869832,-0.246670365,-0.316591382,-0.329539011,-0.352111913,-0.233741567,-0.057823683,0.00380253,0.143779604,0.352751908,0.267467572,0.308475285,0.289893744,-0.08869832,0.210792497,-0.143625798,0.589969795,0.522836237,0.231442553,-0.599995434,0.026748741,0.013655095,-0.363218333,-0.4116271,-0.183875441,-0.245229316,0.468050387,0.251710063,0.165219714,0.635199011,-0.249165825,0.212156278,-0.126691552,-0.268184949,-0.239276603,0.239276603,0.090229475,0.138225487,0.150576422,0.243797497,0.254545337,0.093183486,0.070328108,0.252917598,-0.33854281,-0.081633912,-0.244591828,-0.330694749,0.003738436
industry_transportation_and_warehousing_and_utilities,0.23853705,-0.136250853,-0.173841199,0.173841199,0.056403818,-0.056403818,0.189411091,0.177169755,0.264660554,0.187292493,-0.090992833,-0.081922053,-0.085514653,0.035127344,-0.196154251,0.151099856,0.011626177,-0.142599957,0.153210496,0.134429868,0.468317505,-0.084770344,-0.072849138,-0.049668055,-0.209107355,0.480622889,0.016438314,0.001886146,0.126350101,1,0.095376604,-0.014126535,0.077936759,-0.004393959,-0.034792519,-0.010756576,-0.016772618,-0.084770344,-0.319718141,0.05292286,-0.146200082,-0.105742539,-0.006469731,-0.232687041,-0.104958348,0.296032168,0.072444806,0.008930265,0.072848195,0.070830528,-0.084770344,-0.134637104,-0.024788632,0.189016886,0.151099856,0.181332167,-0.191920223,0.302583154,-0.036664712,-0.065453838,0.053155999,-0.010777466,-0.072936216,0.009474637,0.043289974,0.068217031,0.211540434,0.030107958,-0.13420705,-0.092034374,-0.113799863,-0.118259882,0.118259882,0.009496235,0.032969333,0.098162726,0.13301429,-0.15429022,-0.129939218,0.229346671,-0.244020583,0.224757818,-0.094603059,0.029284181,0.060111505,-0.038059266
industry_information,-0.01232168,0.382990773,-0.209651602,0.209651602,-0.195127391,0.195127391,-0.050589134,0.765428096,0.202590129,0.241464441,0.385142628,0.374119713,0.358866593,0.41703526,-0.192146874,0.64753059,0.825220102,0.031935949,0.543516933,-0.540885503,-0.24101463,0.047297302,0.25890455,0.373242555,-0.492674425,-0.075822853,0.38386249,0.257045421,0.319855678,0.095376604,1,0.715929125,0.905989831,0.372851216,0.109152688,0.503608655,-0.372707897,0.047297302,-0.290440129,-0.375918789,-0.487840735,-0.486122813,-0.559621947,-0.493054052,-0.188989261,0.420527382,0.76682832,0.868024353,0.798089064,0.825546093,0.047297302,-0.099790925,0.072366137,0.656472198,0.64753059,-0.172014119,-0.424533416,0.058068652,-0.163056918,-0.502923066,-0.689968699,-0.614726899,-0.44440967,0.802894867,0.7937141,-0.264800525,0.576157506,-0.116713287,-0.354300364,-0.419910776,-0.257632342,-0.500650934,0.500650934,-0.198853627,-0.282388934,-0.264228272,-0.228689499,-0.032573774,0.337033007,0.542765202,0.432766427,-0.151430867,-0.067685843,-0.144968459,-0.147713921,0.166378932
industry_finance_and_insurance_real_estate_and_rental_and_leasing,-0.021974311,0.573422894,-0.40267225,0.40267225,-0.123173118,0.123173118,-0.347343274,0.602883663,0.21883438,0.233496921,0.536753835,0.360401667,0.343261328,0.446366523,-0.137354857,0.79192603,0.856010624,0.18976164,0.81619373,-0.53564651,-0.18970599,0.05655633,0.328020132,0.466835708,-0.475429573,0.037351686,0.415897192,0.462682022,0.489101002,-0.014126535,0.715929125,1,0.832146806,0.506519232,0.26704291,0.611490438,-0.443192953,0.05655633,-0.368822192,-0.562730386,-0.569080353,-0.560457625,-0.552755554,-0.353219344,0.087961997,0.530013013,0.806174513,0.822045341,0.795117196,0.806300621,0.05655633,0.11586914,0.007822717,0.778853837,0.79192603,-0.358765875,-0.605806493,-0.254700657,-0.142076299,-0.608980185,-0.798986256,-0.529826689,-0.25662477,0.871692018,0.714852711,-0.131630713,0.638956801,-0.22397764,-0.34069253,-0.587446976,-0.419692413,-0.472718413,0.472718413,-0.130498401,-0.123610185,-0.113671346,-0.222003567,0.048857587,0.27476558,0.389492956,0.716121254,-0.135143479,-0.139524428,-0.255009309,-0.223149516,0.038623066
industry_professional_scientific_management_administrative_and_waste_management_services,-0.055874823,0.462179887,-0.34033531,0.34033531,-0.204102216,0.204102216,-0.276811325,0.777794961,0.193313458,0.23983679,0.449818102,0.365971968,0.348343858,0.457330194,-0.145855692,0.780514732,0.924039055,0.108190556,0.654321592,-0.549579928,-0.225707834,0.106264062,0.345333048,0.489605349,-0.536426723,0.069515934,0.46264463,0.352076215,0.340624988,0.077936759,0.905989831,0.832146806,1,0.499061002,0.157206799,0.552831063,-0.404513618,0.106264062,-0.330345075,-0.448702985,-0.541486179,-0.566051728,-0.563450375,-0.515353631,-0.032635057,0.590985335,0.874505777,0.92838596,0.868330912,0.887995949,0.106264062,-0.03112831,0.097972948,0.776623124,0.780514732,-0.298014599,-0.52246221,-0.124560917,-0.196047583,-0.631410184,-0.827034914,-0.611900642,-0.325505027,0.884722648,0.881653456,-0.281017941,0.68184167,-0.118381181,-0.472279121,-0.53092068,-0.347730208,-0.524460551,0.524460551,-0.207711535,-0.299228561,-0.261626852,-0.273760145,-0.018915623,0.280692068,0.500672537,0.541261272,-0.032880777,-0.105745031,-0.152433985,-0.114487621,0.111446207
industry_educational_services_health_care_and_social_assistance,-0.222713527,0.531410931,-0.512560056,0.512560056,-0.166735824,0.166735824,-0.310260705,0.380278684,0.104182092,0.136398369,0.306313471,0.350927827,0.338506724,0.356774991,0.009082509,0.552285246,0.609354036,0.14584806,0.549501707,-0.40704939,-0.12726546,0.281915885,0.466688115,0.552228409,-0.448786598,0.178378743,0.285667534,0.386223658,0.370786971,-0.004393959,0.372851216,0.506519232,0.499061002,1,-0.054625111,0.648849219,-0.268225423,0.281915885,0.023825363,-0.083642999,-0.177416327,-0.159620843,-0.196169078,-0.137505248,0.105010864,0.434805567,0.488984043,0.487705721,0.400727746,0.419165424,0.281915885,0.077072551,0.206489907,0.546600366,0.552285246,-0.228990521,-0.365265933,-0.374482523,-0.234404092,-0.533077197,-0.594096761,-0.274971747,-0.010153889,0.568195152,0.627164805,-0.188908315,0.591733551,-0.097759838,-0.339019169,-0.322297099,-0.203964187,-0.197788276,0.197788276,-0.056671366,-0.134914433,-0.265040366,0.029199867,0.245054589,0.062998071,0.1182789,0.240585366,-0.024974631,-0.06915541,-0.137266267,-0.085793869,0.17844995
